  0.0000000E+00  0.0000000E+00
  0.5000000E-04  0.1041332E+00
  0.1000000E-03  0.2081621E+00
  0.1500000E-03  0.3119517E+00
  0.2000000E-03  0.4152543E+00
  0.2500000E-03  0.5177374E+00
  0.3000000E-03  0.6190101E+00
  0.3500000E-03  0.7186537E+00
  0.4000000E-03  0.8162469E+00
  0.4500000E-03  0.9113891E+00
  0.5000000E-03  0.1003717E+01
  0.5500000E-03  0.1092918E+01
  0.6000000E-03  0.1178733E+01
  0.6500000E-03  0.1260962E+01
  0.7000000E-03  0.1339462E+01
  0.7500000E-03  0.1414142E+01
  0.8000000E-03  0.1484960E+01
  0.8500000E-03  0.1551912E+01
  0.9000000E-03  0.1615026E+01
  0.9500000E-03  0.1674359E+01
  0.1000000E-02  0.1729987E+01
  0.1050000E-02  0.1782007E+01
  0.1100000E-02  0.1830527E+01
  0.1150000E-02  0.1875669E+01
  0.1200000E-02  0.1917566E+01
  0.1250000E-02  0.1956362E+01
  0.1300000E-02  0.1992211E+01
  0.1350000E-02  0.2025274E+01
  0.1400000E-02  0.2055723E+01
  0.1450000E-02  0.2083734E+01
  0.1500000E-02  0.2109490E+01
  0.1550000E-02  0.2133178E+01
  0.1600000E-02  0.2154982E+01
  0.1650000E-02  0.2175085E+01
  0.1700000E-02  0.2193662E+01
  0.1750000E-02  0.2210882E+01
  0.1800000E-02  0.2226901E+01
  0.1850000E-02  0.2241868E+01
  0.1900000E-02  0.2255915E+01
  0.1950000E-02  0.2269160E+01
  0.2000000E-02  0.2281707E+01
  0.2050000E-02  0.2293649E+01
  0.2100000E-02  0.2305069E+01
  0.2150000E-02  0.2316037E+01
  0.2200000E-02  0.2326616E+01
  0.2250000E-02  0.2336860E+01
  0.2300000E-02  0.2346812E+01
  0.2350000E-02  0.2356513E+01
  0.2400000E-02  0.2365992E+01
  0.2450000E-02  0.2375280E+01
  0.2500000E-02  0.2384399E+01
  0.2550000E-02  0.2393365E+01
  0.2600000E-02  0.2402191E+01
  0.2650000E-02  0.2410885E+01
  0.2700000E-02  0.2419454E+01
  0.2750000E-02  0.2427902E+01
  0.2800000E-02  0.2436233E+01
  0.2850000E-02  0.2444451E+01
  0.2900000E-02  0.2452557E+01
  0.2950000E-02  0.2460555E+01
  0.3000000E-02  0.2468446E+01
  0.3050000E-02  0.2476234E+01
  0.3100000E-02  0.2483922E+01
  0.3150000E-02  0.2491511E+01
  0.3200000E-02  0.2499001E+01
  0.3250000E-02  0.2506385E+01
  0.3300000E-02  0.2513659E+01
  0.3350000E-02  0.2520822E+01
  0.3400000E-02  0.2527873E+01
  0.3450000E-02  0.2534814E+01
  0.3500000E-02  0.2541650E+01
  0.3550000E-02  0.2548384E+01
  0.3600000E-02  0.2555020E+01
  0.3650000E-02  0.2561563E+01
  0.3700000E-02  0.2568013E+01
  0.3750000E-02  0.2574372E+01
  0.3800000E-02  0.2580641E+01
  0.3850000E-02  0.2586819E+01
  0.3900000E-02  0.2592909E+01
  0.3950000E-02  0.2598911E+01
  0.4000000E-02  0.2604826E+01
  0.4050000E-02  0.2610654E+01
  0.4100000E-02  0.2616396E+01
  0.4150000E-02  0.2622055E+01
  0.4200000E-02  0.2627634E+01
  0.4250000E-02  0.2633136E+01
  0.4300000E-02  0.2638563E+01
  0.4350000E-02  0.2643917E+01
  0.4400000E-02  0.2649197E+01
  0.4450000E-02  0.2654404E+01
  0.4500000E-02  0.2659541E+01
  0.4550000E-02  0.2664610E+01
  0.4600000E-02  0.2669614E+01
  0.4650000E-02  0.2674556E+01
  0.4700000E-02  0.2679437E+01
  0.4750000E-02  0.2684258E+01
  0.4800000E-02  0.2689019E+01
  0.4850000E-02  0.2693724E+01
  0.4900000E-02  0.2698372E+01
  0.4950000E-02  0.2702962E+01
  0.5000000E-02  0.2707492E+01
  0.5050000E-02  0.2711960E+01
  0.5100000E-02  0.2716365E+01
  0.5150000E-02  0.2720707E+01
  0.5200000E-02  0.2724987E+01
  0.5250000E-02  0.2729208E+01
  0.5300000E-02  0.2733372E+01
  0.5350000E-02  0.2737482E+01
  0.5400000E-02  0.2741540E+01
  0.5450000E-02  0.2745547E+01
  0.5500000E-02  0.2749507E+01
  0.5550000E-02  0.2753420E+01
  0.5600000E-02  0.2757288E+01
  0.5650000E-02  0.2761111E+01
  0.5700000E-02  0.2764889E+01
  0.5750000E-02  0.2768624E+01
  0.5800000E-02  0.2772318E+01
  0.5850000E-02  0.2775972E+01
  0.5900000E-02  0.2779589E+01
  0.5950000E-02  0.2783169E+01
  0.6000000E-02  0.2786713E+01
  0.6050000E-02  0.2790221E+01
  0.6100000E-02  0.2793693E+01
  0.6150000E-02  0.2797131E+01
  0.6200000E-02  0.2800536E+01
  0.6250000E-02  0.2803909E+01
  0.6300000E-02  0.2807250E+01
  0.6350000E-02  0.2810558E+01
  0.6400000E-02  0.2813836E+01
  0.6450000E-02  0.2817084E+01
  0.6500000E-02  0.2820304E+01
  0.6550000E-02  0.2823495E+01
  0.6600000E-02  0.2826659E+01
  0.6650000E-02  0.2829797E+01
  0.6700000E-02  0.2832909E+01
  0.6750000E-02  0.2835997E+01
  0.6800000E-02  0.2839060E+01
  0.6850000E-02  0.2842098E+01
  0.6900000E-02  0.2845112E+01
  0.6950000E-02  0.2848102E+01
  0.7000000E-02  0.2851068E+01
  0.7050000E-02  0.2854011E+01
  0.7100000E-02  0.2856932E+01
  0.7150000E-02  0.2859833E+01
  0.7200000E-02  0.2862717E+01
  0.7250000E-02  0.2865585E+01
  0.7300000E-02  0.2868438E+01
  0.7350000E-02  0.2871277E+01
  0.7400000E-02  0.2874101E+01
  0.7450000E-02  0.2876909E+01
  0.7500000E-02  0.2879700E+01
  0.7550000E-02  0.2882472E+01
  0.7600000E-02  0.2885227E+01
  0.7650000E-02  0.2887966E+01
  0.7700000E-02  0.2890689E+01
  0.7750000E-02  0.2893395E+01
  0.7800000E-02  0.2896082E+01
  0.7850000E-02  0.2898750E+01
  0.7900000E-02  0.2901400E+01
  0.7950000E-02  0.2904031E+01
  0.8000000E-02  0.2906641E+01
  0.8050000E-02  0.2909232E+01
  0.8100000E-02  0.2911802E+01
  0.8150000E-02  0.2914353E+01
  0.8200000E-02  0.2916882E+01
  0.8250000E-02  0.2919390E+01
  0.8300000E-02  0.2921875E+01
  0.8350000E-02  0.2924338E+01
  0.8400000E-02  0.2926780E+01
  0.8450000E-02  0.2929200E+01
  0.8500000E-02  0.2931599E+01
  0.8550000E-02  0.2933977E+01
  0.8600000E-02  0.2936333E+01
  0.8650000E-02  0.2938666E+01
  0.8700000E-02  0.2940976E+01
  0.8750000E-02  0.2943264E+01
  0.8800000E-02  0.2945533E+01
  0.8850000E-02  0.2947782E+01
  0.8900000E-02  0.2950012E+01
  0.8950000E-02  0.2952224E+01
  0.9000000E-02  0.2954418E+01
  0.9050000E-02  0.2956595E+01
  0.9100000E-02  0.2958755E+01
  0.9150000E-02  0.2960900E+01
  0.9200000E-02  0.2963030E+01
  0.9250000E-02  0.2965145E+01
  0.9300000E-02  0.2967245E+01
  0.9350000E-02  0.2969330E+01
  0.9400000E-02  0.2971399E+01
  0.9450000E-02  0.2973451E+01
  0.9500000E-02  0.2975487E+01
  0.9550000E-02  0.2977509E+01
  0.9600000E-02  0.2979518E+01
  0.9650000E-02  0.2981517E+01
  0.9700000E-02  0.2983504E+01
  0.9750000E-02  0.2985482E+01
  0.9800000E-02  0.2987450E+01
  0.9850000E-02  0.2989408E+01
  0.9900000E-02  0.2991356E+01
  0.9950000E-02  0.2993292E+01
  0.1000000E-01  0.2995214E+01
  0.1005000E-01  0.2997123E+01
  0.1010000E-01  0.2999017E+01
  0.1015000E-01  0.3000897E+01
  0.1020000E-01  0.3002764E+01
  0.1025000E-01  0.3004616E+01
  0.1030000E-01  0.3006455E+01
  0.1035000E-01  0.3008279E+01
  0.1040000E-01  0.3010089E+01
  0.1045000E-01  0.3011886E+01
  0.1050000E-01  0.3013674E+01
  0.1055000E-01  0.3015453E+01
  0.1060000E-01  0.3017226E+01
  0.1065000E-01  0.3018992E+01
  0.1070000E-01  0.3020752E+01
  0.1075000E-01  0.3022504E+01
  0.1080000E-01  0.3024251E+01
  0.1085000E-01  0.3025990E+01
  0.1090000E-01  0.3027722E+01
  0.1095000E-01  0.3029448E+01
  0.1100000E-01  0.3031166E+01
  0.1105000E-01  0.3032878E+01
  0.1110000E-01  0.3034581E+01
  0.1115000E-01  0.3036277E+01
  0.1120000E-01  0.3037966E+01
  0.1125000E-01  0.3039647E+01
  0.1130000E-01  0.3041318E+01
  0.1135000E-01  0.3042980E+01
  0.1140000E-01  0.3044634E+01
  0.1145000E-01  0.3046278E+01
  0.1150000E-01  0.3047914E+01
  0.1155000E-01  0.3049541E+01
  0.1160000E-01  0.3051159E+01
  0.1165000E-01  0.3052769E+01
  0.1170000E-01  0.3054371E+01
  0.1175000E-01  0.3055966E+01
  0.1180000E-01  0.3057554E+01
  0.1185000E-01  0.3059135E+01
  0.1190000E-01  0.3060709E+01
  0.1195000E-01  0.3062278E+01
  0.1200000E-01  0.3063841E+01
  0.1205000E-01  0.3065400E+01
  0.1210000E-01  0.3066955E+01
  0.1215000E-01  0.3068504E+01
  0.1220000E-01  0.3070047E+01
  0.1225000E-01  0.3071585E+01
  0.1230000E-01  0.3073116E+01
  0.1235000E-01  0.3074640E+01
  0.1240000E-01  0.3076159E+01
  0.1245000E-01  0.3077673E+01
  0.1250000E-01  0.3079180E+01
  0.1255000E-01  0.3080682E+01
  0.1260000E-01  0.3082178E+01
  0.1265000E-01  0.3083668E+01
  0.1270000E-01  0.3085151E+01
  0.1275000E-01  0.3086628E+01
  0.1280000E-01  0.3088099E+01
  0.1285000E-01  0.3089564E+01
  0.1290000E-01  0.3091022E+01
  0.1295000E-01  0.3092474E+01
  0.1300000E-01  0.3093918E+01
  0.1305000E-01  0.3095356E+01
  0.1310000E-01  0.3096787E+01
  0.1315000E-01  0.3098212E+01
  0.1320000E-01  0.3099631E+01
  0.1325000E-01  0.3101044E+01
  0.1330000E-01  0.3102450E+01
  0.1335000E-01  0.3103850E+01
  0.1340000E-01  0.3105245E+01
  0.1345000E-01  0.3106633E+01
  0.1350000E-01  0.3108017E+01
  0.1355000E-01  0.3109394E+01
  0.1360000E-01  0.3110766E+01
  0.1365000E-01  0.3112133E+01
  0.1370000E-01  0.3113496E+01
  0.1375000E-01  0.3114854E+01
  0.1380000E-01  0.3116209E+01
  0.1385000E-01  0.3117562E+01
  0.1390000E-01  0.3118914E+01
  0.1395000E-01  0.3120265E+01
  0.1400000E-01  0.3121615E+01
  0.1405000E-01  0.3122963E+01
  0.1410000E-01  0.3124307E+01
  0.1415000E-01  0.3125648E+01
  0.1420000E-01  0.3126985E+01
  0.1425000E-01  0.3128317E+01
  0.1430000E-01  0.3129645E+01
  0.1435000E-01  0.3130968E+01
  0.1440000E-01  0.3132286E+01
  0.1445000E-01  0.3133600E+01
  0.1450000E-01  0.3134909E+01
  0.1455000E-01  0.3136213E+01
  0.1460000E-01  0.3137513E+01
  0.1465000E-01  0.3138808E+01
  0.1470000E-01  0.3140100E+01
  0.1475000E-01  0.3141387E+01
  0.1480000E-01  0.3142671E+01
  0.1485000E-01  0.3143950E+01
  0.1490000E-01  0.3145225E+01
  0.1495000E-01  0.3146494E+01
  0.1500000E-01  0.3147757E+01
  0.1505000E-01  0.3149014E+01
  0.1510000E-01  0.3150265E+01
  0.1515000E-01  0.3151508E+01
  0.1520000E-01  0.3152745E+01
  0.1525000E-01  0.3153977E+01
  0.1530000E-01  0.3155205E+01
  0.1535000E-01  0.3156430E+01
  0.1540000E-01  0.3157652E+01
  0.1545000E-01  0.3158872E+01
  0.1550000E-01  0.3160088E+01
  0.1555000E-01  0.3161301E+01
  0.1560000E-01  0.3162512E+01
  0.1565000E-01  0.3163719E+01
  0.1570000E-01  0.3164921E+01
  0.1575000E-01  0.3166117E+01
  0.1580000E-01  0.3167306E+01
  0.1585000E-01  0.3168489E+01
  0.1590000E-01  0.3169664E+01
  0.1595000E-01  0.3170832E+01
  0.1600000E-01  0.3171993E+01
  0.1605000E-01  0.3173147E+01
  0.1610000E-01  0.3174296E+01
  0.1615000E-01  0.3175439E+01
  0.1620000E-01  0.3176576E+01
  0.1625000E-01  0.3177708E+01
  0.1630000E-01  0.3178833E+01
  0.1635000E-01  0.3179951E+01
  0.1640000E-01  0.3181062E+01
  0.1645000E-01  0.3182165E+01
  0.1650000E-01  0.3183261E+01
  0.1655000E-01  0.3184350E+01
  0.1660000E-01  0.3185432E+01
  0.1665000E-01  0.3186509E+01
  0.1670000E-01  0.3187580E+01
  0.1675000E-01  0.3188646E+01
  0.1680000E-01  0.3189708E+01
  0.1685000E-01  0.3190765E+01
  0.1690000E-01  0.3191821E+01
  0.1695000E-01  0.3192874E+01
  0.1700000E-01  0.3193926E+01
  0.1705000E-01  0.3194977E+01
  0.1710000E-01  0.3196025E+01
  0.1715000E-01  0.3197070E+01
  0.1720000E-01  0.3198111E+01
  0.1725000E-01  0.3199148E+01
  0.1730000E-01  0.3200179E+01
  0.1735000E-01  0.3201206E+01
  0.1740000E-01  0.3202227E+01
  0.1745000E-01  0.3203244E+01
  0.1750000E-01  0.3204256E+01
  0.1755000E-01  0.3205263E+01
  0.1760000E-01  0.3206266E+01
  0.1765000E-01  0.3207264E+01
  0.1770000E-01  0.3208258E+01
  0.1775000E-01  0.3209248E+01
  0.1780000E-01  0.3210235E+01
  0.1785000E-01  0.3211218E+01
  0.1790000E-01  0.3212199E+01
  0.1795000E-01  0.3213178E+01
  0.1800000E-01  0.3214155E+01
  0.1805000E-01  0.3215130E+01
  0.1810000E-01  0.3216104E+01
  0.1815000E-01  0.3217075E+01
  0.1820000E-01  0.3218043E+01
  0.1825000E-01  0.3219007E+01
  0.1830000E-01  0.3219966E+01
  0.1835000E-01  0.3220921E+01
  0.1840000E-01  0.3221870E+01
  0.1845000E-01  0.3222815E+01
  0.1850000E-01  0.3223754E+01
  0.1855000E-01  0.3224687E+01
  0.1860000E-01  0.3225614E+01
  0.1865000E-01  0.3226535E+01
  0.1870000E-01  0.3227449E+01
  0.1875000E-01  0.3228356E+01
  0.1880000E-01  0.3229257E+01
  0.1885000E-01  0.3230153E+01
  0.1890000E-01  0.3231044E+01
  0.1895000E-01  0.3231932E+01
  0.1900000E-01  0.3232816E+01
  0.1905000E-01  0.3233697E+01
  0.1910000E-01  0.3234574E+01
  0.1915000E-01  0.3235448E+01
  0.1920000E-01  0.3236319E+01
  0.1925000E-01  0.3237187E+01
  0.1930000E-01  0.3238053E+01
  0.1935000E-01  0.3238918E+01
  0.1940000E-01  0.3239782E+01
  0.1945000E-01  0.3240644E+01
  0.1950000E-01  0.3241505E+01
  0.1955000E-01  0.3242366E+01
  0.1960000E-01  0.3243226E+01
  0.1965000E-01  0.3244085E+01
  0.1970000E-01  0.3244943E+01
  0.1975000E-01  0.3245800E+01
  0.1980000E-01  0.3246657E+01
  0.1985000E-01  0.3247511E+01
  0.1990000E-01  0.3248363E+01
  0.1995000E-01  0.3249213E+01
  0.2000000E-01  0.3250059E+01
  0.2005000E-01  0.3250901E+01
  0.2010000E-01  0.3251739E+01
  0.2015000E-01  0.3252571E+01
  0.2020000E-01  0.3253398E+01
  0.2025000E-01  0.3254221E+01
  0.2030000E-01  0.3255040E+01
  0.2035000E-01  0.3255857E+01
  0.2040000E-01  0.3256672E+01
  0.2045000E-01  0.3257485E+01
  0.2050000E-01  0.3258298E+01
  0.2055000E-01  0.3259111E+01
  0.2060000E-01  0.3259923E+01
  0.2065000E-01  0.3260736E+01
  0.2070000E-01  0.3261548E+01
  0.2075000E-01  0.3262362E+01
  0.2080000E-01  0.3263176E+01
  0.2085000E-01  0.3263989E+01
  0.2090000E-01  0.3264802E+01
  0.2095000E-01  0.3265615E+01
  0.2100000E-01  0.3266426E+01
  0.2105000E-01  0.3267237E+01
  0.2110000E-01  0.3268047E+01
  0.2115000E-01  0.3268854E+01
  0.2120000E-01  0.3269658E+01
  0.2125000E-01  0.3270460E+01
  0.2130000E-01  0.3271260E+01
  0.2135000E-01  0.3272057E+01
  0.2140000E-01  0.3272853E+01
  0.2145000E-01  0.3273647E+01
  0.2150000E-01  0.3274440E+01
  0.2155000E-01  0.3275232E+01
  0.2160000E-01  0.3276023E+01
  0.2165000E-01  0.3276812E+01
  0.2170000E-01  0.3277599E+01
  0.2175000E-01  0.3278383E+01
  0.2180000E-01  0.3279165E+01
  0.2185000E-01  0.3279944E+01
  0.2190000E-01  0.3280719E+01
  0.2195000E-01  0.3281492E+01
  0.2200000E-01  0.3282260E+01
  0.2205000E-01  0.3283025E+01
  0.2210000E-01  0.3283786E+01
  0.2215000E-01  0.3284543E+01
  0.2220000E-01  0.3285297E+01
  0.2225000E-01  0.3286048E+01
  0.2230000E-01  0.3286796E+01
  0.2235000E-01  0.3287541E+01
  0.2240000E-01  0.3288284E+01
  0.2245000E-01  0.3289024E+01
  0.2250000E-01  0.3289764E+01
  0.2255000E-01  0.3290502E+01
  0.2260000E-01  0.3291240E+01
  0.2265000E-01  0.3291976E+01
  0.2270000E-01  0.3292712E+01
  0.2275000E-01  0.3293446E+01
  0.2280000E-01  0.3294178E+01
  0.2285000E-01  0.3294909E+01
  0.2290000E-01  0.3295637E+01
  0.2295000E-01  0.3296364E+01
  0.2300000E-01  0.3297089E+01
  0.2305000E-01  0.3297812E+01
  0.2310000E-01  0.3298533E+01
  0.2315000E-01  0.3299254E+01
  0.2320000E-01  0.3299972E+01
  0.2325000E-01  0.3300690E+01
  0.2330000E-01  0.3301407E+01
  0.2335000E-01  0.3302124E+01
  0.2340000E-01  0.3302840E+01
  0.2345000E-01  0.3303557E+01
  0.2350000E-01  0.3304272E+01
  0.2355000E-01  0.3304985E+01
  0.2360000E-01  0.3305696E+01
  0.2365000E-01  0.3306404E+01
  0.2370000E-01  0.3307109E+01
  0.2375000E-01  0.3307812E+01
  0.2380000E-01  0.3308512E+01
  0.2385000E-01  0.3309211E+01
  0.2390000E-01  0.3309907E+01
  0.2395000E-01  0.3310602E+01
  0.2400000E-01  0.3311295E+01
  0.2405000E-01  0.3311986E+01
  0.2410000E-01  0.3312677E+01
  0.2415000E-01  0.3313365E+01
  0.2420000E-01  0.3314052E+01
  0.2425000E-01  0.3314737E+01
  0.2430000E-01  0.3315420E+01
  0.2435000E-01  0.3316099E+01
  0.2440000E-01  0.3316776E+01
  0.2445000E-01  0.3317449E+01
  0.2450000E-01  0.3318119E+01
  0.2455000E-01  0.3318784E+01
  0.2460000E-01  0.3319446E+01
  0.2465000E-01  0.3320104E+01
  0.2470000E-01  0.3320759E+01
  0.2475000E-01  0.3321411E+01
  0.2480000E-01  0.3322060E+01
  0.2485000E-01  0.3322706E+01
  0.2490000E-01  0.3323350E+01
  0.2495000E-01  0.3323991E+01
  0.2500000E-01  0.3324629E+01
  0.2505000E-01  0.3325264E+01
  0.2510000E-01  0.3325896E+01
  0.2515000E-01  0.3326525E+01
  0.2520000E-01  0.3327150E+01
  0.2525000E-01  0.3327772E+01
  0.2530000E-01  0.3328392E+01
  0.2535000E-01  0.3329008E+01
  0.2540000E-01  0.3329622E+01
  0.2545000E-01  0.3330233E+01
  0.2550000E-01  0.3330840E+01
  0.2555000E-01  0.3331443E+01
  0.2560000E-01  0.3332042E+01
  0.2565000E-01  0.3332637E+01
  0.2570000E-01  0.3333227E+01
  0.2575000E-01  0.3333814E+01
  0.2580000E-01  0.3334396E+01
  0.2585000E-01  0.3334975E+01
  0.2590000E-01  0.3335550E+01
  0.2595000E-01  0.3336123E+01
  0.2600000E-01  0.3336693E+01
  0.2605000E-01  0.3337261E+01
  0.2610000E-01  0.3337826E+01
  0.2615000E-01  0.3338389E+01
  0.2620000E-01  0.3338951E+01
  0.2625000E-01  0.3339511E+01
  0.2630000E-01  0.3340072E+01
  0.2635000E-01  0.3340633E+01
  0.2640000E-01  0.3341195E+01
  0.2645000E-01  0.3341758E+01
  0.2650000E-01  0.3342321E+01
  0.2655000E-01  0.3342884E+01
  0.2660000E-01  0.3343447E+01
  0.2665000E-01  0.3344009E+01
  0.2670000E-01  0.3344569E+01
  0.2675000E-01  0.3345128E+01
  0.2680000E-01  0.3345686E+01
  0.2685000E-01  0.3346242E+01
  0.2690000E-01  0.3346796E+01
  0.2695000E-01  0.3347348E+01
  0.2700000E-01  0.3347900E+01
  0.2705000E-01  0.3348451E+01
  0.2710000E-01  0.3349001E+01
  0.2715000E-01  0.3349552E+01
  0.2720000E-01  0.3350103E+01
  0.2725000E-01  0.3350652E+01
  0.2730000E-01  0.3351200E+01
  0.2735000E-01  0.3351745E+01
  0.2740000E-01  0.3352288E+01
  0.2745000E-01  0.3352828E+01
  0.2750000E-01  0.3353366E+01
  0.2755000E-01  0.3353902E+01
  0.2760000E-01  0.3354437E+01
  0.2765000E-01  0.3354969E+01
  0.2770000E-01  0.3355500E+01
  0.2775000E-01  0.3356030E+01
  0.2780000E-01  0.3356559E+01
  0.2785000E-01  0.3357087E+01
  0.2790000E-01  0.3357614E+01
  0.2795000E-01  0.3358139E+01
  0.2800000E-01  0.3358663E+01
  0.2805000E-01  0.3359185E+01
  0.2810000E-01  0.3359705E+01
  0.2815000E-01  0.3360223E+01
  0.2820000E-01  0.3360738E+01
  0.2825000E-01  0.3361252E+01
  0.2830000E-01  0.3361764E+01
  0.2835000E-01  0.3362276E+01
  0.2840000E-01  0.3362788E+01
  0.2845000E-01  0.3363299E+01
  0.2850000E-01  0.3363811E+01
  0.2855000E-01  0.3364321E+01
  0.2860000E-01  0.3364831E+01
  0.2865000E-01  0.3365338E+01
  0.2870000E-01  0.3365845E+01
  0.2875000E-01  0.3366349E+01
  0.2880000E-01  0.3366852E+01
  0.2885000E-01  0.3367355E+01
  0.2890000E-01  0.3367856E+01
  0.2895000E-01  0.3368358E+01
  0.2900000E-01  0.3368859E+01
  0.2905000E-01  0.3369360E+01
  0.2910000E-01  0.3369861E+01
  0.2915000E-01  0.3370361E+01
  0.2920000E-01  0.3370862E+01
  0.2925000E-01  0.3371363E+01
  0.2930000E-01  0.3371865E+01
  0.2935000E-01  0.3372368E+01
  0.2940000E-01  0.3372872E+01
  0.2945000E-01  0.3373379E+01
  0.2950000E-01  0.3373887E+01
  0.2955000E-01  0.3374396E+01
  0.2960000E-01  0.3374907E+01
  0.2965000E-01  0.3375420E+01
  0.2970000E-01  0.3375933E+01
  0.2975000E-01  0.3376447E+01
  0.2980000E-01  0.3376961E+01
  0.2985000E-01  0.3377476E+01
  0.2990000E-01  0.3377991E+01
  0.2995000E-01  0.3378505E+01
  0.3000000E-01  0.3379018E+01
  0.3005000E-01  0.3379531E+01
  0.3010000E-01  0.3380042E+01
  0.3015000E-01  0.3380553E+01
  0.3020000E-01  0.3381063E+01
  0.3025000E-01  0.3381572E+01
  0.3030000E-01  0.3382081E+01
  0.3035000E-01  0.3382591E+01
  0.3040000E-01  0.3383100E+01
  0.3045000E-01  0.3383611E+01
  0.3050000E-01  0.3384122E+01
  0.3055000E-01  0.3384634E+01
  0.3060000E-01  0.3385148E+01
  0.3065000E-01  0.3385663E+01
  0.3070000E-01  0.3386180E+01
  0.3075000E-01  0.3386698E+01
  0.3080000E-01  0.3387218E+01
  0.3085000E-01  0.3387738E+01
  0.3090000E-01  0.3388258E+01
  0.3095000E-01  0.3388778E+01
  0.3100000E-01  0.3389298E+01
  0.3105000E-01  0.3389816E+01
  0.3110000E-01  0.3390334E+01
  0.3115000E-01  0.3390850E+01
  0.3120000E-01  0.3391365E+01
  0.3125000E-01  0.3391877E+01
  0.3130000E-01  0.3392387E+01
  0.3135000E-01  0.3392894E+01
  0.3140000E-01  0.3393398E+01
  0.3145000E-01  0.3393899E+01
  0.3150000E-01  0.3394397E+01
  0.3155000E-01  0.3394892E+01
  0.3160000E-01  0.3395385E+01
  0.3165000E-01  0.3395874E+01
  0.3170000E-01  0.3396361E+01
  0.3175000E-01  0.3396844E+01
  0.3180000E-01  0.3397325E+01
  0.3185000E-01  0.3397803E+01
  0.3190000E-01  0.3398278E+01
  0.3195000E-01  0.3398751E+01
  0.3200000E-01  0.3399222E+01
  0.3205000E-01  0.3399692E+01
  0.3210000E-01  0.3400161E+01
  0.3215000E-01  0.3400629E+01
  0.3220000E-01  0.3401097E+01
  0.3225000E-01  0.3401563E+01
  0.3230000E-01  0.3402030E+01
  0.3235000E-01  0.3402496E+01
  0.3240000E-01  0.3402961E+01
  0.3245000E-01  0.3403426E+01
  0.3250000E-01  0.3403890E+01
  0.3255000E-01  0.3404352E+01
  0.3260000E-01  0.3404814E+01
  0.3265000E-01  0.3405274E+01
  0.3270000E-01  0.3405733E+01
  0.3275000E-01  0.3406191E+01
  0.3280000E-01  0.3406646E+01
  0.3285000E-01  0.3407100E+01
  0.3290000E-01  0.3407551E+01
  0.3295000E-01  0.3408000E+01
  0.3300000E-01  0.3408447E+01
  0.3305000E-01  0.3408891E+01
  0.3310000E-01  0.3409334E+01
  0.3315000E-01  0.3409776E+01
  0.3320000E-01  0.3410217E+01
  0.3325000E-01  0.3410658E+01
  0.3330000E-01  0.3411100E+01
  0.3335000E-01  0.3411541E+01
  0.3340000E-01  0.3411982E+01
  0.3345000E-01  0.3412423E+01
  0.3350000E-01  0.3412864E+01
  0.3355000E-01  0.3413304E+01
  0.3360000E-01  0.3413745E+01
  0.3365000E-01  0.3414185E+01
  0.3370000E-01  0.3414625E+01
  0.3375000E-01  0.3415066E+01
  0.3380000E-01  0.3415507E+01
  0.3385000E-01  0.3415949E+01
  0.3390000E-01  0.3416391E+01
  0.3395000E-01  0.3416833E+01
  0.3400000E-01  0.3417276E+01
  0.3405000E-01  0.3417718E+01
  0.3410000E-01  0.3418161E+01
  0.3415000E-01  0.3418603E+01
  0.3420000E-01  0.3419045E+01
  0.3425000E-01  0.3419487E+01
  0.3430000E-01  0.3419929E+01
  0.3435000E-01  0.3420371E+01
  0.3440000E-01  0.3420812E+01
  0.3445000E-01  0.3421251E+01
  0.3450000E-01  0.3421690E+01
  0.3455000E-01  0.3422127E+01
  0.3460000E-01  0.3422562E+01
  0.3465000E-01  0.3422994E+01
  0.3470000E-01  0.3423423E+01
  0.3475000E-01  0.3423850E+01
  0.3480000E-01  0.3424273E+01
  0.3485000E-01  0.3424693E+01
  0.3490000E-01  0.3425110E+01
  0.3495000E-01  0.3425524E+01
  0.3500000E-01  0.3425934E+01
  0.3505000E-01  0.3426342E+01
  0.3510000E-01  0.3426747E+01
  0.3515000E-01  0.3427149E+01
  0.3520000E-01  0.3427549E+01
  0.3525000E-01  0.3427947E+01
  0.3530000E-01  0.3428343E+01
  0.3535000E-01  0.3428738E+01
  0.3540000E-01  0.3429131E+01
  0.3545000E-01  0.3429522E+01
  0.3550000E-01  0.3429912E+01
  0.3555000E-01  0.3430301E+01
  0.3560000E-01  0.3430688E+01
  0.3565000E-01  0.3431073E+01
  0.3570000E-01  0.3431458E+01
  0.3575000E-01  0.3431841E+01
  0.3580000E-01  0.3432222E+01
  0.3585000E-01  0.3432602E+01
  0.3590000E-01  0.3432979E+01
  0.3595000E-01  0.3433354E+01
  0.3600000E-01  0.3433726E+01
  0.3605000E-01  0.3434097E+01
  0.3610000E-01  0.3434466E+01
  0.3615000E-01  0.3434833E+01
  0.3620000E-01  0.3435198E+01
  0.3625000E-01  0.3435562E+01
  0.3630000E-01  0.3435926E+01
  0.3635000E-01  0.3436288E+01
  0.3640000E-01  0.3436651E+01
  0.3645000E-01  0.3437013E+01
  0.3650000E-01  0.3437375E+01
  0.3655000E-01  0.3437738E+01
  0.3660000E-01  0.3438101E+01
  0.3665000E-01  0.3438465E+01
  0.3670000E-01  0.3438829E+01
  0.3675000E-01  0.3439195E+01
  0.3680000E-01  0.3439561E+01
  0.3685000E-01  0.3439927E+01
  0.3690000E-01  0.3440294E+01
  0.3695000E-01  0.3440661E+01
  0.3700000E-01  0.3441029E+01
  0.3705000E-01  0.3441398E+01
  0.3710000E-01  0.3441768E+01
  0.3715000E-01  0.3442138E+01
  0.3720000E-01  0.3442509E+01
  0.3725000E-01  0.3442879E+01
  0.3730000E-01  0.3443250E+01
  0.3735000E-01  0.3443621E+01
  0.3740000E-01  0.3443993E+01
  0.3745000E-01  0.3444365E+01
  0.3750000E-01  0.3444737E+01
  0.3755000E-01  0.3445108E+01
  0.3760000E-01  0.3445480E+01
  0.3765000E-01  0.3445852E+01
  0.3770000E-01  0.3446224E+01
  0.3775000E-01  0.3446596E+01
  0.3780000E-01  0.3446968E+01
  0.3785000E-01  0.3447341E+01
  0.3790000E-01  0.3447715E+01
  0.3795000E-01  0.3448089E+01
  0.3800000E-01  0.3448463E+01
  0.3805000E-01  0.3448839E+01
  0.3810000E-01  0.3449214E+01
  0.3815000E-01  0.3449590E+01
  0.3820000E-01  0.3449966E+01
  0.3825000E-01  0.3450343E+01
  0.3830000E-01  0.3450720E+01
  0.3835000E-01  0.3451098E+01
  0.3840000E-01  0.3451476E+01
  0.3845000E-01  0.3451855E+01
  0.3850000E-01  0.3452235E+01
  0.3855000E-01  0.3452615E+01
  0.3860000E-01  0.3452995E+01
  0.3865000E-01  0.3453375E+01
  0.3870000E-01  0.3453755E+01
  0.3875000E-01  0.3454135E+01
  0.3880000E-01  0.3454514E+01
  0.3885000E-01  0.3454892E+01
  0.3890000E-01  0.3455269E+01
  0.3895000E-01  0.3455644E+01
  0.3900000E-01  0.3456018E+01
  0.3905000E-01  0.3456389E+01
  0.3910000E-01  0.3456759E+01
  0.3915000E-01  0.3457128E+01
  0.3920000E-01  0.3457495E+01
  0.3925000E-01  0.3457861E+01
  0.3930000E-01  0.3458226E+01
  0.3935000E-01  0.3458591E+01
  0.3940000E-01  0.3458956E+01
  0.3945000E-01  0.3459319E+01
  0.3950000E-01  0.3459683E+01
  0.3955000E-01  0.3460045E+01
  0.3960000E-01  0.3460406E+01
  0.3965000E-01  0.3460766E+01
  0.3970000E-01  0.3461124E+01
  0.3975000E-01  0.3461479E+01
  0.3980000E-01  0.3461831E+01
  0.3985000E-01  0.3462180E+01
  0.3990000E-01  0.3462526E+01
  0.3995000E-01  0.3462870E+01
  0.4000000E-01  0.3463210E+01
  0.4005000E-01  0.3463547E+01
  0.4010000E-01  0.3463882E+01
  0.4015000E-01  0.3464215E+01
  0.4020000E-01  0.3464545E+01
  0.4025000E-01  0.3464872E+01
  0.4030000E-01  0.3465197E+01
  0.4035000E-01  0.3465518E+01
  0.4040000E-01  0.3465836E+01
  0.4045000E-01  0.3466151E+01
  0.4050000E-01  0.3466463E+01
  0.4055000E-01  0.3466772E+01
  0.4060000E-01  0.3467077E+01
  0.4065000E-01  0.3467379E+01
  0.4070000E-01  0.3467678E+01
  0.4075000E-01  0.3467974E+01
  0.4080000E-01  0.3468267E+01
  0.4085000E-01  0.3468557E+01
  0.4090000E-01  0.3468843E+01
  0.4095000E-01  0.3469128E+01
  0.4100000E-01  0.3469409E+01
  0.4105000E-01  0.3469689E+01
  0.4110000E-01  0.3469966E+01
  0.4115000E-01  0.3470241E+01
  0.4120000E-01  0.3470513E+01
  0.4125000E-01  0.3470783E+01
  0.4130000E-01  0.3471050E+01
  0.4135000E-01  0.3471315E+01
  0.4140000E-01  0.3471577E+01
  0.4145000E-01  0.3471836E+01
  0.4150000E-01  0.3472092E+01
  0.4155000E-01  0.3472345E+01
  0.4160000E-01  0.3472595E+01
  0.4165000E-01  0.3472842E+01
  0.4170000E-01  0.3473085E+01
  0.4175000E-01  0.3473325E+01
  0.4180000E-01  0.3473562E+01
  0.4185000E-01  0.3473795E+01
  0.4190000E-01  0.3474025E+01
  0.4195000E-01  0.3474252E+01
  0.4200000E-01  0.3474477E+01
  0.4205000E-01  0.3474699E+01
  0.4210000E-01  0.3474920E+01
  0.4215000E-01  0.3475139E+01
  0.4220000E-01  0.3475356E+01
  0.4225000E-01  0.3475572E+01
  0.4230000E-01  0.3475786E+01
  0.4235000E-01  0.3475998E+01
  0.4240000E-01  0.3476208E+01
  0.4245000E-01  0.3476416E+01
  0.4250000E-01  0.3476621E+01
  0.4255000E-01  0.3476825E+01
  0.4260000E-01  0.3477027E+01
  0.4265000E-01  0.3477228E+01
  0.4270000E-01  0.3477428E+01
  0.4275000E-01  0.3477626E+01
  0.4280000E-01  0.3477825E+01
  0.4285000E-01  0.3478022E+01
  0.4290000E-01  0.3478218E+01
  0.4295000E-01  0.3478413E+01
  0.4300000E-01  0.3478606E+01
  0.4305000E-01  0.3478798E+01
  0.4310000E-01  0.3478987E+01
  0.4315000E-01  0.3479174E+01
  0.4320000E-01  0.3479359E+01
  0.4325000E-01  0.3479541E+01
  0.4330000E-01  0.3479721E+01
  0.4335000E-01  0.3479899E+01
  0.4340000E-01  0.3480075E+01
  0.4345000E-01  0.3480249E+01
  0.4350000E-01  0.3480422E+01
  0.4355000E-01  0.3480594E+01
  0.4360000E-01  0.3480764E+01
  0.4365000E-01  0.3480932E+01
  0.4370000E-01  0.3481099E+01
  0.4375000E-01  0.3481263E+01
  0.4380000E-01  0.3481426E+01
  0.4385000E-01  0.3481586E+01
  0.4390000E-01  0.3481745E+01
  0.4395000E-01  0.3481901E+01
  0.4400000E-01  0.3482054E+01
  0.4405000E-01  0.3482205E+01
  0.4410000E-01  0.3482354E+01
  0.4415000E-01  0.3482500E+01
  0.4420000E-01  0.3482645E+01
  0.4425000E-01  0.3482787E+01
  0.4430000E-01  0.3482927E+01
  0.4435000E-01  0.3483065E+01
  0.4440000E-01  0.3483201E+01
  0.4445000E-01  0.3483335E+01
  0.4450000E-01  0.3483467E+01
  0.4455000E-01  0.3483598E+01
  0.4460000E-01  0.3483726E+01
  0.4465000E-01  0.3483852E+01
  0.4470000E-01  0.3483977E+01
  0.4475000E-01  0.3484101E+01
  0.4480000E-01  0.3484224E+01
  0.4485000E-01  0.3484347E+01
  0.4490000E-01  0.3484470E+01
  0.4495000E-01  0.3484592E+01
  0.4500000E-01  0.3484715E+01
  0.4505000E-01  0.3484838E+01
  0.4510000E-01  0.3484960E+01
  0.4515000E-01  0.3485083E+01
  0.4520000E-01  0.3485204E+01
  0.4525000E-01  0.3485326E+01
  0.4530000E-01  0.3485447E+01
  0.4535000E-01  0.3485568E+01
  0.4540000E-01  0.3485688E+01
  0.4545000E-01  0.3485809E+01
  0.4550000E-01  0.3485930E+01
  0.4555000E-01  0.3486051E+01
  0.4560000E-01  0.3486172E+01
  0.4565000E-01  0.3486293E+01
  0.4570000E-01  0.3486415E+01
  0.4575000E-01  0.3486538E+01
  0.4580000E-01  0.3486661E+01
  0.4585000E-01  0.3486784E+01
  0.4590000E-01  0.3486907E+01
  0.4595000E-01  0.3487030E+01
  0.4600000E-01  0.3487153E+01
  0.4605000E-01  0.3487275E+01
  0.4610000E-01  0.3487396E+01
  0.4615000E-01  0.3487517E+01
  0.4620000E-01  0.3487637E+01
  0.4625000E-01  0.3487756E+01
  0.4630000E-01  0.3487874E+01
  0.4635000E-01  0.3487991E+01
  0.4640000E-01  0.3488108E+01
  0.4645000E-01  0.3488225E+01
  0.4650000E-01  0.3488341E+01
  0.4655000E-01  0.3488456E+01
  0.4660000E-01  0.3488570E+01
  0.4665000E-01  0.3488684E+01
  0.4670000E-01  0.3488797E+01
  0.4675000E-01  0.3488909E+01
  0.4680000E-01  0.3489019E+01
  0.4685000E-01  0.3489128E+01
  0.4690000E-01  0.3489236E+01
  0.4695000E-01  0.3489342E+01
  0.4700000E-01  0.3489446E+01
  0.4705000E-01  0.3489549E+01
  0.4710000E-01  0.3489650E+01
  0.4715000E-01  0.3489749E+01
  0.4720000E-01  0.3489847E+01
  0.4725000E-01  0.3489942E+01
  0.4730000E-01  0.3490035E+01
  0.4735000E-01  0.3490127E+01
  0.4740000E-01  0.3490215E+01
  0.4745000E-01  0.3490302E+01
  0.4750000E-01  0.3490387E+01
  0.4755000E-01  0.3490470E+01
  0.4760000E-01  0.3490553E+01
  0.4765000E-01  0.3490634E+01
  0.4770000E-01  0.3490714E+01
  0.4775000E-01  0.3490794E+01
  0.4780000E-01  0.3490873E+01
  0.4785000E-01  0.3490952E+01
  0.4790000E-01  0.3491031E+01
  0.4795000E-01  0.3491110E+01
  0.4800000E-01  0.3491189E+01
  0.4805000E-01  0.3491267E+01
  0.4810000E-01  0.3491345E+01
  0.4815000E-01  0.3491423E+01
  0.4820000E-01  0.3491499E+01
  0.4825000E-01  0.3491574E+01
  0.4830000E-01  0.3491648E+01
  0.4835000E-01  0.3491720E+01
  0.4840000E-01  0.3491790E+01
  0.4845000E-01  0.3491858E+01
  0.4850000E-01  0.3491923E+01
  0.4855000E-01  0.3491986E+01
  0.4860000E-01  0.3492047E+01
  0.4865000E-01  0.3492105E+01
  0.4870000E-01  0.3492161E+01
  0.4875000E-01  0.3492215E+01
  0.4880000E-01  0.3492267E+01
  0.4885000E-01  0.3492317E+01
  0.4890000E-01  0.3492364E+01
  0.4895000E-01  0.3492409E+01
  0.4900000E-01  0.3492452E+01
  0.4905000E-01  0.3492492E+01
  0.4910000E-01  0.3492528E+01
  0.4915000E-01  0.3492562E+01
  0.4920000E-01  0.3492593E+01
  0.4925000E-01  0.3492621E+01
  0.4930000E-01  0.3492646E+01
  0.4935000E-01  0.3492669E+01
  0.4940000E-01  0.3492690E+01
  0.4945000E-01  0.3492707E+01
  0.4950000E-01  0.3492722E+01
  0.4955000E-01  0.3492734E+01
  0.4960000E-01  0.3492742E+01
  0.4965000E-01  0.3492749E+01
  0.4970000E-01  0.3492753E+01
  0.4975000E-01  0.3492755E+01
  0.4980000E-01  0.3492755E+01
  0.4985000E-01  0.3492754E+01
  0.4990000E-01  0.3492751E+01
  0.4995000E-01  0.3492747E+01
  0.5000000E-01  0.3492742E+01
  0.5005000E-01  0.3492735E+01
  0.5010000E-01  0.3492727E+01
  0.5015000E-01  0.3492717E+01
  0.5020000E-01  0.3492705E+01
  0.5025000E-01  0.3492690E+01
  0.5030000E-01  0.3492672E+01
  0.5035000E-01  0.3492652E+01
  0.5040000E-01  0.3492629E+01
  0.5045000E-01  0.3492603E+01
  0.5050000E-01  0.3492574E+01
  0.5055000E-01  0.3492542E+01
  0.5060000E-01  0.3492507E+01
  0.5065000E-01  0.3492469E+01
  0.5070000E-01  0.3492429E+01
  0.5075000E-01  0.3492386E+01
  0.5080000E-01  0.3492341E+01
  0.5085000E-01  0.3492293E+01
  0.5090000E-01  0.3492243E+01
  0.5095000E-01  0.3492191E+01
  0.5100000E-01  0.3492138E+01
  0.5105000E-01  0.3492082E+01
  0.5110000E-01  0.3492025E+01
  0.5115000E-01  0.3491967E+01
  0.5120000E-01  0.3491906E+01
  0.5125000E-01  0.3491842E+01
  0.5130000E-01  0.3491776E+01
  0.5135000E-01  0.3491707E+01
  0.5140000E-01  0.3491635E+01
  0.5145000E-01  0.3491560E+01
  0.5150000E-01  0.3491482E+01
  0.5155000E-01  0.3491401E+01
  0.5160000E-01  0.3491318E+01
  0.5165000E-01  0.3491232E+01
  0.5170000E-01  0.3491145E+01
  0.5175000E-01  0.3491056E+01
  0.5180000E-01  0.3490966E+01
  0.5185000E-01  0.3490876E+01
  0.5190000E-01  0.3490784E+01
  0.5195000E-01  0.3490692E+01
  0.5200000E-01  0.3490600E+01
  0.5205000E-01  0.3490507E+01
  0.5210000E-01  0.3490413E+01
  0.5215000E-01  0.3490320E+01
  0.5220000E-01  0.3490227E+01
  0.5225000E-01  0.3490133E+01
  0.5230000E-01  0.3490040E+01
  0.5235000E-01  0.3489946E+01
  0.5240000E-01  0.3489852E+01
  0.5245000E-01  0.3489758E+01
  0.5250000E-01  0.3489663E+01
  0.5255000E-01  0.3489568E+01
  0.5260000E-01  0.3489471E+01
  0.5265000E-01  0.3489372E+01
  0.5270000E-01  0.3489272E+01
  0.5275000E-01  0.3489171E+01
  0.5280000E-01  0.3489067E+01
  0.5285000E-01  0.3488961E+01
  0.5290000E-01  0.3488854E+01
  0.5295000E-01  0.3488744E+01
  0.5300000E-01  0.3488631E+01
  0.5305000E-01  0.3488516E+01
  0.5310000E-01  0.3488398E+01
  0.5315000E-01  0.3488276E+01
  0.5320000E-01  0.3488151E+01
  0.5325000E-01  0.3488022E+01
  0.5330000E-01  0.3487890E+01
  0.5335000E-01  0.3487754E+01
  0.5340000E-01  0.3487615E+01
  0.5345000E-01  0.3487472E+01
  0.5350000E-01  0.3487327E+01
  0.5355000E-01  0.3487179E+01
  0.5360000E-01  0.3487029E+01
  0.5365000E-01  0.3486877E+01
  0.5370000E-01  0.3486723E+01
  0.5375000E-01  0.3486566E+01
  0.5380000E-01  0.3486406E+01
  0.5385000E-01  0.3486245E+01
  0.5390000E-01  0.3486082E+01
  0.5395000E-01  0.3485917E+01
  0.5400000E-01  0.3485751E+01
  0.5405000E-01  0.3485583E+01
  0.5410000E-01  0.3485415E+01
  0.5415000E-01  0.3485246E+01
  0.5420000E-01  0.3485076E+01
  0.5425000E-01  0.3484906E+01
  0.5430000E-01  0.3484735E+01
  0.5435000E-01  0.3484565E+01
  0.5440000E-01  0.3484396E+01
  0.5445000E-01  0.3484227E+01
  0.5450000E-01  0.3484059E+01
  0.5455000E-01  0.3483892E+01
  0.5460000E-01  0.3483726E+01
  0.5465000E-01  0.3483561E+01
  0.5470000E-01  0.3483397E+01
  0.5475000E-01  0.3483234E+01
  0.5480000E-01  0.3483071E+01
  0.5485000E-01  0.3482909E+01
  0.5490000E-01  0.3482748E+01
  0.5495000E-01  0.3482587E+01
  0.5500000E-01  0.3482426E+01
  0.5505000E-01  0.3482266E+01
  0.5510000E-01  0.3482106E+01
  0.5515000E-01  0.3481945E+01
  0.5520000E-01  0.3481785E+01
  0.5525000E-01  0.3481624E+01
  0.5530000E-01  0.3481463E+01
  0.5535000E-01  0.3481300E+01
  0.5540000E-01  0.3481136E+01
  0.5545000E-01  0.3480971E+01
  0.5550000E-01  0.3480803E+01
  0.5555000E-01  0.3480634E+01
  0.5560000E-01  0.3480463E+01
  0.5565000E-01  0.3480290E+01
  0.5570000E-01  0.3480116E+01
  0.5575000E-01  0.3479939E+01
  0.5580000E-01  0.3479761E+01
  0.5585000E-01  0.3479581E+01
  0.5590000E-01  0.3479401E+01
  0.5595000E-01  0.3479219E+01
  0.5600000E-01  0.3479037E+01
  0.5605000E-01  0.3478853E+01
  0.5610000E-01  0.3478669E+01
  0.5615000E-01  0.3478484E+01
  0.5620000E-01  0.3478299E+01
  0.5625000E-01  0.3478113E+01
  0.5630000E-01  0.3477927E+01
  0.5635000E-01  0.3477740E+01
  0.5640000E-01  0.3477552E+01
  0.5645000E-01  0.3477363E+01
  0.5650000E-01  0.3477174E+01
  0.5655000E-01  0.3476985E+01
  0.5660000E-01  0.3476796E+01
  0.5665000E-01  0.3476606E+01
  0.5670000E-01  0.3476417E+01
  0.5675000E-01  0.3476227E+01
  0.5680000E-01  0.3476038E+01
  0.5685000E-01  0.3475849E+01
  0.5690000E-01  0.3475661E+01
  0.5695000E-01  0.3475473E+01
  0.5700000E-01  0.3475286E+01
  0.5705000E-01  0.3475099E+01
  0.5710000E-01  0.3474912E+01
  0.5715000E-01  0.3474725E+01
  0.5720000E-01  0.3474538E+01
  0.5725000E-01  0.3474351E+01
  0.5730000E-01  0.3474162E+01
  0.5735000E-01  0.3473972E+01
  0.5740000E-01  0.3473781E+01
  0.5745000E-01  0.3473587E+01
  0.5750000E-01  0.3473391E+01
  0.5755000E-01  0.3473193E+01
  0.5760000E-01  0.3472991E+01
  0.5765000E-01  0.3472787E+01
  0.5770000E-01  0.3472580E+01
  0.5775000E-01  0.3472370E+01
  0.5780000E-01  0.3472156E+01
  0.5785000E-01  0.3471940E+01
  0.5790000E-01  0.3471720E+01
  0.5795000E-01  0.3471498E+01
  0.5800000E-01  0.3471274E+01
  0.5805000E-01  0.3471048E+01
  0.5810000E-01  0.3470820E+01
  0.5815000E-01  0.3470590E+01
  0.5820000E-01  0.3470359E+01
  0.5825000E-01  0.3470127E+01
  0.5830000E-01  0.3469894E+01
  0.5835000E-01  0.3469659E+01
  0.5840000E-01  0.3469424E+01
  0.5845000E-01  0.3469187E+01
  0.5850000E-01  0.3468950E+01
  0.5855000E-01  0.3468712E+01
  0.5860000E-01  0.3468474E+01
  0.5865000E-01  0.3468235E+01
  0.5870000E-01  0.3467995E+01
  0.5875000E-01  0.3467754E+01
  0.5880000E-01  0.3467513E+01
  0.5885000E-01  0.3467269E+01
  0.5890000E-01  0.3467024E+01
  0.5895000E-01  0.3466777E+01
  0.5900000E-01  0.3466528E+01
  0.5905000E-01  0.3466277E+01
  0.5910000E-01  0.3466023E+01
  0.5915000E-01  0.3465766E+01
  0.5920000E-01  0.3465506E+01
  0.5925000E-01  0.3465245E+01
  0.5930000E-01  0.3464980E+01
  0.5935000E-01  0.3464714E+01
  0.5940000E-01  0.3464444E+01
  0.5945000E-01  0.3464173E+01
  0.5950000E-01  0.3463899E+01
  0.5955000E-01  0.3463623E+01
  0.5960000E-01  0.3463345E+01
  0.5965000E-01  0.3463064E+01
  0.5970000E-01  0.3462782E+01
  0.5975000E-01  0.3462497E+01
  0.5980000E-01  0.3462211E+01
  0.5985000E-01  0.3461922E+01
  0.5990000E-01  0.3461631E+01
  0.5995000E-01  0.3461338E+01
  0.6000000E-01  0.3461042E+01
  0.6005000E-01  0.3460746E+01
  0.6010000E-01  0.3460447E+01
  0.6015000E-01  0.3460146E+01
  0.6020000E-01  0.3459844E+01
  0.6025000E-01  0.3459541E+01
  0.6030000E-01  0.3459236E+01
  0.6035000E-01  0.3458930E+01
  0.6040000E-01  0.3458622E+01
  0.6045000E-01  0.3458313E+01
  0.6050000E-01  0.3458003E+01
  0.6055000E-01  0.3457690E+01
  0.6060000E-01  0.3457376E+01
  0.6065000E-01  0.3457061E+01
  0.6070000E-01  0.3456744E+01
  0.6075000E-01  0.3456425E+01
  0.6080000E-01  0.3456105E+01
  0.6085000E-01  0.3455784E+01
  0.6090000E-01  0.3455462E+01
  0.6095000E-01  0.3455138E+01
  0.6100000E-01  0.3454814E+01
  0.6105000E-01  0.3454488E+01
  0.6110000E-01  0.3454163E+01
  0.6115000E-01  0.3453836E+01
  0.6120000E-01  0.3453509E+01
  0.6125000E-01  0.3453181E+01
  0.6130000E-01  0.3452852E+01
  0.6135000E-01  0.3452522E+01
  0.6140000E-01  0.3452190E+01
  0.6145000E-01  0.3451857E+01
  0.6150000E-01  0.3451522E+01
  0.6155000E-01  0.3451185E+01
  0.6160000E-01  0.3450845E+01
  0.6165000E-01  0.3450503E+01
  0.6170000E-01  0.3450158E+01
  0.6175000E-01  0.3449811E+01
  0.6180000E-01  0.3449462E+01
  0.6185000E-01  0.3449110E+01
  0.6190000E-01  0.3448757E+01
  0.6195000E-01  0.3448401E+01
  0.6200000E-01  0.3448044E+01
  0.6205000E-01  0.3447685E+01
  0.6210000E-01  0.3447324E+01
  0.6215000E-01  0.3446963E+01
  0.6220000E-01  0.3446600E+01
  0.6225000E-01  0.3446236E+01
  0.6230000E-01  0.3445871E+01
  0.6235000E-01  0.3445505E+01
  0.6240000E-01  0.3445138E+01
  0.6245000E-01  0.3444771E+01
  0.6250000E-01  0.3444402E+01
  0.6255000E-01  0.3444033E+01
  0.6260000E-01  0.3443664E+01
  0.6265000E-01  0.3443294E+01
  0.6270000E-01  0.3442925E+01
  0.6275000E-01  0.3442556E+01
  0.6280000E-01  0.3442188E+01
  0.6285000E-01  0.3441820E+01
  0.6290000E-01  0.3441453E+01
  0.6295000E-01  0.3441086E+01
  0.6300000E-01  0.3440721E+01
  0.6305000E-01  0.3440358E+01
  0.6310000E-01  0.3439995E+01
  0.6315000E-01  0.3439634E+01
  0.6320000E-01  0.3439274E+01
  0.6325000E-01  0.3438914E+01
  0.6330000E-01  0.3438556E+01
  0.6335000E-01  0.3438198E+01
  0.6340000E-01  0.3437842E+01
  0.6345000E-01  0.3437487E+01
  0.6350000E-01  0.3437132E+01
  0.6355000E-01  0.3436778E+01
  0.6360000E-01  0.3436423E+01
  0.6365000E-01  0.3436067E+01
  0.6370000E-01  0.3435709E+01
  0.6375000E-01  0.3435351E+01
  0.6380000E-01  0.3434992E+01
  0.6385000E-01  0.3434632E+01
  0.6390000E-01  0.3434272E+01
  0.6395000E-01  0.3433912E+01
  0.6400000E-01  0.3433551E+01
  0.6405000E-01  0.3433191E+01
  0.6410000E-01  0.3432829E+01
  0.6415000E-01  0.3432468E+01
  0.6420000E-01  0.3432107E+01
  0.6425000E-01  0.3431746E+01
  0.6430000E-01  0.3431385E+01
  0.6435000E-01  0.3431024E+01
  0.6440000E-01  0.3430662E+01
  0.6445000E-01  0.3430300E+01
  0.6450000E-01  0.3429938E+01
  0.6455000E-01  0.3429574E+01
  0.6460000E-01  0.3429208E+01
  0.6465000E-01  0.3428841E+01
  0.6470000E-01  0.3428472E+01
  0.6475000E-01  0.3428101E+01
  0.6480000E-01  0.3427728E+01
  0.6485000E-01  0.3427353E+01
  0.6490000E-01  0.3426976E+01
  0.6495000E-01  0.3426597E+01
  0.6500000E-01  0.3426216E+01
  0.6505000E-01  0.3425832E+01
  0.6510000E-01  0.3425446E+01
  0.6515000E-01  0.3425058E+01
  0.6520000E-01  0.3424667E+01
  0.6525000E-01  0.3424275E+01
  0.6530000E-01  0.3423880E+01
  0.6535000E-01  0.3423484E+01
  0.6540000E-01  0.3423087E+01
  0.6545000E-01  0.3422689E+01
  0.6550000E-01  0.3422291E+01
  0.6555000E-01  0.3421892E+01
  0.6560000E-01  0.3421493E+01
  0.6565000E-01  0.3421094E+01
  0.6570000E-01  0.3420696E+01
  0.6575000E-01  0.3420297E+01
  0.6580000E-01  0.3419898E+01
  0.6585000E-01  0.3419499E+01
  0.6590000E-01  0.3419099E+01
  0.6595000E-01  0.3418698E+01
  0.6600000E-01  0.3418296E+01
  0.6605000E-01  0.3417893E+01
  0.6610000E-01  0.3417487E+01
  0.6615000E-01  0.3417079E+01
  0.6620000E-01  0.3416668E+01
  0.6625000E-01  0.3416255E+01
  0.6630000E-01  0.3415838E+01
  0.6635000E-01  0.3415419E+01
  0.6640000E-01  0.3414996E+01
  0.6645000E-01  0.3414569E+01
  0.6650000E-01  0.3414138E+01
  0.6655000E-01  0.3413704E+01
  0.6660000E-01  0.3413268E+01
  0.6665000E-01  0.3412829E+01
  0.6670000E-01  0.3412388E+01
  0.6675000E-01  0.3411945E+01
  0.6680000E-01  0.3411500E+01
  0.6685000E-01  0.3411053E+01
  0.6690000E-01  0.3410605E+01
  0.6695000E-01  0.3410155E+01
  0.6700000E-01  0.3409704E+01
  0.6705000E-01  0.3409252E+01
  0.6710000E-01  0.3408799E+01
  0.6715000E-01  0.3408345E+01
  0.6720000E-01  0.3407889E+01
  0.6725000E-01  0.3407432E+01
  0.6730000E-01  0.3406974E+01
  0.6735000E-01  0.3406514E+01
  0.6740000E-01  0.3406052E+01
  0.6745000E-01  0.3405589E+01
  0.6750000E-01  0.3405126E+01
  0.6755000E-01  0.3404661E+01
  0.6760000E-01  0.3404196E+01
  0.6765000E-01  0.3403730E+01
  0.6770000E-01  0.3403263E+01
  0.6775000E-01  0.3402796E+01
  0.6780000E-01  0.3402328E+01
  0.6785000E-01  0.3401859E+01
  0.6790000E-01  0.3401388E+01
  0.6795000E-01  0.3400917E+01
  0.6800000E-01  0.3400445E+01
  0.6805000E-01  0.3399972E+01
  0.6810000E-01  0.3399498E+01
  0.6815000E-01  0.3399024E+01
  0.6820000E-01  0.3398549E+01
  0.6825000E-01  0.3398072E+01
  0.6830000E-01  0.3397594E+01
  0.6835000E-01  0.3397113E+01
  0.6840000E-01  0.3396630E+01
  0.6845000E-01  0.3396144E+01
  0.6850000E-01  0.3395656E+01
  0.6855000E-01  0.3395164E+01
  0.6860000E-01  0.3394670E+01
  0.6865000E-01  0.3394174E+01
  0.6870000E-01  0.3393674E+01
  0.6875000E-01  0.3393172E+01
  0.6880000E-01  0.3392668E+01
  0.6885000E-01  0.3392161E+01
  0.6890000E-01  0.3391651E+01
  0.6895000E-01  0.3391139E+01
  0.6900000E-01  0.3390625E+01
  0.6905000E-01  0.3390109E+01
  0.6910000E-01  0.3389591E+01
  0.6915000E-01  0.3389072E+01
  0.6920000E-01  0.3388552E+01
  0.6925000E-01  0.3388032E+01
  0.6930000E-01  0.3387511E+01
  0.6935000E-01  0.3386988E+01
  0.6940000E-01  0.3386465E+01
  0.6945000E-01  0.3385940E+01
  0.6950000E-01  0.3385413E+01
  0.6955000E-01  0.3384886E+01
  0.6960000E-01  0.3384357E+01
  0.6965000E-01  0.3383826E+01
  0.6970000E-01  0.3383294E+01
  0.6975000E-01  0.3382761E+01
  0.6980000E-01  0.3382228E+01
  0.6985000E-01  0.3381693E+01
  0.6990000E-01  0.3381158E+01
  0.6995000E-01  0.3380622E+01
  0.7000000E-01  0.3380085E+01
  0.7005000E-01  0.3379548E+01
  0.7010000E-01  0.3379009E+01
  0.7015000E-01  0.3378470E+01
  0.7020000E-01  0.3377930E+01
  0.7025000E-01  0.3377390E+01
  0.7030000E-01  0.3376848E+01
  0.7035000E-01  0.3376305E+01
  0.7040000E-01  0.3375761E+01
  0.7045000E-01  0.3375216E+01
  0.7050000E-01  0.3374668E+01
  0.7055000E-01  0.3374119E+01
  0.7060000E-01  0.3373567E+01
  0.7065000E-01  0.3373014E+01
  0.7070000E-01  0.3372459E+01
  0.7075000E-01  0.3371901E+01
  0.7080000E-01  0.3371341E+01
  0.7085000E-01  0.3370779E+01
  0.7090000E-01  0.3370215E+01
  0.7095000E-01  0.3369648E+01
  0.7100000E-01  0.3369080E+01
  0.7105000E-01  0.3368510E+01
  0.7110000E-01  0.3367940E+01
  0.7115000E-01  0.3367369E+01
  0.7120000E-01  0.3366797E+01
  0.7125000E-01  0.3366226E+01
  0.7130000E-01  0.3365653E+01
  0.7135000E-01  0.3365081E+01
  0.7140000E-01  0.3364509E+01
  0.7145000E-01  0.3363936E+01
  0.7150000E-01  0.3363364E+01
  0.7155000E-01  0.3362792E+01
  0.7160000E-01  0.3362220E+01
  0.7165000E-01  0.3361648E+01
  0.7170000E-01  0.3361076E+01
  0.7175000E-01  0.3360502E+01
  0.7180000E-01  0.3359926E+01
  0.7185000E-01  0.3359350E+01
  0.7190000E-01  0.3358771E+01
  0.7195000E-01  0.3358191E+01
  0.7200000E-01  0.3357610E+01
  0.7205000E-01  0.3357027E+01
  0.7210000E-01  0.3356443E+01
  0.7215000E-01  0.3355858E+01
  0.7220000E-01  0.3355271E+01
  0.7225000E-01  0.3354684E+01
  0.7230000E-01  0.3354095E+01
  0.7235000E-01  0.3353505E+01
  0.7240000E-01  0.3352915E+01
  0.7245000E-01  0.3352325E+01
  0.7250000E-01  0.3351735E+01
  0.7255000E-01  0.3351145E+01
  0.7260000E-01  0.3350555E+01
  0.7265000E-01  0.3349966E+01
  0.7270000E-01  0.3349379E+01
  0.7275000E-01  0.3348792E+01
  0.7280000E-01  0.3348205E+01
  0.7285000E-01  0.3347618E+01
  0.7290000E-01  0.3347030E+01
  0.7295000E-01  0.3346442E+01
  0.7300000E-01  0.3345852E+01
  0.7305000E-01  0.3345260E+01
  0.7310000E-01  0.3344668E+01
  0.7315000E-01  0.3344075E+01
  0.7320000E-01  0.3343481E+01
  0.7325000E-01  0.3342886E+01
  0.7330000E-01  0.3342289E+01
  0.7335000E-01  0.3341691E+01
  0.7340000E-01  0.3341091E+01
  0.7345000E-01  0.3340492E+01
  0.7350000E-01  0.3339892E+01
  0.7355000E-01  0.3339295E+01
  0.7360000E-01  0.3338699E+01
  0.7365000E-01  0.3338106E+01
  0.7370000E-01  0.3337516E+01
  0.7375000E-01  0.3336930E+01
  0.7380000E-01  0.3336346E+01
  0.7385000E-01  0.3335765E+01
  0.7390000E-01  0.3335184E+01
  0.7395000E-01  0.3334605E+01
  0.7400000E-01  0.3334025E+01
  0.7405000E-01  0.3333445E+01
  0.7410000E-01  0.3332865E+01
  0.7415000E-01  0.3332283E+01
  0.7420000E-01  0.3331701E+01
  0.7425000E-01  0.3331119E+01
  0.7430000E-01  0.3330535E+01
  0.7435000E-01  0.3329949E+01
  0.7440000E-01  0.3329363E+01
  0.7445000E-01  0.3328777E+01
  0.7450000E-01  0.3328190E+01
  0.7455000E-01  0.3327603E+01
  0.7460000E-01  0.3327018E+01
  0.7465000E-01  0.3326433E+01
  0.7470000E-01  0.3325848E+01
  0.7475000E-01  0.3325264E+01
  0.7480000E-01  0.3324681E+01
  0.7485000E-01  0.3324098E+01
  0.7490000E-01  0.3323515E+01
  0.7495000E-01  0.3322931E+01
  0.7500000E-01  0.3322346E+01
  0.7505000E-01  0.3321759E+01
  0.7510000E-01  0.3321172E+01
  0.7515000E-01  0.3320584E+01
  0.7520000E-01  0.3319995E+01
  0.7525000E-01  0.3319406E+01
  0.7530000E-01  0.3318816E+01
  0.7535000E-01  0.3318224E+01
  0.7540000E-01  0.3317631E+01
  0.7545000E-01  0.3317036E+01
  0.7550000E-01  0.3316440E+01
  0.7555000E-01  0.3315844E+01
  0.7560000E-01  0.3315246E+01
  0.7565000E-01  0.3314648E+01
  0.7570000E-01  0.3314049E+01
  0.7575000E-01  0.3313450E+01
  0.7580000E-01  0.3312849E+01
  0.7585000E-01  0.3312247E+01
  0.7590000E-01  0.3311641E+01
  0.7595000E-01  0.3311033E+01
  0.7600000E-01  0.3310422E+01
  0.7605000E-01  0.3309808E+01
  0.7610000E-01  0.3309192E+01
  0.7615000E-01  0.3308574E+01
  0.7620000E-01  0.3307954E+01
  0.7625000E-01  0.3307331E+01
  0.7630000E-01  0.3306707E+01
  0.7635000E-01  0.3306080E+01
  0.7640000E-01  0.3305451E+01
  0.7645000E-01  0.3304820E+01
  0.7650000E-01  0.3304188E+01
  0.7655000E-01  0.3303555E+01
  0.7660000E-01  0.3302921E+01
  0.7665000E-01  0.3302286E+01
  0.7670000E-01  0.3301649E+01
  0.7675000E-01  0.3301010E+01
  0.7680000E-01  0.3300369E+01
  0.7685000E-01  0.3299725E+01
  0.7690000E-01  0.3299078E+01
  0.7695000E-01  0.3298427E+01
  0.7700000E-01  0.3297772E+01
  0.7705000E-01  0.3297113E+01
  0.7710000E-01  0.3296449E+01
  0.7715000E-01  0.3295781E+01
  0.7720000E-01  0.3295107E+01
  0.7725000E-01  0.3294428E+01
  0.7730000E-01  0.3293745E+01
  0.7735000E-01  0.3293055E+01
  0.7740000E-01  0.3292360E+01
  0.7745000E-01  0.3291658E+01
  0.7750000E-01  0.3290952E+01
  0.7755000E-01  0.3290240E+01
  0.7760000E-01  0.3289524E+01
  0.7765000E-01  0.3288804E+01
  0.7770000E-01  0.3288080E+01
  0.7775000E-01  0.3287353E+01
  0.7780000E-01  0.3286622E+01
  0.7785000E-01  0.3285889E+01
  0.7790000E-01  0.3285151E+01
  0.7795000E-01  0.3284411E+01
  0.7800000E-01  0.3283668E+01
  0.7805000E-01  0.3282922E+01
  0.7810000E-01  0.3282175E+01
  0.7815000E-01  0.3281426E+01
  0.7820000E-01  0.3280674E+01
  0.7825000E-01  0.3279920E+01
  0.7830000E-01  0.3279164E+01
  0.7835000E-01  0.3278406E+01
  0.7840000E-01  0.3277646E+01
  0.7845000E-01  0.3276884E+01
  0.7850000E-01  0.3276120E+01
  0.7855000E-01  0.3275355E+01
  0.7860000E-01  0.3274586E+01
  0.7865000E-01  0.3273814E+01
  0.7870000E-01  0.3273038E+01
  0.7875000E-01  0.3272256E+01
  0.7880000E-01  0.3271470E+01
  0.7885000E-01  0.3270679E+01
  0.7890000E-01  0.3269883E+01
  0.7895000E-01  0.3269083E+01
  0.7900000E-01  0.3268277E+01
  0.7905000E-01  0.3267466E+01
  0.7910000E-01  0.3266650E+01
  0.7915000E-01  0.3265830E+01
  0.7920000E-01  0.3265006E+01
  0.7925000E-01  0.3264178E+01
  0.7930000E-01  0.3263347E+01
  0.7935000E-01  0.3262512E+01
  0.7940000E-01  0.3261674E+01
  0.7945000E-01  0.3260832E+01
  0.7950000E-01  0.3259987E+01
  0.7955000E-01  0.3259139E+01
  0.7960000E-01  0.3258287E+01
  0.7965000E-01  0.3257431E+01
  0.7970000E-01  0.3256572E+01
  0.7975000E-01  0.3255710E+01
  0.7980000E-01  0.3254845E+01
  0.7985000E-01  0.3253976E+01
  0.7990000E-01  0.3253102E+01
  0.7995000E-01  0.3252225E+01
  0.8000000E-01  0.3251344E+01
  0.8005000E-01  0.3250459E+01
  0.8010000E-01  0.3249570E+01
  0.8015000E-01  0.3248677E+01
  0.8020000E-01  0.3247777E+01
  0.8025000E-01  0.3246871E+01
  0.8030000E-01  0.3245959E+01
  0.8035000E-01  0.3245039E+01
  0.8040000E-01  0.3244112E+01
  0.8045000E-01  0.3243178E+01
  0.8050000E-01  0.3242239E+01
  0.8055000E-01  0.3241293E+01
  0.8060000E-01  0.3240342E+01
  0.8065000E-01  0.3239387E+01
  0.8070000E-01  0.3238427E+01
  0.8075000E-01  0.3237463E+01
  0.8080000E-01  0.3236498E+01
  0.8085000E-01  0.3235530E+01
  0.8090000E-01  0.3234563E+01
  0.8095000E-01  0.3233596E+01
  0.8100000E-01  0.3232630E+01
  0.8105000E-01  0.3231665E+01
  0.8110000E-01  0.3230700E+01
  0.8115000E-01  0.3229736E+01
  0.8120000E-01  0.3228774E+01
  0.8125000E-01  0.3227812E+01
  0.8130000E-01  0.3226852E+01
  0.8135000E-01  0.3225893E+01
  0.8140000E-01  0.3224937E+01
  0.8145000E-01  0.3223981E+01
  0.8150000E-01  0.3223027E+01
  0.8155000E-01  0.3222073E+01
  0.8160000E-01  0.3221119E+01
  0.8165000E-01  0.3220166E+01
  0.8170000E-01  0.3219213E+01
  0.8175000E-01  0.3218260E+01
  0.8180000E-01  0.3217307E+01
  0.8185000E-01  0.3216355E+01
  0.8190000E-01  0.3215403E+01
  0.8195000E-01  0.3214452E+01
  0.8200000E-01  0.3213501E+01
  0.8205000E-01  0.3212552E+01
  0.8210000E-01  0.3211603E+01
  0.8215000E-01  0.3210653E+01
  0.8220000E-01  0.3209701E+01
  0.8225000E-01  0.3208747E+01
  0.8230000E-01  0.3207792E+01
  0.8235000E-01  0.3206834E+01
  0.8240000E-01  0.3205876E+01
  0.8245000E-01  0.3204917E+01
  0.8250000E-01  0.3203957E+01
  0.8255000E-01  0.3202997E+01
  0.8260000E-01  0.3202038E+01
  0.8265000E-01  0.3201079E+01
  0.8270000E-01  0.3200120E+01
  0.8275000E-01  0.3199161E+01
  0.8280000E-01  0.3198199E+01
  0.8285000E-01  0.3197234E+01
  0.8290000E-01  0.3196264E+01
  0.8295000E-01  0.3195286E+01
  0.8300000E-01  0.3194300E+01
  0.8305000E-01  0.3193306E+01
  0.8310000E-01  0.3192304E+01
  0.8315000E-01  0.3191293E+01
  0.8320000E-01  0.3190274E+01
  0.8325000E-01  0.3189246E+01
  0.8330000E-01  0.3188211E+01
  0.8335000E-01  0.3187167E+01
  0.8340000E-01  0.3186116E+01
  0.8345000E-01  0.3185056E+01
  0.8350000E-01  0.3183988E+01
  0.8355000E-01  0.3182914E+01
  0.8360000E-01  0.3181834E+01
  0.8365000E-01  0.3180749E+01
  0.8370000E-01  0.3179660E+01
  0.8375000E-01  0.3178566E+01
  0.8380000E-01  0.3177469E+01
  0.8385000E-01  0.3176367E+01
  0.8390000E-01  0.3175262E+01
  0.8395000E-01  0.3174152E+01
  0.8400000E-01  0.3173037E+01
  0.8405000E-01  0.3171918E+01
  0.8410000E-01  0.3170793E+01
  0.8415000E-01  0.3169662E+01
  0.8420000E-01  0.3168526E+01
  0.8425000E-01  0.3167384E+01
  0.8430000E-01  0.3166234E+01
  0.8435000E-01  0.3165076E+01
  0.8440000E-01  0.3163909E+01
  0.8445000E-01  0.3162734E+01
  0.8450000E-01  0.3161550E+01
  0.8455000E-01  0.3160358E+01
  0.8460000E-01  0.3159157E+01
  0.8465000E-01  0.3157949E+01
  0.8470000E-01  0.3156733E+01
  0.8475000E-01  0.3155509E+01
  0.8480000E-01  0.3154279E+01
  0.8485000E-01  0.3153041E+01
  0.8490000E-01  0.3151796E+01
  0.8495000E-01  0.3150544E+01
  0.8500000E-01  0.3149285E+01
  0.8505000E-01  0.3148019E+01
  0.8510000E-01  0.3146748E+01
  0.8515000E-01  0.3145470E+01
  0.8520000E-01  0.3144186E+01
  0.8525000E-01  0.3142896E+01
  0.8530000E-01  0.3141600E+01
  0.8535000E-01  0.3140298E+01
  0.8540000E-01  0.3138991E+01
  0.8545000E-01  0.3137679E+01
  0.8550000E-01  0.3136364E+01
  0.8555000E-01  0.3135044E+01
  0.8560000E-01  0.3133722E+01
  0.8565000E-01  0.3132398E+01
  0.8570000E-01  0.3131074E+01
  0.8575000E-01  0.3129748E+01
  0.8580000E-01  0.3128423E+01
  0.8585000E-01  0.3127097E+01
  0.8590000E-01  0.3125770E+01
  0.8595000E-01  0.3124443E+01
  0.8600000E-01  0.3123114E+01
  0.8605000E-01  0.3121780E+01
  0.8610000E-01  0.3120441E+01
  0.8615000E-01  0.3119097E+01
  0.8620000E-01  0.3117746E+01
  0.8625000E-01  0.3116389E+01
  0.8630000E-01  0.3115026E+01
  0.8635000E-01  0.3113657E+01
  0.8640000E-01  0.3112282E+01
  0.8645000E-01  0.3110900E+01
  0.8650000E-01  0.3109513E+01
  0.8655000E-01  0.3108118E+01
  0.8660000E-01  0.3106717E+01
  0.8665000E-01  0.3105307E+01
  0.8670000E-01  0.3103888E+01
  0.8675000E-01  0.3102462E+01
  0.8680000E-01  0.3101029E+01
  0.8685000E-01  0.3099591E+01
  0.8690000E-01  0.3098149E+01
  0.8695000E-01  0.3096705E+01
  0.8700000E-01  0.3095258E+01
  0.8705000E-01  0.3093810E+01
  0.8710000E-01  0.3092362E+01
  0.8715000E-01  0.3090914E+01
  0.8720000E-01  0.3089463E+01
  0.8725000E-01  0.3088010E+01
  0.8730000E-01  0.3086553E+01
  0.8735000E-01  0.3085090E+01
  0.8740000E-01  0.3083620E+01
  0.8745000E-01  0.3082144E+01
  0.8750000E-01  0.3080662E+01
  0.8755000E-01  0.3079174E+01
  0.8760000E-01  0.3077679E+01
  0.8765000E-01  0.3076175E+01
  0.8770000E-01  0.3074660E+01
  0.8775000E-01  0.3073136E+01
  0.8780000E-01  0.3071601E+01
  0.8785000E-01  0.3070057E+01
  0.8790000E-01  0.3068502E+01
  0.8795000E-01  0.3066938E+01
  0.8800000E-01  0.3065364E+01
  0.8805000E-01  0.3063780E+01
  0.8810000E-01  0.3062186E+01
  0.8815000E-01  0.3060582E+01
  0.8820000E-01  0.3058968E+01
  0.8825000E-01  0.3057345E+01
  0.8830000E-01  0.3055712E+01
  0.8835000E-01  0.3054068E+01
  0.8840000E-01  0.3052414E+01
  0.8845000E-01  0.3050748E+01
  0.8850000E-01  0.3049070E+01
  0.8855000E-01  0.3047380E+01
  0.8860000E-01  0.3045679E+01
  0.8865000E-01  0.3043968E+01
  0.8870000E-01  0.3042246E+01
  0.8875000E-01  0.3040513E+01
  0.8880000E-01  0.3038770E+01
  0.8885000E-01  0.3037015E+01
  0.8890000E-01  0.3035249E+01
  0.8895000E-01  0.3033472E+01
  0.8900000E-01  0.3031684E+01
  0.8905000E-01  0.3029885E+01
  0.8910000E-01  0.3028076E+01
  0.8915000E-01  0.3026256E+01
  0.8920000E-01  0.3024423E+01
  0.8925000E-01  0.3022579E+01
  0.8930000E-01  0.3020722E+01
  0.8935000E-01  0.3018853E+01
  0.8940000E-01  0.3016972E+01
  0.8945000E-01  0.3015080E+01
  0.8950000E-01  0.3013180E+01
  0.8955000E-01  0.3011273E+01
  0.8960000E-01  0.3009360E+01
  0.8965000E-01  0.3007441E+01
  0.8970000E-01  0.3005516E+01
  0.8975000E-01  0.3003587E+01
  0.8980000E-01  0.3001652E+01
  0.8985000E-01  0.2999711E+01
  0.8990000E-01  0.2997763E+01
  0.8995000E-01  0.2995807E+01
  0.9000000E-01  0.2993843E+01
  0.9005000E-01  0.2991870E+01
  0.9010000E-01  0.2989889E+01
  0.9015000E-01  0.2987899E+01
  0.9020000E-01  0.2985901E+01
  0.9025000E-01  0.2983892E+01
  0.9030000E-01  0.2981872E+01
  0.9035000E-01  0.2979840E+01
  0.9040000E-01  0.2977795E+01
  0.9045000E-01  0.2975736E+01
  0.9050000E-01  0.2973662E+01
  0.9055000E-01  0.2971573E+01
  0.9060000E-01  0.2969469E+01
  0.9065000E-01  0.2967351E+01
  0.9070000E-01  0.2965219E+01
  0.9075000E-01  0.2963075E+01
  0.9080000E-01  0.2960919E+01
  0.9085000E-01  0.2958754E+01
  0.9090000E-01  0.2956580E+01
  0.9095000E-01  0.2954397E+01
  0.9100000E-01  0.2952204E+01
  0.9105000E-01  0.2950003E+01
  0.9110000E-01  0.2947794E+01
  0.9115000E-01  0.2945577E+01
  0.9120000E-01  0.2943349E+01
  0.9125000E-01  0.2941111E+01
  0.9130000E-01  0.2938861E+01
  0.9135000E-01  0.2936598E+01
  0.9140000E-01  0.2934321E+01
  0.9145000E-01  0.2932030E+01
  0.9150000E-01  0.2929723E+01
  0.9155000E-01  0.2927399E+01
  0.9160000E-01  0.2925058E+01
  0.9165000E-01  0.2922700E+01
  0.9170000E-01  0.2920324E+01
  0.9175000E-01  0.2917929E+01
  0.9180000E-01  0.2915516E+01
  0.9185000E-01  0.2913084E+01
  0.9190000E-01  0.2910632E+01
  0.9195000E-01  0.2908159E+01
  0.9200000E-01  0.2905664E+01
  0.9205000E-01  0.2903145E+01
  0.9210000E-01  0.2900602E+01
  0.9215000E-01  0.2898034E+01
  0.9220000E-01  0.2895440E+01
  0.9225000E-01  0.2892821E+01
  0.9230000E-01  0.2890178E+01
  0.9235000E-01  0.2887512E+01
  0.9240000E-01  0.2884824E+01
  0.9245000E-01  0.2882113E+01
  0.9250000E-01  0.2879379E+01
  0.9255000E-01  0.2876624E+01
  0.9260000E-01  0.2873848E+01
  0.9265000E-01  0.2871053E+01
  0.9270000E-01  0.2868241E+01
  0.9275000E-01  0.2865415E+01
  0.9280000E-01  0.2862576E+01
  0.9285000E-01  0.2859723E+01
  0.9290000E-01  0.2856856E+01
  0.9295000E-01  0.2853975E+01
  0.9300000E-01  0.2851078E+01
  0.9305000E-01  0.2848165E+01
  0.9310000E-01  0.2845234E+01
  0.9315000E-01  0.2842284E+01
  0.9320000E-01  0.2839313E+01
  0.9325000E-01  0.2836319E+01
  0.9330000E-01  0.2833301E+01
  0.9335000E-01  0.2830256E+01
  0.9340000E-01  0.2827183E+01
  0.9345000E-01  0.2824079E+01
  0.9350000E-01  0.2820941E+01
  0.9355000E-01  0.2817769E+01
  0.9360000E-01  0.2814560E+01
  0.9365000E-01  0.2811313E+01
  0.9370000E-01  0.2808027E+01
  0.9375000E-01  0.2804702E+01
  0.9380000E-01  0.2801336E+01
  0.9385000E-01  0.2797928E+01
  0.9390000E-01  0.2794480E+01
  0.9395000E-01  0.2790992E+01
  0.9400000E-01  0.2787465E+01
  0.9405000E-01  0.2783902E+01
  0.9410000E-01  0.2780301E+01
  0.9415000E-01  0.2776665E+01
  0.9420000E-01  0.2772994E+01
  0.9425000E-01  0.2769286E+01
  0.9430000E-01  0.2765541E+01
  0.9435000E-01  0.2761759E+01
  0.9440000E-01  0.2757938E+01
  0.9445000E-01  0.2754079E+01
  0.9450000E-01  0.2750181E+01
  0.9455000E-01  0.2746241E+01
  0.9460000E-01  0.2742258E+01
  0.9465000E-01  0.2738229E+01
  0.9470000E-01  0.2734150E+01
  0.9475000E-01  0.2730019E+01
  0.9480000E-01  0.2725832E+01
  0.9485000E-01  0.2721588E+01
  0.9490000E-01  0.2717285E+01
  0.9495000E-01  0.2712924E+01
  0.9500000E-01  0.2708503E+01
  0.9505000E-01  0.2704024E+01
  0.9510000E-01  0.2699484E+01
  0.9515000E-01  0.2694882E+01
  0.9520000E-01  0.2690217E+01
  0.9525000E-01  0.2685489E+01
  0.9530000E-01  0.2680697E+01
  0.9535000E-01  0.2675841E+01
  0.9540000E-01  0.2670920E+01
  0.9545000E-01  0.2665934E+01
  0.9550000E-01  0.2660884E+01
  0.9555000E-01  0.2655769E+01
  0.9560000E-01  0.2650588E+01
  0.9565000E-01  0.2645340E+01
  0.9570000E-01  0.2640019E+01
  0.9575000E-01  0.2634622E+01
  0.9580000E-01  0.2629147E+01
  0.9585000E-01  0.2623591E+01
  0.9590000E-01  0.2617951E+01
  0.9595000E-01  0.2612225E+01
  0.9600000E-01  0.2606409E+01
  0.9605000E-01  0.2600502E+01
  0.9610000E-01  0.2594505E+01
  0.9615000E-01  0.2588419E+01
  0.9620000E-01  0.2582243E+01
  0.9625000E-01  0.2575973E+01
  0.9630000E-01  0.2569609E+01
  0.9635000E-01  0.2563151E+01
  0.9640000E-01  0.2556598E+01
  0.9645000E-01  0.2549950E+01
  0.9650000E-01  0.2543206E+01
  0.9655000E-01  0.2536362E+01
  0.9660000E-01  0.2529417E+01
  0.9665000E-01  0.2522368E+01
  0.9670000E-01  0.2515211E+01
  0.9675000E-01  0.2507943E+01
  0.9680000E-01  0.2500561E+01
  0.9685000E-01  0.2493062E+01
  0.9690000E-01  0.2485444E+01
  0.9695000E-01  0.2477708E+01
  0.9700000E-01  0.2469854E+01
  0.9705000E-01  0.2461884E+01
  0.9710000E-01  0.2453801E+01
  0.9715000E-01  0.2445609E+01
  0.9720000E-01  0.2437311E+01
  0.9725000E-01  0.2428908E+01
  0.9730000E-01  0.2420401E+01
  0.9735000E-01  0.2411785E+01
  0.9740000E-01  0.2403054E+01
  0.9745000E-01  0.2394201E+01
  0.9750000E-01  0.2385214E+01
  0.9755000E-01  0.2376078E+01
  0.9760000E-01  0.2366777E+01
  0.9765000E-01  0.2357291E+01
  0.9770000E-01  0.2347597E+01
  0.9775000E-01  0.2337661E+01
  0.9780000E-01  0.2327444E+01
  0.9785000E-01  0.2316898E+01
  0.9790000E-01  0.2305968E+01
  0.9795000E-01  0.2294589E+01
  0.9800000E-01  0.2282686E+01
  0.9805000E-01  0.2270172E+01
  0.9810000E-01  0.2256949E+01
  0.9815000E-01  0.2242910E+01
  0.9820000E-01  0.2227934E+01
  0.9825000E-01  0.2211890E+01
  0.9830000E-01  0.2194632E+01
  0.9835000E-01  0.2176006E+01
  0.9840000E-01  0.2155843E+01
  0.9845000E-01  0.2133970E+01
  0.9850000E-01  0.2110206E+01
  0.9855000E-01  0.2084366E+01
  0.9860000E-01  0.2056262E+01
  0.9865000E-01  0.2025716E+01
  0.9870000E-01  0.1992552E+01
  0.9875000E-01  0.1956601E+01
  0.9880000E-01  0.1917700E+01
  0.9885000E-01  0.1875696E+01
  0.9890000E-01  0.1830448E+01
  0.9895000E-01  0.1781822E+01
  0.9900000E-01  0.1729699E+01
  0.9905000E-01  0.1673973E+01
  0.9910000E-01  0.1614549E+01
  0.9915000E-01  0.1551350E+01
  0.9920000E-01  0.1484320E+01
  0.9925000E-01  0.1413432E+01
  0.9930000E-01  0.1338691E+01
  0.9935000E-01  0.1260144E+01
  0.9940000E-01  0.1177883E+01
  0.9945000E-01  0.1092051E+01
  0.9950000E-01  0.1002849E+01
  0.9955000E-01  0.9105377E+00
  0.9960000E-01  0.8154312E+00
  0.9965000E-01  0.7178940E+00
  0.9970000E-01  0.6183258E+00
  0.9975000E-01  0.5171454E+00
  0.9980000E-01  0.4147690E+00
  0.9985000E-01  0.3115829E+00
  0.9990000E-01  0.2079154E+00
  0.9995000E-01  0.1040098E+00
  0.1000000E+00  0.0000000E+00
