  0.0000000E+00  0.0000000E+00
  0.5000000E-04  0.1042007E+00
  0.1000000E-03  0.2082971E+00
  0.1500000E-03  0.3121541E+00
  0.2000000E-03  0.4155252E+00
  0.2500000E-03  0.5180776E+00
  0.3000000E-03  0.6194216E+00
  0.3500000E-03  0.7191386E+00
  0.4000000E-03  0.8168076E+00
  0.4500000E-03  0.9120271E+00
  0.5000000E-03  0.1004433E+01
  0.5500000E-03  0.1093712E+01
  0.6000000E-03  0.1179607E+01
  0.6500000E-03  0.1261920E+01
  0.7000000E-03  0.1340507E+01
  0.7500000E-03  0.1415277E+01
  0.8000000E-03  0.1486184E+01
  0.8500000E-03  0.1553222E+01
  0.9000000E-03  0.1616416E+01
  0.9500000E-03  0.1675819E+01
  0.1000000E-02  0.1731507E+01
  0.1050000E-02  0.1783574E+01
  0.1100000E-02  0.1832132E+01
  0.1150000E-02  0.1877304E+01
  0.1200000E-02  0.1919224E+01
  0.1250000E-02  0.1958037E+01
  0.1300000E-02  0.1993895E+01
  0.1350000E-02  0.2026961E+01
  0.1400000E-02  0.2057404E+01
  0.1450000E-02  0.2085403E+01
  0.1500000E-02  0.2111138E+01
  0.1550000E-02  0.2134794E+01
  0.1600000E-02  0.2156553E+01
  0.1650000E-02  0.2176599E+01
  0.1700000E-02  0.2195108E+01
  0.1750000E-02  0.2212250E+01
  0.1800000E-02  0.2228185E+01
  0.1850000E-02  0.2243061E+01
  0.1900000E-02  0.2257016E+01
  0.1950000E-02  0.2270173E+01
  0.2000000E-02  0.2282643E+01
  0.2050000E-02  0.2294527E+01
  0.2100000E-02  0.2305912E+01
  0.2150000E-02  0.2316871E+01
  0.2200000E-02  0.2327466E+01
  0.2250000E-02  0.2337752E+01
  0.2300000E-02  0.2347771E+01
  0.2350000E-02  0.2357562E+01
  0.2400000E-02  0.2367153E+01
  0.2450000E-02  0.2376566E+01
  0.2500000E-02  0.2385819E+01
  0.2550000E-02  0.2394924E+01
  0.2600000E-02  0.2403890E+01
  0.2650000E-02  0.2412723E+01
  0.2700000E-02  0.2421430E+01
  0.2750000E-02  0.2430018E+01
  0.2800000E-02  0.2438493E+01
  0.2850000E-02  0.2446860E+01
  0.2900000E-02  0.2455125E+01
  0.2950000E-02  0.2463290E+01
  0.3000000E-02  0.2471356E+01
  0.3050000E-02  0.2479325E+01
  0.3100000E-02  0.2487194E+01
  0.3150000E-02  0.2494965E+01
  0.3200000E-02  0.2502634E+01
  0.3250000E-02  0.2510201E+01
  0.3300000E-02  0.2517663E+01
  0.3350000E-02  0.2525019E+01
  0.3400000E-02  0.2532270E+01
  0.3450000E-02  0.2539413E+01
  0.3500000E-02  0.2546449E+01
  0.3550000E-02  0.2553375E+01
  0.3600000E-02  0.2560188E+01
  0.3650000E-02  0.2566888E+01
  0.3700000E-02  0.2573475E+01
  0.3750000E-02  0.2579950E+01
  0.3800000E-02  0.2586318E+01
  0.3850000E-02  0.2592582E+01
  0.3900000E-02  0.2598746E+01
  0.3950000E-02  0.2604813E+01
  0.4000000E-02  0.2610781E+01
  0.4050000E-02  0.2616654E+01
  0.4100000E-02  0.2622432E+01
  0.4150000E-02  0.2628120E+01
  0.4200000E-02  0.2633719E+01
  0.4250000E-02  0.2639233E+01
  0.4300000E-02  0.2644665E+01
  0.4350000E-02  0.2650016E+01
  0.4400000E-02  0.2655291E+01
  0.4450000E-02  0.2660491E+01
  0.4500000E-02  0.2665617E+01
  0.4550000E-02  0.2670670E+01
  0.4600000E-02  0.2675647E+01
  0.4650000E-02  0.2680548E+01
  0.4700000E-02  0.2685372E+01
  0.4750000E-02  0.2690118E+01
  0.4800000E-02  0.2694787E+01
  0.4850000E-02  0.2699382E+01
  0.4900000E-02  0.2703905E+01
  0.4950000E-02  0.2708360E+01
  0.5000000E-02  0.2712753E+01
  0.5050000E-02  0.2717090E+01
  0.5100000E-02  0.2721375E+01
  0.5150000E-02  0.2725612E+01
  0.5200000E-02  0.2729801E+01
  0.5250000E-02  0.2733943E+01
  0.5300000E-02  0.2738040E+01
  0.5350000E-02  0.2742092E+01
  0.5400000E-02  0.2746101E+01
  0.5450000E-02  0.2750068E+01
  0.5500000E-02  0.2753994E+01
  0.5550000E-02  0.2757879E+01
  0.5600000E-02  0.2761722E+01
  0.5650000E-02  0.2765523E+01
  0.5700000E-02  0.2769282E+01
  0.5750000E-02  0.2772999E+01
  0.5800000E-02  0.2776675E+01
  0.5850000E-02  0.2780314E+01
  0.5900000E-02  0.2783917E+01
  0.5950000E-02  0.2787487E+01
  0.6000000E-02  0.2791024E+01
  0.6050000E-02  0.2794528E+01
  0.6100000E-02  0.2797999E+01
  0.6150000E-02  0.2801436E+01
  0.6200000E-02  0.2804837E+01
  0.6250000E-02  0.2808202E+01
  0.6300000E-02  0.2811531E+01
  0.6350000E-02  0.2814825E+01
  0.6400000E-02  0.2818086E+01
  0.6450000E-02  0.2821316E+01
  0.6500000E-02  0.2824515E+01
  0.6550000E-02  0.2827685E+01
  0.6600000E-02  0.2830828E+01
  0.6650000E-02  0.2833947E+01
  0.6700000E-02  0.2837043E+01
  0.6750000E-02  0.2840118E+01
  0.6800000E-02  0.2843173E+01
  0.6850000E-02  0.2846207E+01
  0.6900000E-02  0.2849220E+01
  0.6950000E-02  0.2852214E+01
  0.7000000E-02  0.2855188E+01
  0.7050000E-02  0.2858146E+01
  0.7100000E-02  0.2861089E+01
  0.7150000E-02  0.2864016E+01
  0.7200000E-02  0.2866927E+01
  0.7250000E-02  0.2869820E+01
  0.7300000E-02  0.2872696E+01
  0.7350000E-02  0.2875552E+01
  0.7400000E-02  0.2878387E+01
  0.7450000E-02  0.2881201E+01
  0.7500000E-02  0.2883992E+01
  0.7550000E-02  0.2886762E+01
  0.7600000E-02  0.2889509E+01
  0.7650000E-02  0.2892232E+01
  0.7700000E-02  0.2894931E+01
  0.7750000E-02  0.2897605E+01
  0.7800000E-02  0.2900256E+01
  0.7850000E-02  0.2902884E+01
  0.7900000E-02  0.2905489E+01
  0.7950000E-02  0.2908073E+01
  0.8000000E-02  0.2910634E+01
  0.8050000E-02  0.2913170E+01
  0.8100000E-02  0.2915683E+01
  0.8150000E-02  0.2918171E+01
  0.8200000E-02  0.2920638E+01
  0.8250000E-02  0.2923084E+01
  0.8300000E-02  0.2925512E+01
  0.8350000E-02  0.2927926E+01
  0.8400000E-02  0.2930327E+01
  0.8450000E-02  0.2932716E+01
  0.8500000E-02  0.2935091E+01
  0.8550000E-02  0.2937451E+01
  0.8600000E-02  0.2939795E+01
  0.8650000E-02  0.2942123E+01
  0.8700000E-02  0.2944434E+01
  0.8750000E-02  0.2946728E+01
  0.8800000E-02  0.2949006E+01
  0.8850000E-02  0.2951268E+01
  0.8900000E-02  0.2953516E+01
  0.8950000E-02  0.2955751E+01
  0.9000000E-02  0.2957971E+01
  0.9050000E-02  0.2960176E+01
  0.9100000E-02  0.2962363E+01
  0.9150000E-02  0.2964532E+01
  0.9200000E-02  0.2966682E+01
  0.9250000E-02  0.2968814E+01
  0.9300000E-02  0.2970930E+01
  0.9350000E-02  0.2973030E+01
  0.9400000E-02  0.2975115E+01
  0.9450000E-02  0.2977187E+01
  0.9500000E-02  0.2979248E+01
  0.9550000E-02  0.2981298E+01
  0.9600000E-02  0.2983339E+01
  0.9650000E-02  0.2985374E+01
  0.9700000E-02  0.2987403E+01
  0.9750000E-02  0.2989426E+01
  0.9800000E-02  0.2991441E+01
  0.9850000E-02  0.2993447E+01
  0.9900000E-02  0.2995442E+01
  0.9950000E-02  0.2997425E+01
  0.1000000E-01  0.2999395E+01
  0.1005000E-01  0.3001349E+01
  0.1010000E-01  0.3003287E+01
  0.1015000E-01  0.3005207E+01
  0.1020000E-01  0.3007109E+01
  0.1025000E-01  0.3008995E+01
  0.1030000E-01  0.3010865E+01
  0.1035000E-01  0.3012721E+01
  0.1040000E-01  0.3014565E+01
  0.1045000E-01  0.3016398E+01
  0.1050000E-01  0.3018220E+01
  0.1055000E-01  0.3020032E+01
  0.1060000E-01  0.3021834E+01
  0.1065000E-01  0.3023626E+01
  0.1070000E-01  0.3025410E+01
  0.1075000E-01  0.3027186E+01
  0.1080000E-01  0.3028954E+01
  0.1085000E-01  0.3030715E+01
  0.1090000E-01  0.3032471E+01
  0.1095000E-01  0.3034220E+01
  0.1100000E-01  0.3035962E+01
  0.1105000E-01  0.3037697E+01
  0.1110000E-01  0.3039425E+01
  0.1115000E-01  0.3041146E+01
  0.1120000E-01  0.3042859E+01
  0.1125000E-01  0.3044565E+01
  0.1130000E-01  0.3046264E+01
  0.1135000E-01  0.3047956E+01
  0.1140000E-01  0.3049642E+01
  0.1145000E-01  0.3051319E+01
  0.1150000E-01  0.3052988E+01
  0.1155000E-01  0.3054647E+01
  0.1160000E-01  0.3056297E+01
  0.1165000E-01  0.3057936E+01
  0.1170000E-01  0.3059563E+01
  0.1175000E-01  0.3061179E+01
  0.1180000E-01  0.3062783E+01
  0.1185000E-01  0.3064377E+01
  0.1190000E-01  0.3065959E+01
  0.1195000E-01  0.3067531E+01
  0.1200000E-01  0.3069092E+01
  0.1205000E-01  0.3070644E+01
  0.1210000E-01  0.3072185E+01
  0.1215000E-01  0.3073718E+01
  0.1220000E-01  0.3075243E+01
  0.1225000E-01  0.3076761E+01
  0.1230000E-01  0.3078273E+01
  0.1235000E-01  0.3079780E+01
  0.1240000E-01  0.3081280E+01
  0.1245000E-01  0.3082775E+01
  0.1250000E-01  0.3084264E+01
  0.1255000E-01  0.3085747E+01
  0.1260000E-01  0.3087225E+01
  0.1265000E-01  0.3088698E+01
  0.1270000E-01  0.3090167E+01
  0.1275000E-01  0.3091632E+01
  0.1280000E-01  0.3093095E+01
  0.1285000E-01  0.3094555E+01
  0.1290000E-01  0.3096012E+01
  0.1295000E-01  0.3097466E+01
  0.1300000E-01  0.3098917E+01
  0.1305000E-01  0.3100364E+01
  0.1310000E-01  0.3101808E+01
  0.1315000E-01  0.3103249E+01
  0.1320000E-01  0.3104687E+01
  0.1325000E-01  0.3106122E+01
  0.1330000E-01  0.3107553E+01
  0.1335000E-01  0.3108980E+01
  0.1340000E-01  0.3110401E+01
  0.1345000E-01  0.3111818E+01
  0.1350000E-01  0.3113228E+01
  0.1355000E-01  0.3114631E+01
  0.1360000E-01  0.3116027E+01
  0.1365000E-01  0.3117417E+01
  0.1370000E-01  0.3118799E+01
  0.1375000E-01  0.3120172E+01
  0.1380000E-01  0.3121538E+01
  0.1385000E-01  0.3122894E+01
  0.1390000E-01  0.3124240E+01
  0.1395000E-01  0.3125576E+01
  0.1400000E-01  0.3126903E+01
  0.1405000E-01  0.3128220E+01
  0.1410000E-01  0.3129526E+01
  0.1415000E-01  0.3130823E+01
  0.1420000E-01  0.3132111E+01
  0.1425000E-01  0.3133390E+01
  0.1430000E-01  0.3134661E+01
  0.1435000E-01  0.3135925E+01
  0.1440000E-01  0.3137183E+01
  0.1445000E-01  0.3138434E+01
  0.1450000E-01  0.3139679E+01
  0.1455000E-01  0.3140918E+01
  0.1460000E-01  0.3142150E+01
  0.1465000E-01  0.3143376E+01
  0.1470000E-01  0.3144597E+01
  0.1475000E-01  0.3145813E+01
  0.1480000E-01  0.3147025E+01
  0.1485000E-01  0.3148233E+01
  0.1490000E-01  0.3149437E+01
  0.1495000E-01  0.3150639E+01
  0.1500000E-01  0.3151839E+01
  0.1505000E-01  0.3153038E+01
  0.1510000E-01  0.3154235E+01
  0.1515000E-01  0.3155432E+01
  0.1520000E-01  0.3156630E+01
  0.1525000E-01  0.3157826E+01
  0.1530000E-01  0.3159023E+01
  0.1535000E-01  0.3160218E+01
  0.1540000E-01  0.3161413E+01
  0.1545000E-01  0.3162609E+01
  0.1550000E-01  0.3163804E+01
  0.1555000E-01  0.3164999E+01
  0.1560000E-01  0.3166193E+01
  0.1565000E-01  0.3167383E+01
  0.1570000E-01  0.3168570E+01
  0.1575000E-01  0.3169750E+01
  0.1580000E-01  0.3170924E+01
  0.1585000E-01  0.3172090E+01
  0.1590000E-01  0.3173250E+01
  0.1595000E-01  0.3174403E+01
  0.1600000E-01  0.3175550E+01
  0.1605000E-01  0.3176691E+01
  0.1610000E-01  0.3177827E+01
  0.1615000E-01  0.3178957E+01
  0.1620000E-01  0.3180081E+01
  0.1625000E-01  0.3181199E+01
  0.1630000E-01  0.3182313E+01
  0.1635000E-01  0.3183424E+01
  0.1640000E-01  0.3184532E+01
  0.1645000E-01  0.3185637E+01
  0.1650000E-01  0.3186739E+01
  0.1655000E-01  0.3187839E+01
  0.1660000E-01  0.3188937E+01
  0.1665000E-01  0.3190032E+01
  0.1670000E-01  0.3191125E+01
  0.1675000E-01  0.3192214E+01
  0.1680000E-01  0.3193301E+01
  0.1685000E-01  0.3194384E+01
  0.1690000E-01  0.3195464E+01
  0.1695000E-01  0.3196540E+01
  0.1700000E-01  0.3197612E+01
  0.1705000E-01  0.3198679E+01
  0.1710000E-01  0.3199743E+01
  0.1715000E-01  0.3200803E+01
  0.1720000E-01  0.3201859E+01
  0.1725000E-01  0.3202911E+01
  0.1730000E-01  0.3203956E+01
  0.1735000E-01  0.3204996E+01
  0.1740000E-01  0.3206029E+01
  0.1745000E-01  0.3207056E+01
  0.1750000E-01  0.3208078E+01
  0.1755000E-01  0.3209095E+01
  0.1760000E-01  0.3210108E+01
  0.1765000E-01  0.3211116E+01
  0.1770000E-01  0.3212122E+01
  0.1775000E-01  0.3213125E+01
  0.1780000E-01  0.3214126E+01
  0.1785000E-01  0.3215124E+01
  0.1790000E-01  0.3216118E+01
  0.1795000E-01  0.3217109E+01
  0.1800000E-01  0.3218096E+01
  0.1805000E-01  0.3219077E+01
  0.1810000E-01  0.3220054E+01
  0.1815000E-01  0.3221024E+01
  0.1820000E-01  0.3221988E+01
  0.1825000E-01  0.3222946E+01
  0.1830000E-01  0.3223897E+01
  0.1835000E-01  0.3224843E+01
  0.1840000E-01  0.3225784E+01
  0.1845000E-01  0.3226720E+01
  0.1850000E-01  0.3227652E+01
  0.1855000E-01  0.3228578E+01
  0.1860000E-01  0.3229500E+01
  0.1865000E-01  0.3230419E+01
  0.1870000E-01  0.3231332E+01
  0.1875000E-01  0.3232242E+01
  0.1880000E-01  0.3233147E+01
  0.1885000E-01  0.3234048E+01
  0.1890000E-01  0.3234944E+01
  0.1895000E-01  0.3235835E+01
  0.1900000E-01  0.3236722E+01
  0.1905000E-01  0.3237603E+01
  0.1910000E-01  0.3238478E+01
  0.1915000E-01  0.3239348E+01
  0.1920000E-01  0.3240214E+01
  0.1925000E-01  0.3241076E+01
  0.1930000E-01  0.3241935E+01
  0.1935000E-01  0.3242791E+01
  0.1940000E-01  0.3243644E+01
  0.1945000E-01  0.3244495E+01
  0.1950000E-01  0.3245343E+01
  0.1955000E-01  0.3246188E+01
  0.1960000E-01  0.3247032E+01
  0.1965000E-01  0.3247874E+01
  0.1970000E-01  0.3248714E+01
  0.1975000E-01  0.3249554E+01
  0.1980000E-01  0.3250393E+01
  0.1985000E-01  0.3251232E+01
  0.1990000E-01  0.3252069E+01
  0.1995000E-01  0.3252907E+01
  0.2000000E-01  0.3253743E+01
  0.2005000E-01  0.3254579E+01
  0.2010000E-01  0.3255413E+01
  0.2015000E-01  0.3256247E+01
  0.2020000E-01  0.3257081E+01
  0.2025000E-01  0.3257914E+01
  0.2030000E-01  0.3258747E+01
  0.2035000E-01  0.3259578E+01
  0.2040000E-01  0.3260407E+01
  0.2045000E-01  0.3261233E+01
  0.2050000E-01  0.3262056E+01
  0.2055000E-01  0.3262876E+01
  0.2060000E-01  0.3263693E+01
  0.2065000E-01  0.3264505E+01
  0.2070000E-01  0.3265315E+01
  0.2075000E-01  0.3266121E+01
  0.2080000E-01  0.3266923E+01
  0.2085000E-01  0.3267721E+01
  0.2090000E-01  0.3268516E+01
  0.2095000E-01  0.3269308E+01
  0.2100000E-01  0.3270098E+01
  0.2105000E-01  0.3270885E+01
  0.2110000E-01  0.3271670E+01
  0.2115000E-01  0.3272454E+01
  0.2120000E-01  0.3273236E+01
  0.2125000E-01  0.3274017E+01
  0.2130000E-01  0.3274797E+01
  0.2135000E-01  0.3275575E+01
  0.2140000E-01  0.3276352E+01
  0.2145000E-01  0.3277127E+01
  0.2150000E-01  0.3277898E+01
  0.2155000E-01  0.3278665E+01
  0.2160000E-01  0.3279429E+01
  0.2165000E-01  0.3280188E+01
  0.2170000E-01  0.3280944E+01
  0.2175000E-01  0.3281696E+01
  0.2180000E-01  0.3282443E+01
  0.2185000E-01  0.3283186E+01
  0.2190000E-01  0.3283922E+01
  0.2195000E-01  0.3284654E+01
  0.2200000E-01  0.3285381E+01
  0.2205000E-01  0.3286104E+01
  0.2210000E-01  0.3286822E+01
  0.2215000E-01  0.3287538E+01
  0.2220000E-01  0.3288251E+01
  0.2225000E-01  0.3288961E+01
  0.2230000E-01  0.3289669E+01
  0.2235000E-01  0.3290375E+01
  0.2240000E-01  0.3291079E+01
  0.2245000E-01  0.3291781E+01
  0.2250000E-01  0.3292481E+01
  0.2255000E-01  0.3293179E+01
  0.2260000E-01  0.3293875E+01
  0.2265000E-01  0.3294570E+01
  0.2270000E-01  0.3295263E+01
  0.2275000E-01  0.3295954E+01
  0.2280000E-01  0.3296642E+01
  0.2285000E-01  0.3297327E+01
  0.2290000E-01  0.3298010E+01
  0.2295000E-01  0.3298689E+01
  0.2300000E-01  0.3299365E+01
  0.2305000E-01  0.3300038E+01
  0.2310000E-01  0.3300708E+01
  0.2315000E-01  0.3301374E+01
  0.2320000E-01  0.3302038E+01
  0.2325000E-01  0.3302699E+01
  0.2330000E-01  0.3303357E+01
  0.2335000E-01  0.3304014E+01
  0.2340000E-01  0.3304670E+01
  0.2345000E-01  0.3305325E+01
  0.2350000E-01  0.3305980E+01
  0.2355000E-01  0.3306635E+01
  0.2360000E-01  0.3307289E+01
  0.2365000E-01  0.3307942E+01
  0.2370000E-01  0.3308594E+01
  0.2375000E-01  0.3309246E+01
  0.2380000E-01  0.3309896E+01
  0.2385000E-01  0.3310546E+01
  0.2390000E-01  0.3311196E+01
  0.2395000E-01  0.3311846E+01
  0.2400000E-01  0.3312497E+01
  0.2405000E-01  0.3313148E+01
  0.2410000E-01  0.3313800E+01
  0.2415000E-01  0.3314453E+01
  0.2420000E-01  0.3315107E+01
  0.2425000E-01  0.3315761E+01
  0.2430000E-01  0.3316417E+01
  0.2435000E-01  0.3317073E+01
  0.2440000E-01  0.3317730E+01
  0.2445000E-01  0.3318388E+01
  0.2450000E-01  0.3319047E+01
  0.2455000E-01  0.3319706E+01
  0.2460000E-01  0.3320366E+01
  0.2465000E-01  0.3321025E+01
  0.2470000E-01  0.3321685E+01
  0.2475000E-01  0.3322345E+01
  0.2480000E-01  0.3323006E+01
  0.2485000E-01  0.3323667E+01
  0.2490000E-01  0.3324328E+01
  0.2495000E-01  0.3324989E+01
  0.2500000E-01  0.3325650E+01
  0.2505000E-01  0.3326311E+01
  0.2510000E-01  0.3326971E+01
  0.2515000E-01  0.3327631E+01
  0.2520000E-01  0.3328289E+01
  0.2525000E-01  0.3328946E+01
  0.2530000E-01  0.3329601E+01
  0.2535000E-01  0.3330255E+01
  0.2540000E-01  0.3330908E+01
  0.2545000E-01  0.3331561E+01
  0.2550000E-01  0.3332214E+01
  0.2555000E-01  0.3332867E+01
  0.2560000E-01  0.3333519E+01
  0.2565000E-01  0.3334171E+01
  0.2570000E-01  0.3334822E+01
  0.2575000E-01  0.3335472E+01
  0.2580000E-01  0.3336120E+01
  0.2585000E-01  0.3336767E+01
  0.2590000E-01  0.3337412E+01
  0.2595000E-01  0.3338055E+01
  0.2600000E-01  0.3338697E+01
  0.2605000E-01  0.3339337E+01
  0.2610000E-01  0.3339976E+01
  0.2615000E-01  0.3340613E+01
  0.2620000E-01  0.3341250E+01
  0.2625000E-01  0.3341887E+01
  0.2630000E-01  0.3342524E+01
  0.2635000E-01  0.3343162E+01
  0.2640000E-01  0.3343801E+01
  0.2645000E-01  0.3344442E+01
  0.2650000E-01  0.3345084E+01
  0.2655000E-01  0.3345727E+01
  0.2660000E-01  0.3346371E+01
  0.2665000E-01  0.3347017E+01
  0.2670000E-01  0.3347663E+01
  0.2675000E-01  0.3348309E+01
  0.2680000E-01  0.3348954E+01
  0.2685000E-01  0.3349597E+01
  0.2690000E-01  0.3350239E+01
  0.2695000E-01  0.3350880E+01
  0.2700000E-01  0.3351519E+01
  0.2705000E-01  0.3352156E+01
  0.2710000E-01  0.3352792E+01
  0.2715000E-01  0.3353426E+01
  0.2720000E-01  0.3354058E+01
  0.2725000E-01  0.3354688E+01
  0.2730000E-01  0.3355317E+01
  0.2735000E-01  0.3355942E+01
  0.2740000E-01  0.3356565E+01
  0.2745000E-01  0.3357186E+01
  0.2750000E-01  0.3357804E+01
  0.2755000E-01  0.3358420E+01
  0.2760000E-01  0.3359033E+01
  0.2765000E-01  0.3359644E+01
  0.2770000E-01  0.3360253E+01
  0.2775000E-01  0.3360859E+01
  0.2780000E-01  0.3361462E+01
  0.2785000E-01  0.3362063E+01
  0.2790000E-01  0.3362662E+01
  0.2795000E-01  0.3363258E+01
  0.2800000E-01  0.3363852E+01
  0.2805000E-01  0.3364445E+01
  0.2810000E-01  0.3365035E+01
  0.2815000E-01  0.3365624E+01
  0.2820000E-01  0.3366212E+01
  0.2825000E-01  0.3366798E+01
  0.2830000E-01  0.3367384E+01
  0.2835000E-01  0.3367968E+01
  0.2840000E-01  0.3368552E+01
  0.2845000E-01  0.3369134E+01
  0.2850000E-01  0.3369714E+01
  0.2855000E-01  0.3370292E+01
  0.2860000E-01  0.3370867E+01
  0.2865000E-01  0.3371440E+01
  0.2870000E-01  0.3372011E+01
  0.2875000E-01  0.3372579E+01
  0.2880000E-01  0.3373145E+01
  0.2885000E-01  0.3373709E+01
  0.2890000E-01  0.3374271E+01
  0.2895000E-01  0.3374832E+01
  0.2900000E-01  0.3375391E+01
  0.2905000E-01  0.3375950E+01
  0.2910000E-01  0.3376509E+01
  0.2915000E-01  0.3377067E+01
  0.2920000E-01  0.3377626E+01
  0.2925000E-01  0.3378184E+01
  0.2930000E-01  0.3378741E+01
  0.2935000E-01  0.3379298E+01
  0.2940000E-01  0.3379854E+01
  0.2945000E-01  0.3380410E+01
  0.2950000E-01  0.3380964E+01
  0.2955000E-01  0.3381516E+01
  0.2960000E-01  0.3382067E+01
  0.2965000E-01  0.3382615E+01
  0.2970000E-01  0.3383159E+01
  0.2975000E-01  0.3383699E+01
  0.2980000E-01  0.3384235E+01
  0.2985000E-01  0.3384764E+01
  0.2990000E-01  0.3385288E+01
  0.2995000E-01  0.3385807E+01
  0.3000000E-01  0.3386320E+01
  0.3005000E-01  0.3386828E+01
  0.3010000E-01  0.3387332E+01
  0.3015000E-01  0.3387831E+01
  0.3020000E-01  0.3388325E+01
  0.3025000E-01  0.3388817E+01
  0.3030000E-01  0.3389305E+01
  0.3035000E-01  0.3389791E+01
  0.3040000E-01  0.3390276E+01
  0.3045000E-01  0.3390759E+01
  0.3050000E-01  0.3391242E+01
  0.3055000E-01  0.3391724E+01
  0.3060000E-01  0.3392206E+01
  0.3065000E-01  0.3392688E+01
  0.3070000E-01  0.3393168E+01
  0.3075000E-01  0.3393648E+01
  0.3080000E-01  0.3394126E+01
  0.3085000E-01  0.3394601E+01
  0.3090000E-01  0.3395074E+01
  0.3095000E-01  0.3395545E+01
  0.3100000E-01  0.3396012E+01
  0.3105000E-01  0.3396476E+01
  0.3110000E-01  0.3396937E+01
  0.3115000E-01  0.3397395E+01
  0.3120000E-01  0.3397852E+01
  0.3125000E-01  0.3398307E+01
  0.3130000E-01  0.3398763E+01
  0.3135000E-01  0.3399217E+01
  0.3140000E-01  0.3399672E+01
  0.3145000E-01  0.3400127E+01
  0.3150000E-01  0.3400580E+01
  0.3155000E-01  0.3401034E+01
  0.3160000E-01  0.3401486E+01
  0.3165000E-01  0.3401938E+01
  0.3170000E-01  0.3402389E+01
  0.3175000E-01  0.3402838E+01
  0.3180000E-01  0.3403285E+01
  0.3185000E-01  0.3403730E+01
  0.3190000E-01  0.3404173E+01
  0.3195000E-01  0.3404613E+01
  0.3200000E-01  0.3405052E+01
  0.3205000E-01  0.3405489E+01
  0.3210000E-01  0.3405925E+01
  0.3215000E-01  0.3406360E+01
  0.3220000E-01  0.3406796E+01
  0.3225000E-01  0.3407231E+01
  0.3230000E-01  0.3407667E+01
  0.3235000E-01  0.3408103E+01
  0.3240000E-01  0.3408540E+01
  0.3245000E-01  0.3408977E+01
  0.3250000E-01  0.3409415E+01
  0.3255000E-01  0.3409853E+01
  0.3260000E-01  0.3410291E+01
  0.3265000E-01  0.3410729E+01
  0.3270000E-01  0.3411166E+01
  0.3275000E-01  0.3411603E+01
  0.3280000E-01  0.3412040E+01
  0.3285000E-01  0.3412475E+01
  0.3290000E-01  0.3412909E+01
  0.3295000E-01  0.3413341E+01
  0.3300000E-01  0.3413771E+01
  0.3305000E-01  0.3414198E+01
  0.3310000E-01  0.3414622E+01
  0.3315000E-01  0.3415045E+01
  0.3320000E-01  0.3415466E+01
  0.3325000E-01  0.3415886E+01
  0.3330000E-01  0.3416305E+01
  0.3335000E-01  0.3416724E+01
  0.3340000E-01  0.3417144E+01
  0.3345000E-01  0.3417564E+01
  0.3350000E-01  0.3417983E+01
  0.3355000E-01  0.3418403E+01
  0.3360000E-01  0.3418823E+01
  0.3365000E-01  0.3419242E+01
  0.3370000E-01  0.3419662E+01
  0.3375000E-01  0.3420082E+01
  0.3380000E-01  0.3420504E+01
  0.3385000E-01  0.3420927E+01
  0.3390000E-01  0.3421351E+01
  0.3395000E-01  0.3421777E+01
  0.3400000E-01  0.3422203E+01
  0.3405000E-01  0.3422629E+01
  0.3410000E-01  0.3423055E+01
  0.3415000E-01  0.3423481E+01
  0.3420000E-01  0.3423906E+01
  0.3425000E-01  0.3424332E+01
  0.3430000E-01  0.3424758E+01
  0.3435000E-01  0.3425183E+01
  0.3440000E-01  0.3425608E+01
  0.3445000E-01  0.3426033E+01
  0.3450000E-01  0.3426457E+01
  0.3455000E-01  0.3426880E+01
  0.3460000E-01  0.3427301E+01
  0.3465000E-01  0.3427721E+01
  0.3470000E-01  0.3428140E+01
  0.3475000E-01  0.3428558E+01
  0.3480000E-01  0.3428975E+01
  0.3485000E-01  0.3429390E+01
  0.3490000E-01  0.3429804E+01
  0.3495000E-01  0.3430217E+01
  0.3500000E-01  0.3430628E+01
  0.3505000E-01  0.3431039E+01
  0.3510000E-01  0.3431449E+01
  0.3515000E-01  0.3431860E+01
  0.3520000E-01  0.3432270E+01
  0.3525000E-01  0.3432680E+01
  0.3530000E-01  0.3433090E+01
  0.3535000E-01  0.3433498E+01
  0.3540000E-01  0.3433906E+01
  0.3545000E-01  0.3434314E+01
  0.3550000E-01  0.3434720E+01
  0.3555000E-01  0.3435125E+01
  0.3560000E-01  0.3435528E+01
  0.3565000E-01  0.3435930E+01
  0.3570000E-01  0.3436330E+01
  0.3575000E-01  0.3436730E+01
  0.3580000E-01  0.3437128E+01
  0.3585000E-01  0.3437527E+01
  0.3590000E-01  0.3437925E+01
  0.3595000E-01  0.3438322E+01
  0.3600000E-01  0.3438720E+01
  0.3605000E-01  0.3439118E+01
  0.3610000E-01  0.3439515E+01
  0.3615000E-01  0.3439913E+01
  0.3620000E-01  0.3440311E+01
  0.3625000E-01  0.3440708E+01
  0.3630000E-01  0.3441106E+01
  0.3635000E-01  0.3441502E+01
  0.3640000E-01  0.3441898E+01
  0.3645000E-01  0.3442292E+01
  0.3650000E-01  0.3442685E+01
  0.3655000E-01  0.3443076E+01
  0.3660000E-01  0.3443466E+01
  0.3665000E-01  0.3443853E+01
  0.3670000E-01  0.3444239E+01
  0.3675000E-01  0.3444622E+01
  0.3680000E-01  0.3445003E+01
  0.3685000E-01  0.3445380E+01
  0.3690000E-01  0.3445754E+01
  0.3695000E-01  0.3446125E+01
  0.3700000E-01  0.3446492E+01
  0.3705000E-01  0.3446857E+01
  0.3710000E-01  0.3447219E+01
  0.3715000E-01  0.3447578E+01
  0.3720000E-01  0.3447936E+01
  0.3725000E-01  0.3448293E+01
  0.3730000E-01  0.3448649E+01
  0.3735000E-01  0.3449005E+01
  0.3740000E-01  0.3449361E+01
  0.3745000E-01  0.3449717E+01
  0.3750000E-01  0.3450074E+01
  0.3755000E-01  0.3450432E+01
  0.3760000E-01  0.3450791E+01
  0.3765000E-01  0.3451150E+01
  0.3770000E-01  0.3451511E+01
  0.3775000E-01  0.3451873E+01
  0.3780000E-01  0.3452236E+01
  0.3785000E-01  0.3452601E+01
  0.3790000E-01  0.3452966E+01
  0.3795000E-01  0.3453332E+01
  0.3800000E-01  0.3453698E+01
  0.3805000E-01  0.3454064E+01
  0.3810000E-01  0.3454430E+01
  0.3815000E-01  0.3454795E+01
  0.3820000E-01  0.3455160E+01
  0.3825000E-01  0.3455525E+01
  0.3830000E-01  0.3455889E+01
  0.3835000E-01  0.3456253E+01
  0.3840000E-01  0.3456617E+01
  0.3845000E-01  0.3456980E+01
  0.3850000E-01  0.3457343E+01
  0.3855000E-01  0.3457705E+01
  0.3860000E-01  0.3458067E+01
  0.3865000E-01  0.3458428E+01
  0.3870000E-01  0.3458788E+01
  0.3875000E-01  0.3459147E+01
  0.3880000E-01  0.3459504E+01
  0.3885000E-01  0.3459860E+01
  0.3890000E-01  0.3460214E+01
  0.3895000E-01  0.3460566E+01
  0.3900000E-01  0.3460915E+01
  0.3905000E-01  0.3461263E+01
  0.3910000E-01  0.3461609E+01
  0.3915000E-01  0.3461951E+01
  0.3920000E-01  0.3462292E+01
  0.3925000E-01  0.3462629E+01
  0.3930000E-01  0.3462963E+01
  0.3935000E-01  0.3463295E+01
  0.3940000E-01  0.3463623E+01
  0.3945000E-01  0.3463948E+01
  0.3950000E-01  0.3464270E+01
  0.3955000E-01  0.3464588E+01
  0.3960000E-01  0.3464902E+01
  0.3965000E-01  0.3465211E+01
  0.3970000E-01  0.3465516E+01
  0.3975000E-01  0.3465818E+01
  0.3980000E-01  0.3466115E+01
  0.3985000E-01  0.3466409E+01
  0.3990000E-01  0.3466699E+01
  0.3995000E-01  0.3466987E+01
  0.4000000E-01  0.3467272E+01
  0.4005000E-01  0.3467555E+01
  0.4010000E-01  0.3467835E+01
  0.4015000E-01  0.3468114E+01
  0.4020000E-01  0.3468391E+01
  0.4025000E-01  0.3468666E+01
  0.4030000E-01  0.3468939E+01
  0.4035000E-01  0.3469211E+01
  0.4040000E-01  0.3469481E+01
  0.4045000E-01  0.3469749E+01
  0.4050000E-01  0.3470015E+01
  0.4055000E-01  0.3470280E+01
  0.4060000E-01  0.3470543E+01
  0.4065000E-01  0.3470804E+01
  0.4070000E-01  0.3471063E+01
  0.4075000E-01  0.3471320E+01
  0.4080000E-01  0.3471575E+01
  0.4085000E-01  0.3471829E+01
  0.4090000E-01  0.3472081E+01
  0.4095000E-01  0.3472331E+01
  0.4100000E-01  0.3472580E+01
  0.4105000E-01  0.3472826E+01
  0.4110000E-01  0.3473072E+01
  0.4115000E-01  0.3473315E+01
  0.4120000E-01  0.3473557E+01
  0.4125000E-01  0.3473798E+01
  0.4130000E-01  0.3474037E+01
  0.4135000E-01  0.3474275E+01
  0.4140000E-01  0.3474512E+01
  0.4145000E-01  0.3474746E+01
  0.4150000E-01  0.3474979E+01
  0.4155000E-01  0.3475210E+01
  0.4160000E-01  0.3475440E+01
  0.4165000E-01  0.3475667E+01
  0.4170000E-01  0.3475892E+01
  0.4175000E-01  0.3476116E+01
  0.4180000E-01  0.3476336E+01
  0.4185000E-01  0.3476555E+01
  0.4190000E-01  0.3476771E+01
  0.4195000E-01  0.3476985E+01
  0.4200000E-01  0.3477198E+01
  0.4205000E-01  0.3477409E+01
  0.4210000E-01  0.3477618E+01
  0.4215000E-01  0.3477827E+01
  0.4220000E-01  0.3478034E+01
  0.4225000E-01  0.3478241E+01
  0.4230000E-01  0.3478446E+01
  0.4235000E-01  0.3478650E+01
  0.4240000E-01  0.3478853E+01
  0.4245000E-01  0.3479054E+01
  0.4250000E-01  0.3479254E+01
  0.4255000E-01  0.3479453E+01
  0.4260000E-01  0.3479650E+01
  0.4265000E-01  0.3479846E+01
  0.4270000E-01  0.3480040E+01
  0.4275000E-01  0.3480232E+01
  0.4280000E-01  0.3480422E+01
  0.4285000E-01  0.3480610E+01
  0.4290000E-01  0.3480797E+01
  0.4295000E-01  0.3480982E+01
  0.4300000E-01  0.3481165E+01
  0.4305000E-01  0.3481347E+01
  0.4310000E-01  0.3481527E+01
  0.4315000E-01  0.3481706E+01
  0.4320000E-01  0.3481884E+01
  0.4325000E-01  0.3482061E+01
  0.4330000E-01  0.3482238E+01
  0.4335000E-01  0.3482414E+01
  0.4340000E-01  0.3482591E+01
  0.4345000E-01  0.3482768E+01
  0.4350000E-01  0.3482946E+01
  0.4355000E-01  0.3483124E+01
  0.4360000E-01  0.3483303E+01
  0.4365000E-01  0.3483484E+01
  0.4370000E-01  0.3483665E+01
  0.4375000E-01  0.3483847E+01
  0.4380000E-01  0.3484029E+01
  0.4385000E-01  0.3484212E+01
  0.4390000E-01  0.3484394E+01
  0.4395000E-01  0.3484576E+01
  0.4400000E-01  0.3484758E+01
  0.4405000E-01  0.3484938E+01
  0.4410000E-01  0.3485118E+01
  0.4415000E-01  0.3485297E+01
  0.4420000E-01  0.3485474E+01
  0.4425000E-01  0.3485649E+01
  0.4430000E-01  0.3485823E+01
  0.4435000E-01  0.3485996E+01
  0.4440000E-01  0.3486168E+01
  0.4445000E-01  0.3486338E+01
  0.4450000E-01  0.3486508E+01
  0.4455000E-01  0.3486677E+01
  0.4460000E-01  0.3486845E+01
  0.4465000E-01  0.3487011E+01
  0.4470000E-01  0.3487177E+01
  0.4475000E-01  0.3487342E+01
  0.4480000E-01  0.3487505E+01
  0.4485000E-01  0.3487666E+01
  0.4490000E-01  0.3487826E+01
  0.4495000E-01  0.3487984E+01
  0.4500000E-01  0.3488140E+01
  0.4505000E-01  0.3488293E+01
  0.4510000E-01  0.3488446E+01
  0.4515000E-01  0.3488596E+01
  0.4520000E-01  0.3488746E+01
  0.4525000E-01  0.3488894E+01
  0.4530000E-01  0.3489042E+01
  0.4535000E-01  0.3489189E+01
  0.4540000E-01  0.3489336E+01
  0.4545000E-01  0.3489481E+01
  0.4550000E-01  0.3489625E+01
  0.4555000E-01  0.3489769E+01
  0.4560000E-01  0.3489910E+01
  0.4565000E-01  0.3490051E+01
  0.4570000E-01  0.3490189E+01
  0.4575000E-01  0.3490325E+01
  0.4580000E-01  0.3490460E+01
  0.4585000E-01  0.3490593E+01
  0.4590000E-01  0.3490723E+01
  0.4595000E-01  0.3490852E+01
  0.4600000E-01  0.3490979E+01
  0.4605000E-01  0.3491105E+01
  0.4610000E-01  0.3491229E+01
  0.4615000E-01  0.3491351E+01
  0.4620000E-01  0.3491472E+01
  0.4625000E-01  0.3491593E+01
  0.4630000E-01  0.3491712E+01
  0.4635000E-01  0.3491830E+01
  0.4640000E-01  0.3491949E+01
  0.4645000E-01  0.3492066E+01
  0.4650000E-01  0.3492183E+01
  0.4655000E-01  0.3492298E+01
  0.4660000E-01  0.3492411E+01
  0.4665000E-01  0.3492522E+01
  0.4670000E-01  0.3492632E+01
  0.4675000E-01  0.3492739E+01
  0.4680000E-01  0.3492844E+01
  0.4685000E-01  0.3492948E+01
  0.4690000E-01  0.3493049E+01
  0.4695000E-01  0.3493149E+01
  0.4700000E-01  0.3493247E+01
  0.4705000E-01  0.3493343E+01
  0.4710000E-01  0.3493436E+01
  0.4715000E-01  0.3493526E+01
  0.4720000E-01  0.3493613E+01
  0.4725000E-01  0.3493697E+01
  0.4730000E-01  0.3493778E+01
  0.4735000E-01  0.3493855E+01
  0.4740000E-01  0.3493930E+01
  0.4745000E-01  0.3494001E+01
  0.4750000E-01  0.3494069E+01
  0.4755000E-01  0.3494136E+01
  0.4760000E-01  0.3494200E+01
  0.4765000E-01  0.3494262E+01
  0.4770000E-01  0.3494324E+01
  0.4775000E-01  0.3494384E+01
  0.4780000E-01  0.3494443E+01
  0.4785000E-01  0.3494501E+01
  0.4790000E-01  0.3494560E+01
  0.4795000E-01  0.3494618E+01
  0.4800000E-01  0.3494675E+01
  0.4805000E-01  0.3494733E+01
  0.4810000E-01  0.3494790E+01
  0.4815000E-01  0.3494847E+01
  0.4820000E-01  0.3494904E+01
  0.4825000E-01  0.3494959E+01
  0.4830000E-01  0.3495015E+01
  0.4835000E-01  0.3495070E+01
  0.4840000E-01  0.3495125E+01
  0.4845000E-01  0.3495180E+01
  0.4850000E-01  0.3495236E+01
  0.4855000E-01  0.3495292E+01
  0.4860000E-01  0.3495349E+01
  0.4865000E-01  0.3495406E+01
  0.4870000E-01  0.3495464E+01
  0.4875000E-01  0.3495523E+01
  0.4880000E-01  0.3495583E+01
  0.4885000E-01  0.3495643E+01
  0.4890000E-01  0.3495704E+01
  0.4895000E-01  0.3495765E+01
  0.4900000E-01  0.3495826E+01
  0.4905000E-01  0.3495888E+01
  0.4910000E-01  0.3495950E+01
  0.4915000E-01  0.3496010E+01
  0.4920000E-01  0.3496070E+01
  0.4925000E-01  0.3496128E+01
  0.4930000E-01  0.3496185E+01
  0.4935000E-01  0.3496240E+01
  0.4940000E-01  0.3496293E+01
  0.4945000E-01  0.3496344E+01
  0.4950000E-01  0.3496393E+01
  0.4955000E-01  0.3496439E+01
  0.4960000E-01  0.3496482E+01
  0.4965000E-01  0.3496524E+01
  0.4970000E-01  0.3496562E+01
  0.4975000E-01  0.3496599E+01
  0.4980000E-01  0.3496634E+01
  0.4985000E-01  0.3496666E+01
  0.4990000E-01  0.3496696E+01
  0.4995000E-01  0.3496724E+01
  0.5000000E-01  0.3496749E+01
  0.5005000E-01  0.3496774E+01
  0.5010000E-01  0.3496796E+01
  0.5015000E-01  0.3496818E+01
  0.5020000E-01  0.3496839E+01
  0.5025000E-01  0.3496860E+01
  0.5030000E-01  0.3496880E+01
  0.5035000E-01  0.3496900E+01
  0.5040000E-01  0.3496919E+01
  0.5045000E-01  0.3496938E+01
  0.5050000E-01  0.3496956E+01
  0.5055000E-01  0.3496974E+01
  0.5060000E-01  0.3496991E+01
  0.5065000E-01  0.3497007E+01
  0.5070000E-01  0.3497022E+01
  0.5075000E-01  0.3497036E+01
  0.5080000E-01  0.3497048E+01
  0.5085000E-01  0.3497059E+01
  0.5090000E-01  0.3497069E+01
  0.5095000E-01  0.3497076E+01
  0.5100000E-01  0.3497082E+01
  0.5105000E-01  0.3497085E+01
  0.5110000E-01  0.3497086E+01
  0.5115000E-01  0.3497084E+01
  0.5120000E-01  0.3497080E+01
  0.5125000E-01  0.3497073E+01
  0.5130000E-01  0.3497063E+01
  0.5135000E-01  0.3497050E+01
  0.5140000E-01  0.3497036E+01
  0.5145000E-01  0.3497019E+01
  0.5150000E-01  0.3496999E+01
  0.5155000E-01  0.3496977E+01
  0.5160000E-01  0.3496953E+01
  0.5165000E-01  0.3496926E+01
  0.5170000E-01  0.3496896E+01
  0.5175000E-01  0.3496862E+01
  0.5180000E-01  0.3496826E+01
  0.5185000E-01  0.3496787E+01
  0.5190000E-01  0.3496745E+01
  0.5195000E-01  0.3496700E+01
  0.5200000E-01  0.3496652E+01
  0.5205000E-01  0.3496602E+01
  0.5210000E-01  0.3496549E+01
  0.5215000E-01  0.3496492E+01
  0.5220000E-01  0.3496432E+01
  0.5225000E-01  0.3496369E+01
  0.5230000E-01  0.3496302E+01
  0.5235000E-01  0.3496232E+01
  0.5240000E-01  0.3496158E+01
  0.5245000E-01  0.3496081E+01
  0.5250000E-01  0.3496001E+01
  0.5255000E-01  0.3495917E+01
  0.5260000E-01  0.3495829E+01
  0.5265000E-01  0.3495738E+01
  0.5270000E-01  0.3495644E+01
  0.5275000E-01  0.3495545E+01
  0.5280000E-01  0.3495442E+01
  0.5285000E-01  0.3495334E+01
  0.5290000E-01  0.3495224E+01
  0.5295000E-01  0.3495109E+01
  0.5300000E-01  0.3494992E+01
  0.5305000E-01  0.3494872E+01
  0.5310000E-01  0.3494749E+01
  0.5315000E-01  0.3494624E+01
  0.5320000E-01  0.3494496E+01
  0.5325000E-01  0.3494367E+01
  0.5330000E-01  0.3494234E+01
  0.5335000E-01  0.3494100E+01
  0.5340000E-01  0.3493964E+01
  0.5345000E-01  0.3493826E+01
  0.5350000E-01  0.3493686E+01
  0.5355000E-01  0.3493544E+01
  0.5360000E-01  0.3493401E+01
  0.5365000E-01  0.3493256E+01
  0.5370000E-01  0.3493109E+01
  0.5375000E-01  0.3492961E+01
  0.5380000E-01  0.3492811E+01
  0.5385000E-01  0.3492660E+01
  0.5390000E-01  0.3492507E+01
  0.5395000E-01  0.3492354E+01
  0.5400000E-01  0.3492199E+01
  0.5405000E-01  0.3492044E+01
  0.5410000E-01  0.3491888E+01
  0.5415000E-01  0.3491732E+01
  0.5420000E-01  0.3491575E+01
  0.5425000E-01  0.3491417E+01
  0.5430000E-01  0.3491260E+01
  0.5435000E-01  0.3491102E+01
  0.5440000E-01  0.3490944E+01
  0.5445000E-01  0.3490785E+01
  0.5450000E-01  0.3490627E+01
  0.5455000E-01  0.3490468E+01
  0.5460000E-01  0.3490308E+01
  0.5465000E-01  0.3490148E+01
  0.5470000E-01  0.3489988E+01
  0.5475000E-01  0.3489827E+01
  0.5480000E-01  0.3489665E+01
  0.5485000E-01  0.3489503E+01
  0.5490000E-01  0.3489339E+01
  0.5495000E-01  0.3489174E+01
  0.5500000E-01  0.3489007E+01
  0.5505000E-01  0.3488839E+01
  0.5510000E-01  0.3488669E+01
  0.5515000E-01  0.3488497E+01
  0.5520000E-01  0.3488324E+01
  0.5525000E-01  0.3488150E+01
  0.5530000E-01  0.3487974E+01
  0.5535000E-01  0.3487797E+01
  0.5540000E-01  0.3487618E+01
  0.5545000E-01  0.3487438E+01
  0.5550000E-01  0.3487256E+01
  0.5555000E-01  0.3487071E+01
  0.5560000E-01  0.3486884E+01
  0.5565000E-01  0.3486695E+01
  0.5570000E-01  0.3486504E+01
  0.5575000E-01  0.3486311E+01
  0.5580000E-01  0.3486116E+01
  0.5585000E-01  0.3485919E+01
  0.5590000E-01  0.3485720E+01
  0.5595000E-01  0.3485520E+01
  0.5600000E-01  0.3485319E+01
  0.5605000E-01  0.3485116E+01
  0.5610000E-01  0.3484913E+01
  0.5615000E-01  0.3484710E+01
  0.5620000E-01  0.3484506E+01
  0.5625000E-01  0.3484302E+01
  0.5630000E-01  0.3484099E+01
  0.5635000E-01  0.3483896E+01
  0.5640000E-01  0.3483692E+01
  0.5645000E-01  0.3483489E+01
  0.5650000E-01  0.3483285E+01
  0.5655000E-01  0.3483082E+01
  0.5660000E-01  0.3482879E+01
  0.5665000E-01  0.3482676E+01
  0.5670000E-01  0.3482473E+01
  0.5675000E-01  0.3482270E+01
  0.5680000E-01  0.3482068E+01
  0.5685000E-01  0.3481865E+01
  0.5690000E-01  0.3481663E+01
  0.5695000E-01  0.3481460E+01
  0.5700000E-01  0.3481257E+01
  0.5705000E-01  0.3481053E+01
  0.5710000E-01  0.3480849E+01
  0.5715000E-01  0.3480645E+01
  0.5720000E-01  0.3480440E+01
  0.5725000E-01  0.3480235E+01
  0.5730000E-01  0.3480029E+01
  0.5735000E-01  0.3479822E+01
  0.5740000E-01  0.3479614E+01
  0.5745000E-01  0.3479405E+01
  0.5750000E-01  0.3479193E+01
  0.5755000E-01  0.3478980E+01
  0.5760000E-01  0.3478764E+01
  0.5765000E-01  0.3478546E+01
  0.5770000E-01  0.3478326E+01
  0.5775000E-01  0.3478103E+01
  0.5780000E-01  0.3477878E+01
  0.5785000E-01  0.3477651E+01
  0.5790000E-01  0.3477422E+01
  0.5795000E-01  0.3477191E+01
  0.5800000E-01  0.3476957E+01
  0.5805000E-01  0.3476722E+01
  0.5810000E-01  0.3476485E+01
  0.5815000E-01  0.3476247E+01
  0.5820000E-01  0.3476008E+01
  0.5825000E-01  0.3475768E+01
  0.5830000E-01  0.3475527E+01
  0.5835000E-01  0.3475284E+01
  0.5840000E-01  0.3475040E+01
  0.5845000E-01  0.3474794E+01
  0.5850000E-01  0.3474544E+01
  0.5855000E-01  0.3474292E+01
  0.5860000E-01  0.3474038E+01
  0.5865000E-01  0.3473780E+01
  0.5870000E-01  0.3473520E+01
  0.5875000E-01  0.3473257E+01
  0.5880000E-01  0.3472991E+01
  0.5885000E-01  0.3472723E+01
  0.5890000E-01  0.3472451E+01
  0.5895000E-01  0.3472178E+01
  0.5900000E-01  0.3471902E+01
  0.5905000E-01  0.3471623E+01
  0.5910000E-01  0.3471343E+01
  0.5915000E-01  0.3471060E+01
  0.5920000E-01  0.3470776E+01
  0.5925000E-01  0.3470488E+01
  0.5930000E-01  0.3470198E+01
  0.5935000E-01  0.3469906E+01
  0.5940000E-01  0.3469610E+01
  0.5945000E-01  0.3469312E+01
  0.5950000E-01  0.3469012E+01
  0.5955000E-01  0.3468709E+01
  0.5960000E-01  0.3468404E+01
  0.5965000E-01  0.3468098E+01
  0.5970000E-01  0.3467790E+01
  0.5975000E-01  0.3467479E+01
  0.5980000E-01  0.3467167E+01
  0.5985000E-01  0.3466853E+01
  0.5990000E-01  0.3466538E+01
  0.5995000E-01  0.3466220E+01
  0.6000000E-01  0.3465902E+01
  0.6005000E-01  0.3465582E+01
  0.6010000E-01  0.3465262E+01
  0.6015000E-01  0.3464940E+01
  0.6020000E-01  0.3464618E+01
  0.6025000E-01  0.3464295E+01
  0.6030000E-01  0.3463971E+01
  0.6035000E-01  0.3463645E+01
  0.6040000E-01  0.3463319E+01
  0.6045000E-01  0.3462992E+01
  0.6050000E-01  0.3462664E+01
  0.6055000E-01  0.3462335E+01
  0.6060000E-01  0.3462005E+01
  0.6065000E-01  0.3461675E+01
  0.6070000E-01  0.3461345E+01
  0.6075000E-01  0.3461015E+01
  0.6080000E-01  0.3460684E+01
  0.6085000E-01  0.3460354E+01
  0.6090000E-01  0.3460024E+01
  0.6095000E-01  0.3459695E+01
  0.6100000E-01  0.3459366E+01
  0.6105000E-01  0.3459038E+01
  0.6110000E-01  0.3458711E+01
  0.6115000E-01  0.3458385E+01
  0.6120000E-01  0.3458060E+01
  0.6125000E-01  0.3457736E+01
  0.6130000E-01  0.3457413E+01
  0.6135000E-01  0.3457091E+01
  0.6140000E-01  0.3456769E+01
  0.6145000E-01  0.3456447E+01
  0.6150000E-01  0.3456126E+01
  0.6155000E-01  0.3455805E+01
  0.6160000E-01  0.3455483E+01
  0.6165000E-01  0.3455161E+01
  0.6170000E-01  0.3454839E+01
  0.6175000E-01  0.3454515E+01
  0.6180000E-01  0.3454190E+01
  0.6185000E-01  0.3453863E+01
  0.6190000E-01  0.3453535E+01
  0.6195000E-01  0.3453204E+01
  0.6200000E-01  0.3452872E+01
  0.6205000E-01  0.3452537E+01
  0.6210000E-01  0.3452200E+01
  0.6215000E-01  0.3451861E+01
  0.6220000E-01  0.3451519E+01
  0.6225000E-01  0.3451176E+01
  0.6230000E-01  0.3450832E+01
  0.6235000E-01  0.3450486E+01
  0.6240000E-01  0.3450138E+01
  0.6245000E-01  0.3449788E+01
  0.6250000E-01  0.3449437E+01
  0.6255000E-01  0.3449084E+01
  0.6260000E-01  0.3448729E+01
  0.6265000E-01  0.3448372E+01
  0.6270000E-01  0.3448013E+01
  0.6275000E-01  0.3447652E+01
  0.6280000E-01  0.3447289E+01
  0.6285000E-01  0.3446923E+01
  0.6290000E-01  0.3446556E+01
  0.6295000E-01  0.3446187E+01
  0.6300000E-01  0.3445818E+01
  0.6305000E-01  0.3445447E+01
  0.6310000E-01  0.3445075E+01
  0.6315000E-01  0.3444702E+01
  0.6320000E-01  0.3444329E+01
  0.6325000E-01  0.3443955E+01
  0.6330000E-01  0.3443580E+01
  0.6335000E-01  0.3443204E+01
  0.6340000E-01  0.3442825E+01
  0.6345000E-01  0.3442445E+01
  0.6350000E-01  0.3442063E+01
  0.6355000E-01  0.3441679E+01
  0.6360000E-01  0.3441293E+01
  0.6365000E-01  0.3440904E+01
  0.6370000E-01  0.3440513E+01
  0.6375000E-01  0.3440119E+01
  0.6380000E-01  0.3439723E+01
  0.6385000E-01  0.3439326E+01
  0.6390000E-01  0.3438926E+01
  0.6395000E-01  0.3438525E+01
  0.6400000E-01  0.3438122E+01
  0.6405000E-01  0.3437718E+01
  0.6410000E-01  0.3437312E+01
  0.6415000E-01  0.3436906E+01
  0.6420000E-01  0.3436500E+01
  0.6425000E-01  0.3436095E+01
  0.6430000E-01  0.3435689E+01
  0.6435000E-01  0.3435285E+01
  0.6440000E-01  0.3434881E+01
  0.6445000E-01  0.3434478E+01
  0.6450000E-01  0.3434075E+01
  0.6455000E-01  0.3433672E+01
  0.6460000E-01  0.3433269E+01
  0.6465000E-01  0.3432865E+01
  0.6470000E-01  0.3432461E+01
  0.6475000E-01  0.3432055E+01
  0.6480000E-01  0.3431648E+01
  0.6485000E-01  0.3431239E+01
  0.6490000E-01  0.3430829E+01
  0.6495000E-01  0.3430418E+01
  0.6500000E-01  0.3430005E+01
  0.6505000E-01  0.3429591E+01
  0.6510000E-01  0.3429176E+01
  0.6515000E-01  0.3428760E+01
  0.6520000E-01  0.3428343E+01
  0.6525000E-01  0.3427924E+01
  0.6530000E-01  0.3427505E+01
  0.6535000E-01  0.3427084E+01
  0.6540000E-01  0.3426662E+01
  0.6545000E-01  0.3426240E+01
  0.6550000E-01  0.3425818E+01
  0.6555000E-01  0.3425396E+01
  0.6560000E-01  0.3424973E+01
  0.6565000E-01  0.3424551E+01
  0.6570000E-01  0.3424130E+01
  0.6575000E-01  0.3423709E+01
  0.6580000E-01  0.3423288E+01
  0.6585000E-01  0.3422867E+01
  0.6590000E-01  0.3422446E+01
  0.6595000E-01  0.3422026E+01
  0.6600000E-01  0.3421605E+01
  0.6605000E-01  0.3421184E+01
  0.6610000E-01  0.3420763E+01
  0.6615000E-01  0.3420341E+01
  0.6620000E-01  0.3419918E+01
  0.6625000E-01  0.3419493E+01
  0.6630000E-01  0.3419067E+01
  0.6635000E-01  0.3418638E+01
  0.6640000E-01  0.3418207E+01
  0.6645000E-01  0.3417773E+01
  0.6650000E-01  0.3417336E+01
  0.6655000E-01  0.3416895E+01
  0.6660000E-01  0.3416451E+01
  0.6665000E-01  0.3416003E+01
  0.6670000E-01  0.3415553E+01
  0.6675000E-01  0.3415101E+01
  0.6680000E-01  0.3414648E+01
  0.6685000E-01  0.3414193E+01
  0.6690000E-01  0.3413737E+01
  0.6695000E-01  0.3413280E+01
  0.6700000E-01  0.3412822E+01
  0.6705000E-01  0.3412361E+01
  0.6710000E-01  0.3411898E+01
  0.6715000E-01  0.3411432E+01
  0.6720000E-01  0.3410965E+01
  0.6725000E-01  0.3410495E+01
  0.6730000E-01  0.3410023E+01
  0.6735000E-01  0.3409549E+01
  0.6740000E-01  0.3409073E+01
  0.6745000E-01  0.3408595E+01
  0.6750000E-01  0.3408116E+01
  0.6755000E-01  0.3407635E+01
  0.6760000E-01  0.3407153E+01
  0.6765000E-01  0.3406669E+01
  0.6770000E-01  0.3406184E+01
  0.6775000E-01  0.3405698E+01
  0.6780000E-01  0.3405212E+01
  0.6785000E-01  0.3404724E+01
  0.6790000E-01  0.3404236E+01
  0.6795000E-01  0.3403746E+01
  0.6800000E-01  0.3403256E+01
  0.6805000E-01  0.3402765E+01
  0.6810000E-01  0.3402273E+01
  0.6815000E-01  0.3401781E+01
  0.6820000E-01  0.3401289E+01
  0.6825000E-01  0.3400797E+01
  0.6830000E-01  0.3400305E+01
  0.6835000E-01  0.3399814E+01
  0.6840000E-01  0.3399322E+01
  0.6845000E-01  0.3398830E+01
  0.6850000E-01  0.3398338E+01
  0.6855000E-01  0.3397846E+01
  0.6860000E-01  0.3397353E+01
  0.6865000E-01  0.3396861E+01
  0.6870000E-01  0.3396369E+01
  0.6875000E-01  0.3395878E+01
  0.6880000E-01  0.3395388E+01
  0.6885000E-01  0.3394899E+01
  0.6890000E-01  0.3394411E+01
  0.6895000E-01  0.3393925E+01
  0.6900000E-01  0.3393439E+01
  0.6905000E-01  0.3392955E+01
  0.6910000E-01  0.3392471E+01
  0.6915000E-01  0.3391988E+01
  0.6920000E-01  0.3391505E+01
  0.6925000E-01  0.3391022E+01
  0.6930000E-01  0.3390539E+01
  0.6935000E-01  0.3390057E+01
  0.6940000E-01  0.3389575E+01
  0.6945000E-01  0.3389093E+01
  0.6950000E-01  0.3388613E+01
  0.6955000E-01  0.3388134E+01
  0.6960000E-01  0.3387656E+01
  0.6965000E-01  0.3387178E+01
  0.6970000E-01  0.3386701E+01
  0.6975000E-01  0.3386224E+01
  0.6980000E-01  0.3385747E+01
  0.6985000E-01  0.3385270E+01
  0.6990000E-01  0.3384793E+01
  0.6995000E-01  0.3384315E+01
  0.7000000E-01  0.3383838E+01
  0.7005000E-01  0.3383360E+01
  0.7010000E-01  0.3382882E+01
  0.7015000E-01  0.3382405E+01
  0.7020000E-01  0.3381927E+01
  0.7025000E-01  0.3381449E+01
  0.7030000E-01  0.3380972E+01
  0.7035000E-01  0.3380496E+01
  0.7040000E-01  0.3380021E+01
  0.7045000E-01  0.3379547E+01
  0.7050000E-01  0.3379075E+01
  0.7055000E-01  0.3378604E+01
  0.7060000E-01  0.3378133E+01
  0.7065000E-01  0.3377662E+01
  0.7070000E-01  0.3377191E+01
  0.7075000E-01  0.3376720E+01
  0.7080000E-01  0.3376248E+01
  0.7085000E-01  0.3375776E+01
  0.7090000E-01  0.3375303E+01
  0.7095000E-01  0.3374830E+01
  0.7100000E-01  0.3374356E+01
  0.7105000E-01  0.3373881E+01
  0.7110000E-01  0.3373406E+01
  0.7115000E-01  0.3372930E+01
  0.7120000E-01  0.3372453E+01
  0.7125000E-01  0.3371975E+01
  0.7130000E-01  0.3371496E+01
  0.7135000E-01  0.3371015E+01
  0.7140000E-01  0.3370533E+01
  0.7145000E-01  0.3370048E+01
  0.7150000E-01  0.3369561E+01
  0.7155000E-01  0.3369070E+01
  0.7160000E-01  0.3368576E+01
  0.7165000E-01  0.3368078E+01
  0.7170000E-01  0.3367576E+01
  0.7175000E-01  0.3367072E+01
  0.7180000E-01  0.3366565E+01
  0.7185000E-01  0.3366057E+01
  0.7190000E-01  0.3365549E+01
  0.7195000E-01  0.3365039E+01
  0.7200000E-01  0.3364529E+01
  0.7205000E-01  0.3364018E+01
  0.7210000E-01  0.3363506E+01
  0.7215000E-01  0.3362993E+01
  0.7220000E-01  0.3362478E+01
  0.7225000E-01  0.3361961E+01
  0.7230000E-01  0.3361441E+01
  0.7235000E-01  0.3360918E+01
  0.7240000E-01  0.3360391E+01
  0.7245000E-01  0.3359860E+01
  0.7250000E-01  0.3359326E+01
  0.7255000E-01  0.3358788E+01
  0.7260000E-01  0.3358248E+01
  0.7265000E-01  0.3357704E+01
  0.7270000E-01  0.3357158E+01
  0.7275000E-01  0.3356609E+01
  0.7280000E-01  0.3356057E+01
  0.7285000E-01  0.3355501E+01
  0.7290000E-01  0.3354941E+01
  0.7295000E-01  0.3354378E+01
  0.7300000E-01  0.3353810E+01
  0.7305000E-01  0.3353240E+01
  0.7310000E-01  0.3352666E+01
  0.7315000E-01  0.3352089E+01
  0.7320000E-01  0.3351510E+01
  0.7325000E-01  0.3350929E+01
  0.7330000E-01  0.3350346E+01
  0.7335000E-01  0.3349761E+01
  0.7340000E-01  0.3349175E+01
  0.7345000E-01  0.3348588E+01
  0.7350000E-01  0.3348000E+01
  0.7355000E-01  0.3347411E+01
  0.7360000E-01  0.3346820E+01
  0.7365000E-01  0.3346229E+01
  0.7370000E-01  0.3345637E+01
  0.7375000E-01  0.3345043E+01
  0.7380000E-01  0.3344448E+01
  0.7385000E-01  0.3343850E+01
  0.7390000E-01  0.3343250E+01
  0.7395000E-01  0.3342647E+01
  0.7400000E-01  0.3342041E+01
  0.7405000E-01  0.3341432E+01
  0.7410000E-01  0.3340821E+01
  0.7415000E-01  0.3340206E+01
  0.7420000E-01  0.3339589E+01
  0.7425000E-01  0.3338970E+01
  0.7430000E-01  0.3338349E+01
  0.7435000E-01  0.3337725E+01
  0.7440000E-01  0.3337100E+01
  0.7445000E-01  0.3336472E+01
  0.7450000E-01  0.3335843E+01
  0.7455000E-01  0.3335211E+01
  0.7460000E-01  0.3334578E+01
  0.7465000E-01  0.3333943E+01
  0.7470000E-01  0.3333306E+01
  0.7475000E-01  0.3332668E+01
  0.7480000E-01  0.3332030E+01
  0.7485000E-01  0.3331392E+01
  0.7490000E-01  0.3330755E+01
  0.7495000E-01  0.3330117E+01
  0.7500000E-01  0.3329478E+01
  0.7505000E-01  0.3328838E+01
  0.7510000E-01  0.3328196E+01
  0.7515000E-01  0.3327550E+01
  0.7520000E-01  0.3326902E+01
  0.7525000E-01  0.3326251E+01
  0.7530000E-01  0.3325596E+01
  0.7535000E-01  0.3324939E+01
  0.7540000E-01  0.3324279E+01
  0.7545000E-01  0.3323618E+01
  0.7550000E-01  0.3322956E+01
  0.7555000E-01  0.3322293E+01
  0.7560000E-01  0.3321630E+01
  0.7565000E-01  0.3320966E+01
  0.7570000E-01  0.3320303E+01
  0.7575000E-01  0.3319640E+01
  0.7580000E-01  0.3318976E+01
  0.7585000E-01  0.3318312E+01
  0.7590000E-01  0.3317648E+01
  0.7595000E-01  0.3316982E+01
  0.7600000E-01  0.3316316E+01
  0.7605000E-01  0.3315649E+01
  0.7610000E-01  0.3314982E+01
  0.7615000E-01  0.3314315E+01
  0.7620000E-01  0.3313648E+01
  0.7625000E-01  0.3312981E+01
  0.7630000E-01  0.3312314E+01
  0.7635000E-01  0.3311647E+01
  0.7640000E-01  0.3310977E+01
  0.7645000E-01  0.3310306E+01
  0.7650000E-01  0.3309631E+01
  0.7655000E-01  0.3308954E+01
  0.7660000E-01  0.3308272E+01
  0.7665000E-01  0.3307586E+01
  0.7670000E-01  0.3306896E+01
  0.7675000E-01  0.3306201E+01
  0.7680000E-01  0.3305502E+01
  0.7685000E-01  0.3304799E+01
  0.7690000E-01  0.3304092E+01
  0.7695000E-01  0.3303380E+01
  0.7700000E-01  0.3302665E+01
  0.7705000E-01  0.3301945E+01
  0.7710000E-01  0.3301222E+01
  0.7715000E-01  0.3300495E+01
  0.7720000E-01  0.3299766E+01
  0.7725000E-01  0.3299035E+01
  0.7730000E-01  0.3298302E+01
  0.7735000E-01  0.3297567E+01
  0.7740000E-01  0.3296832E+01
  0.7745000E-01  0.3296095E+01
  0.7750000E-01  0.3295357E+01
  0.7755000E-01  0.3294619E+01
  0.7760000E-01  0.3293879E+01
  0.7765000E-01  0.3293137E+01
  0.7770000E-01  0.3292392E+01
  0.7775000E-01  0.3291645E+01
  0.7780000E-01  0.3290894E+01
  0.7785000E-01  0.3290139E+01
  0.7790000E-01  0.3289380E+01
  0.7795000E-01  0.3288616E+01
  0.7800000E-01  0.3287848E+01
  0.7805000E-01  0.3287075E+01
  0.7810000E-01  0.3286299E+01
  0.7815000E-01  0.3285520E+01
  0.7820000E-01  0.3284738E+01
  0.7825000E-01  0.3283953E+01
  0.7830000E-01  0.3283165E+01
  0.7835000E-01  0.3282374E+01
  0.7840000E-01  0.3281579E+01
  0.7845000E-01  0.3280780E+01
  0.7850000E-01  0.3279978E+01
  0.7855000E-01  0.3279172E+01
  0.7860000E-01  0.3278362E+01
  0.7865000E-01  0.3277547E+01
  0.7870000E-01  0.3276728E+01
  0.7875000E-01  0.3275904E+01
  0.7880000E-01  0.3275077E+01
  0.7885000E-01  0.3274246E+01
  0.7890000E-01  0.3273413E+01
  0.7895000E-01  0.3272578E+01
  0.7900000E-01  0.3271740E+01
  0.7905000E-01  0.3270902E+01
  0.7910000E-01  0.3270063E+01
  0.7915000E-01  0.3269224E+01
  0.7920000E-01  0.3268385E+01
  0.7925000E-01  0.3267546E+01
  0.7930000E-01  0.3266707E+01
  0.7935000E-01  0.3265869E+01
  0.7940000E-01  0.3265031E+01
  0.7945000E-01  0.3264194E+01
  0.7950000E-01  0.3263356E+01
  0.7955000E-01  0.3262518E+01
  0.7960000E-01  0.3261680E+01
  0.7965000E-01  0.3260841E+01
  0.7970000E-01  0.3260000E+01
  0.7975000E-01  0.3259159E+01
  0.7980000E-01  0.3258318E+01
  0.7985000E-01  0.3257476E+01
  0.7990000E-01  0.3256633E+01
  0.7995000E-01  0.3255791E+01
  0.8000000E-01  0.3254950E+01
  0.8005000E-01  0.3254111E+01
  0.8010000E-01  0.3253275E+01
  0.8015000E-01  0.3252443E+01
  0.8020000E-01  0.3251614E+01
  0.8025000E-01  0.3250787E+01
  0.8030000E-01  0.3249963E+01
  0.8035000E-01  0.3249141E+01
  0.8040000E-01  0.3248320E+01
  0.8045000E-01  0.3247499E+01
  0.8050000E-01  0.3246677E+01
  0.8055000E-01  0.3245855E+01
  0.8060000E-01  0.3245031E+01
  0.8065000E-01  0.3244204E+01
  0.8070000E-01  0.3243373E+01
  0.8075000E-01  0.3242540E+01
  0.8080000E-01  0.3241702E+01
  0.8085000E-01  0.3240861E+01
  0.8090000E-01  0.3240017E+01
  0.8095000E-01  0.3239171E+01
  0.8100000E-01  0.3238322E+01
  0.8105000E-01  0.3237472E+01
  0.8110000E-01  0.3236619E+01
  0.8115000E-01  0.3235765E+01
  0.8120000E-01  0.3234908E+01
  0.8125000E-01  0.3234049E+01
  0.8130000E-01  0.3233188E+01
  0.8135000E-01  0.3232325E+01
  0.8140000E-01  0.3231459E+01
  0.8145000E-01  0.3230590E+01
  0.8150000E-01  0.3229717E+01
  0.8155000E-01  0.3228842E+01
  0.8160000E-01  0.3227963E+01
  0.8165000E-01  0.3227083E+01
  0.8170000E-01  0.3226200E+01
  0.8175000E-01  0.3225316E+01
  0.8180000E-01  0.3224430E+01
  0.8185000E-01  0.3223543E+01
  0.8190000E-01  0.3222653E+01
  0.8195000E-01  0.3221760E+01
  0.8200000E-01  0.3220864E+01
  0.8205000E-01  0.3219963E+01
  0.8210000E-01  0.3219059E+01
  0.8215000E-01  0.3218149E+01
  0.8220000E-01  0.3217236E+01
  0.8225000E-01  0.3216318E+01
  0.8230000E-01  0.3215398E+01
  0.8235000E-01  0.3214474E+01
  0.8240000E-01  0.3213546E+01
  0.8245000E-01  0.3212616E+01
  0.8250000E-01  0.3211681E+01
  0.8255000E-01  0.3210744E+01
  0.8260000E-01  0.3209802E+01
  0.8265000E-01  0.3208856E+01
  0.8270000E-01  0.3207905E+01
  0.8275000E-01  0.3206948E+01
  0.8280000E-01  0.3205985E+01
  0.8285000E-01  0.3205014E+01
  0.8290000E-01  0.3204037E+01
  0.8295000E-01  0.3203054E+01
  0.8300000E-01  0.3202064E+01
  0.8305000E-01  0.3201067E+01
  0.8310000E-01  0.3200064E+01
  0.8315000E-01  0.3199056E+01
  0.8320000E-01  0.3198043E+01
  0.8325000E-01  0.3197024E+01
  0.8330000E-01  0.3196002E+01
  0.8335000E-01  0.3194976E+01
  0.8340000E-01  0.3193947E+01
  0.8345000E-01  0.3192913E+01
  0.8350000E-01  0.3191874E+01
  0.8355000E-01  0.3190830E+01
  0.8360000E-01  0.3189778E+01
  0.8365000E-01  0.3188720E+01
  0.8370000E-01  0.3187654E+01
  0.8375000E-01  0.3186580E+01
  0.8380000E-01  0.3185496E+01
  0.8385000E-01  0.3184403E+01
  0.8390000E-01  0.3183300E+01
  0.8395000E-01  0.3182188E+01
  0.8400000E-01  0.3181067E+01
  0.8405000E-01  0.3179938E+01
  0.8410000E-01  0.3178801E+01
  0.8415000E-01  0.3177656E+01
  0.8420000E-01  0.3176505E+01
  0.8425000E-01  0.3175347E+01
  0.8430000E-01  0.3174183E+01
  0.8435000E-01  0.3173012E+01
  0.8440000E-01  0.3171834E+01
  0.8445000E-01  0.3170648E+01
  0.8450000E-01  0.3169455E+01
  0.8455000E-01  0.3168255E+01
  0.8460000E-01  0.3167047E+01
  0.8465000E-01  0.3165834E+01
  0.8470000E-01  0.3164615E+01
  0.8475000E-01  0.3163392E+01
  0.8480000E-01  0.3162165E+01
  0.8485000E-01  0.3160934E+01
  0.8490000E-01  0.3159700E+01
  0.8495000E-01  0.3158462E+01
  0.8500000E-01  0.3157220E+01
  0.8505000E-01  0.3155975E+01
  0.8510000E-01  0.3154725E+01
  0.8515000E-01  0.3153471E+01
  0.8520000E-01  0.3152212E+01
  0.8525000E-01  0.3150949E+01
  0.8530000E-01  0.3149682E+01
  0.8535000E-01  0.3148410E+01
  0.8540000E-01  0.3147136E+01
  0.8545000E-01  0.3145859E+01
  0.8550000E-01  0.3144579E+01
  0.8555000E-01  0.3143295E+01
  0.8560000E-01  0.3142007E+01
  0.8565000E-01  0.3140714E+01
  0.8570000E-01  0.3139416E+01
  0.8575000E-01  0.3138114E+01
  0.8580000E-01  0.3136805E+01
  0.8585000E-01  0.3135490E+01
  0.8590000E-01  0.3134168E+01
  0.8595000E-01  0.3132837E+01
  0.8600000E-01  0.3131497E+01
  0.8605000E-01  0.3130148E+01
  0.8610000E-01  0.3128788E+01
  0.8615000E-01  0.3127419E+01
  0.8620000E-01  0.3126040E+01
  0.8625000E-01  0.3124648E+01
  0.8630000E-01  0.3123245E+01
  0.8635000E-01  0.3121828E+01
  0.8640000E-01  0.3120398E+01
  0.8645000E-01  0.3118956E+01
  0.8650000E-01  0.3117503E+01
  0.8655000E-01  0.3116040E+01
  0.8660000E-01  0.3114567E+01
  0.8665000E-01  0.3113086E+01
  0.8670000E-01  0.3111597E+01
  0.8675000E-01  0.3110100E+01
  0.8680000E-01  0.3108594E+01
  0.8685000E-01  0.3107081E+01
  0.8690000E-01  0.3105561E+01
  0.8695000E-01  0.3104033E+01
  0.8700000E-01  0.3102498E+01
  0.8705000E-01  0.3100958E+01
  0.8710000E-01  0.3099414E+01
  0.8715000E-01  0.3097866E+01
  0.8720000E-01  0.3096314E+01
  0.8725000E-01  0.3094760E+01
  0.8730000E-01  0.3093202E+01
  0.8735000E-01  0.3091642E+01
  0.8740000E-01  0.3090080E+01
  0.8745000E-01  0.3088519E+01
  0.8750000E-01  0.3086958E+01
  0.8755000E-01  0.3085399E+01
  0.8760000E-01  0.3083840E+01
  0.8765000E-01  0.3082283E+01
  0.8770000E-01  0.3080726E+01
  0.8775000E-01  0.3079170E+01
  0.8780000E-01  0.3077613E+01
  0.8785000E-01  0.3076055E+01
  0.8790000E-01  0.3074493E+01
  0.8795000E-01  0.3072926E+01
  0.8800000E-01  0.3071356E+01
  0.8805000E-01  0.3069781E+01
  0.8810000E-01  0.3068202E+01
  0.8815000E-01  0.3066618E+01
  0.8820000E-01  0.3065029E+01
  0.8825000E-01  0.3063433E+01
  0.8830000E-01  0.3061833E+01
  0.8835000E-01  0.3060227E+01
  0.8840000E-01  0.3058615E+01
  0.8845000E-01  0.3056999E+01
  0.8850000E-01  0.3055378E+01
  0.8855000E-01  0.3053752E+01
  0.8860000E-01  0.3052120E+01
  0.8865000E-01  0.3050479E+01
  0.8870000E-01  0.3048830E+01
  0.8875000E-01  0.3047171E+01
  0.8880000E-01  0.3045502E+01
  0.8885000E-01  0.3043822E+01
  0.8890000E-01  0.3042131E+01
  0.8895000E-01  0.3040427E+01
  0.8900000E-01  0.3038711E+01
  0.8905000E-01  0.3036981E+01
  0.8910000E-01  0.3035237E+01
  0.8915000E-01  0.3033480E+01
  0.8920000E-01  0.3031708E+01
  0.8925000E-01  0.3029921E+01
  0.8930000E-01  0.3028119E+01
  0.8935000E-01  0.3026302E+01
  0.8940000E-01  0.3024472E+01
  0.8945000E-01  0.3022628E+01
  0.8950000E-01  0.3020773E+01
  0.8955000E-01  0.3018906E+01
  0.8960000E-01  0.3017028E+01
  0.8965000E-01  0.3015139E+01
  0.8970000E-01  0.3013240E+01
  0.8975000E-01  0.3011330E+01
  0.8980000E-01  0.3009410E+01
  0.8985000E-01  0.3007480E+01
  0.8990000E-01  0.3005538E+01
  0.8995000E-01  0.3003587E+01
  0.9000000E-01  0.3001624E+01
  0.9005000E-01  0.2999650E+01
  0.9010000E-01  0.2997667E+01
  0.9015000E-01  0.2995674E+01
  0.9020000E-01  0.2993673E+01
  0.9025000E-01  0.2991665E+01
  0.9030000E-01  0.2989650E+01
  0.9035000E-01  0.2987626E+01
  0.9040000E-01  0.2985591E+01
  0.9045000E-01  0.2983546E+01
  0.9050000E-01  0.2981489E+01
  0.9055000E-01  0.2979419E+01
  0.9060000E-01  0.2977336E+01
  0.9065000E-01  0.2975239E+01
  0.9070000E-01  0.2973129E+01
  0.9075000E-01  0.2971006E+01
  0.9080000E-01  0.2968870E+01
  0.9085000E-01  0.2966722E+01
  0.9090000E-01  0.2964558E+01
  0.9095000E-01  0.2962378E+01
  0.9100000E-01  0.2960181E+01
  0.9105000E-01  0.2957964E+01
  0.9110000E-01  0.2955728E+01
  0.9115000E-01  0.2953472E+01
  0.9120000E-01  0.2951196E+01
  0.9125000E-01  0.2948901E+01
  0.9130000E-01  0.2946586E+01
  0.9135000E-01  0.2944253E+01
  0.9140000E-01  0.2941900E+01
  0.9145000E-01  0.2939530E+01
  0.9150000E-01  0.2937141E+01
  0.9155000E-01  0.2934734E+01
  0.9160000E-01  0.2932309E+01
  0.9165000E-01  0.2929866E+01
  0.9170000E-01  0.2927406E+01
  0.9175000E-01  0.2924929E+01
  0.9180000E-01  0.2922437E+01
  0.9185000E-01  0.2919929E+01
  0.9190000E-01  0.2917406E+01
  0.9195000E-01  0.2914868E+01
  0.9200000E-01  0.2912317E+01
  0.9205000E-01  0.2909750E+01
  0.9210000E-01  0.2907169E+01
  0.9215000E-01  0.2904572E+01
  0.9220000E-01  0.2901958E+01
  0.9225000E-01  0.2899326E+01
  0.9230000E-01  0.2896674E+01
  0.9235000E-01  0.2894002E+01
  0.9240000E-01  0.2891312E+01
  0.9245000E-01  0.2888602E+01
  0.9250000E-01  0.2885873E+01
  0.9255000E-01  0.2883127E+01
  0.9260000E-01  0.2880363E+01
  0.9265000E-01  0.2877585E+01
  0.9270000E-01  0.2874791E+01
  0.9275000E-01  0.2871982E+01
  0.9280000E-01  0.2869158E+01
  0.9285000E-01  0.2866316E+01
  0.9290000E-01  0.2863456E+01
  0.9295000E-01  0.2860576E+01
  0.9300000E-01  0.2857674E+01
  0.9305000E-01  0.2854751E+01
  0.9310000E-01  0.2851808E+01
  0.9315000E-01  0.2848846E+01
  0.9320000E-01  0.2845865E+01
  0.9325000E-01  0.2842865E+01
  0.9330000E-01  0.2839844E+01
  0.9335000E-01  0.2836799E+01
  0.9340000E-01  0.2833726E+01
  0.9345000E-01  0.2830623E+01
  0.9350000E-01  0.2827488E+01
  0.9355000E-01  0.2824319E+01
  0.9360000E-01  0.2821115E+01
  0.9365000E-01  0.2817874E+01
  0.9370000E-01  0.2814597E+01
  0.9375000E-01  0.2811285E+01
  0.9380000E-01  0.2807940E+01
  0.9385000E-01  0.2804561E+01
  0.9390000E-01  0.2801147E+01
  0.9395000E-01  0.2797698E+01
  0.9400000E-01  0.2794213E+01
  0.9405000E-01  0.2790689E+01
  0.9410000E-01  0.2787128E+01
  0.9415000E-01  0.2783528E+01
  0.9420000E-01  0.2779891E+01
  0.9425000E-01  0.2776217E+01
  0.9430000E-01  0.2772508E+01
  0.9435000E-01  0.2768762E+01
  0.9440000E-01  0.2764980E+01
  0.9445000E-01  0.2761162E+01
  0.9450000E-01  0.2757306E+01
  0.9455000E-01  0.2753412E+01
  0.9460000E-01  0.2749477E+01
  0.9465000E-01  0.2745499E+01
  0.9470000E-01  0.2741475E+01
  0.9475000E-01  0.2737402E+01
  0.9480000E-01  0.2733278E+01
  0.9485000E-01  0.2729099E+01
  0.9490000E-01  0.2724864E+01
  0.9495000E-01  0.2720571E+01
  0.9500000E-01  0.2716219E+01
  0.9505000E-01  0.2711803E+01
  0.9510000E-01  0.2707319E+01
  0.9515000E-01  0.2702766E+01
  0.9520000E-01  0.2698140E+01
  0.9525000E-01  0.2693441E+01
  0.9530000E-01  0.2688668E+01
  0.9535000E-01  0.2683821E+01
  0.9540000E-01  0.2678898E+01
  0.9545000E-01  0.2673900E+01
  0.9550000E-01  0.2668824E+01
  0.9555000E-01  0.2663668E+01
  0.9560000E-01  0.2658429E+01
  0.9565000E-01  0.2653104E+01
  0.9570000E-01  0.2647690E+01
  0.9575000E-01  0.2642185E+01
  0.9580000E-01  0.2636586E+01
  0.9585000E-01  0.2630893E+01
  0.9590000E-01  0.2625106E+01
  0.9595000E-01  0.2619225E+01
  0.9600000E-01  0.2613253E+01
  0.9605000E-01  0.2607188E+01
  0.9610000E-01  0.2601028E+01
  0.9615000E-01  0.2594772E+01
  0.9620000E-01  0.2588418E+01
  0.9625000E-01  0.2581970E+01
  0.9630000E-01  0.2575425E+01
  0.9635000E-01  0.2568786E+01
  0.9640000E-01  0.2562052E+01
  0.9645000E-01  0.2555221E+01
  0.9650000E-01  0.2548295E+01
  0.9655000E-01  0.2541272E+01
  0.9660000E-01  0.2534152E+01
  0.9665000E-01  0.2526936E+01
  0.9670000E-01  0.2519624E+01
  0.9675000E-01  0.2512216E+01
  0.9680000E-01  0.2504707E+01
  0.9685000E-01  0.2497099E+01
  0.9690000E-01  0.2489389E+01
  0.9695000E-01  0.2481579E+01
  0.9700000E-01  0.2473668E+01
  0.9705000E-01  0.2465657E+01
  0.9710000E-01  0.2457544E+01
  0.9715000E-01  0.2449327E+01
  0.9720000E-01  0.2441001E+01
  0.9725000E-01  0.2432560E+01
  0.9730000E-01  0.2424000E+01
  0.9735000E-01  0.2415315E+01
  0.9740000E-01  0.2406501E+01
  0.9745000E-01  0.2397553E+01
  0.9750000E-01  0.2388463E+01
  0.9755000E-01  0.2379221E+01
  0.9760000E-01  0.2369813E+01
  0.9765000E-01  0.2360222E+01
  0.9770000E-01  0.2350423E+01
  0.9775000E-01  0.2340387E+01
  0.9780000E-01  0.2330083E+01
  0.9785000E-01  0.2319468E+01
  0.9790000E-01  0.2308492E+01
  0.9795000E-01  0.2297091E+01
  0.9800000E-01  0.2285195E+01
  0.9805000E-01  0.2272718E+01
  0.9810000E-01  0.2259563E+01
  0.9815000E-01  0.2245619E+01
  0.9820000E-01  0.2230760E+01
  0.9825000E-01  0.2214851E+01
  0.9830000E-01  0.2197738E+01
  0.9835000E-01  0.2179261E+01
  0.9840000E-01  0.2159249E+01
  0.9845000E-01  0.2137524E+01
  0.9850000E-01  0.2113897E+01
  0.9855000E-01  0.2088184E+01
  0.9860000E-01  0.2060196E+01
  0.9865000E-01  0.2029755E+01
  0.9870000E-01  0.1996684E+01
  0.9875000E-01  0.1960814E+01
  0.9880000E-01  0.1921984E+01
  0.9885000E-01  0.1880041E+01
  0.9890000E-01  0.1834841E+01
  0.9895000E-01  0.1786249E+01
  0.9900000E-01  0.1734141E+01
  0.9905000E-01  0.1678406E+01
  0.9910000E-01  0.1618946E+01
  0.9915000E-01  0.1555684E+01
  0.9920000E-01  0.1488567E+01
  0.9925000E-01  0.1417566E+01
  0.9930000E-01  0.1342689E+01
  0.9935000E-01  0.1263980E+01
  0.9940000E-01  0.1181534E+01
  0.9945000E-01  0.1095492E+01
  0.9950000E-01  0.1006057E+01
  0.9955000E-01  0.9134914E+00
  0.9960000E-01  0.8181094E+00
  0.9965000E-01  0.7202766E+00
  0.9970000E-01  0.6203953E+00
  0.9975000E-01  0.5188877E+00
  0.9980000E-01  0.4161727E+00
  0.9985000E-01  0.3126401E+00
  0.9990000E-01  0.2086212E+00
  0.9995000E-01  0.1043628E+00
  0.1000000E+00  0.0000000E+00
