  0.0000000E+00  0.0000000E+00
  0.5000000E-04  0.1043152E+00
  0.1000000E-03  0.2085262E+00
  0.1500000E-03  0.3124959E+00
  0.2000000E-03  0.4159758E+00
  0.2500000E-03  0.5186339E+00
  0.3000000E-03  0.6200795E+00
  0.3500000E-03  0.7198909E+00
  0.4000000E-03  0.8176456E+00
  0.4500000E-03  0.9129428E+00
  0.5000000E-03  0.1005418E+01
  0.5500000E-03  0.1094757E+01
  0.6000000E-03  0.1180702E+01
  0.6500000E-03  0.1263053E+01
  0.7000000E-03  0.1341666E+01
  0.7500000E-03  0.1416451E+01
  0.8000000E-03  0.1487362E+01
  0.8500000E-03  0.1554395E+01
  0.9000000E-03  0.1617578E+01
  0.9500000E-03  0.1676966E+01
  0.1000000E-02  0.1732639E+01
  0.1050000E-02  0.1784690E+01
  0.1100000E-02  0.1833231E+01
  0.1150000E-02  0.1878386E+01
  0.1200000E-02  0.1920287E+01
  0.1250000E-02  0.1959080E+01
  0.1300000E-02  0.1994918E+01
  0.1350000E-02  0.2027963E+01
  0.1400000E-02  0.2058386E+01
  0.1450000E-02  0.2086367E+01
  0.1500000E-02  0.2112087E+01
  0.1550000E-02  0.2135735E+01
  0.1600000E-02  0.2157495E+01
  0.1650000E-02  0.2177552E+01
  0.1700000E-02  0.2196083E+01
  0.1750000E-02  0.2213260E+01
  0.1800000E-02  0.2229240E+01
  0.1850000E-02  0.2244173E+01
  0.1900000E-02  0.2258192E+01
  0.1950000E-02  0.2271421E+01
  0.2000000E-02  0.2283969E+01
  0.2050000E-02  0.2295933E+01
  0.2100000E-02  0.2307396E+01
  0.2150000E-02  0.2318429E+01
  0.2200000E-02  0.2329092E+01
  0.2250000E-02  0.2339431E+01
  0.2300000E-02  0.2349484E+01
  0.2350000E-02  0.2359284E+01
  0.2400000E-02  0.2368860E+01
  0.2450000E-02  0.2378238E+01
  0.2500000E-02  0.2387438E+01
  0.2550000E-02  0.2396478E+01
  0.2600000E-02  0.2405371E+01
  0.2650000E-02  0.2414130E+01
  0.2700000E-02  0.2422763E+01
  0.2750000E-02  0.2431274E+01
  0.2800000E-02  0.2439670E+01
  0.2850000E-02  0.2447956E+01
  0.2900000E-02  0.2456135E+01
  0.2950000E-02  0.2464212E+01
  0.3000000E-02  0.2472186E+01
  0.3050000E-02  0.2480061E+01
  0.3100000E-02  0.2487838E+01
  0.3150000E-02  0.2495518E+01
  0.3200000E-02  0.2503099E+01
  0.3250000E-02  0.2510582E+01
  0.3300000E-02  0.2517966E+01
  0.3350000E-02  0.2525250E+01
  0.3400000E-02  0.2532435E+01
  0.3450000E-02  0.2539522E+01
  0.3500000E-02  0.2546509E+01
  0.3550000E-02  0.2553393E+01
  0.3600000E-02  0.2560172E+01
  0.3650000E-02  0.2566847E+01
  0.3700000E-02  0.2573416E+01
  0.3750000E-02  0.2579879E+01
  0.3800000E-02  0.2586236E+01
  0.3850000E-02  0.2592490E+01
  0.3900000E-02  0.2598641E+01
  0.3950000E-02  0.2604695E+01
  0.4000000E-02  0.2610655E+01
  0.4050000E-02  0.2616525E+01
  0.4100000E-02  0.2622306E+01
  0.4150000E-02  0.2627999E+01
  0.4200000E-02  0.2633606E+01
  0.4250000E-02  0.2639132E+01
  0.4300000E-02  0.2644578E+01
  0.4350000E-02  0.2649947E+01
  0.4400000E-02  0.2655239E+01
  0.4450000E-02  0.2660455E+01
  0.4500000E-02  0.2665595E+01
  0.4550000E-02  0.2670660E+01
  0.4600000E-02  0.2675649E+01
  0.4650000E-02  0.2680564E+01
  0.4700000E-02  0.2685407E+01
  0.4750000E-02  0.2690179E+01
  0.4800000E-02  0.2694879E+01
  0.4850000E-02  0.2699509E+01
  0.4900000E-02  0.2704068E+01
  0.4950000E-02  0.2708560E+01
  0.5000000E-02  0.2712987E+01
  0.5050000E-02  0.2717350E+01
  0.5100000E-02  0.2721652E+01
  0.5150000E-02  0.2725894E+01
  0.5200000E-02  0.2730080E+01
  0.5250000E-02  0.2734214E+01
  0.5300000E-02  0.2738298E+01
  0.5350000E-02  0.2742334E+01
  0.5400000E-02  0.2746326E+01
  0.5450000E-02  0.2750277E+01
  0.5500000E-02  0.2754190E+01
  0.5550000E-02  0.2758066E+01
  0.5600000E-02  0.2761907E+01
  0.5650000E-02  0.2765714E+01
  0.5700000E-02  0.2769485E+01
  0.5750000E-02  0.2773223E+01
  0.5800000E-02  0.2776929E+01
  0.5850000E-02  0.2780605E+01
  0.5900000E-02  0.2784253E+01
  0.5950000E-02  0.2787875E+01
  0.6000000E-02  0.2791470E+01
  0.6050000E-02  0.2795039E+01
  0.6100000E-02  0.2798579E+01
  0.6150000E-02  0.2802090E+01
  0.6200000E-02  0.2805572E+01
  0.6250000E-02  0.2809022E+01
  0.6300000E-02  0.2812441E+01
  0.6350000E-02  0.2815828E+01
  0.6400000E-02  0.2819182E+01
  0.6450000E-02  0.2822504E+01
  0.6500000E-02  0.2825792E+01
  0.6550000E-02  0.2829047E+01
  0.6600000E-02  0.2832270E+01
  0.6650000E-02  0.2835462E+01
  0.6700000E-02  0.2838623E+01
  0.6750000E-02  0.2841751E+01
  0.6800000E-02  0.2844849E+01
  0.6850000E-02  0.2847916E+01
  0.6900000E-02  0.2850955E+01
  0.6950000E-02  0.2853966E+01
  0.7000000E-02  0.2856953E+01
  0.7050000E-02  0.2859917E+01
  0.7100000E-02  0.2862858E+01
  0.7150000E-02  0.2865777E+01
  0.7200000E-02  0.2868673E+01
  0.7250000E-02  0.2871546E+01
  0.7300000E-02  0.2874394E+01
  0.7350000E-02  0.2877216E+01
  0.7400000E-02  0.2880013E+01
  0.7450000E-02  0.2882785E+01
  0.7500000E-02  0.2885532E+01
  0.7550000E-02  0.2888255E+01
  0.7600000E-02  0.2890954E+01
  0.7650000E-02  0.2893629E+01
  0.7700000E-02  0.2896281E+01
  0.7750000E-02  0.2898909E+01
  0.7800000E-02  0.2901514E+01
  0.7850000E-02  0.2904098E+01
  0.7900000E-02  0.2906660E+01
  0.7950000E-02  0.2909199E+01
  0.8000000E-02  0.2911714E+01
  0.8050000E-02  0.2914204E+01
  0.8100000E-02  0.2916669E+01
  0.8150000E-02  0.2919109E+01
  0.8200000E-02  0.2921522E+01
  0.8250000E-02  0.2923910E+01
  0.8300000E-02  0.2926274E+01
  0.8350000E-02  0.2928616E+01
  0.8400000E-02  0.2930937E+01
  0.8450000E-02  0.2933240E+01
  0.8500000E-02  0.2935526E+01
  0.8550000E-02  0.2937795E+01
  0.8600000E-02  0.2940049E+01
  0.8650000E-02  0.2942289E+01
  0.8700000E-02  0.2944515E+01
  0.8750000E-02  0.2946728E+01
  0.8800000E-02  0.2948929E+01
  0.8850000E-02  0.2951117E+01
  0.8900000E-02  0.2953293E+01
  0.8950000E-02  0.2955456E+01
  0.9000000E-02  0.2957608E+01
  0.9050000E-02  0.2959751E+01
  0.9100000E-02  0.2961887E+01
  0.9150000E-02  0.2964018E+01
  0.9200000E-02  0.2966143E+01
  0.9250000E-02  0.2968264E+01
  0.9300000E-02  0.2970379E+01
  0.9350000E-02  0.2972489E+01
  0.9400000E-02  0.2974592E+01
  0.9450000E-02  0.2976687E+01
  0.9500000E-02  0.2978772E+01
  0.9550000E-02  0.2980848E+01
  0.9600000E-02  0.2982911E+01
  0.9650000E-02  0.2984963E+01
  0.9700000E-02  0.2987002E+01
  0.9750000E-02  0.2989030E+01
  0.9800000E-02  0.2991046E+01
  0.9850000E-02  0.2993053E+01
  0.9900000E-02  0.2995052E+01
  0.9950000E-02  0.2997043E+01
  0.1000000E-01  0.2999026E+01
  0.1005000E-01  0.3001002E+01
  0.1010000E-01  0.3002972E+01
  0.1015000E-01  0.3004935E+01
  0.1020000E-01  0.3006891E+01
  0.1025000E-01  0.3008841E+01
  0.1030000E-01  0.3010785E+01
  0.1035000E-01  0.3012722E+01
  0.1040000E-01  0.3014654E+01
  0.1045000E-01  0.3016580E+01
  0.1050000E-01  0.3018498E+01
  0.1055000E-01  0.3020409E+01
  0.1060000E-01  0.3022310E+01
  0.1065000E-01  0.3024201E+01
  0.1070000E-01  0.3026080E+01
  0.1075000E-01  0.3027947E+01
  0.1080000E-01  0.3029804E+01
  0.1085000E-01  0.3031650E+01
  0.1090000E-01  0.3033485E+01
  0.1095000E-01  0.3035310E+01
  0.1100000E-01  0.3037125E+01
  0.1105000E-01  0.3038928E+01
  0.1110000E-01  0.3040722E+01
  0.1115000E-01  0.3042505E+01
  0.1120000E-01  0.3044280E+01
  0.1125000E-01  0.3046046E+01
  0.1130000E-01  0.3047803E+01
  0.1135000E-01  0.3049551E+01
  0.1140000E-01  0.3051290E+01
  0.1145000E-01  0.3053019E+01
  0.1150000E-01  0.3054737E+01
  0.1155000E-01  0.3056443E+01
  0.1160000E-01  0.3058137E+01
  0.1165000E-01  0.3059818E+01
  0.1170000E-01  0.3061485E+01
  0.1175000E-01  0.3063140E+01
  0.1180000E-01  0.3064783E+01
  0.1185000E-01  0.3066416E+01
  0.1190000E-01  0.3068041E+01
  0.1195000E-01  0.3069657E+01
  0.1200000E-01  0.3071266E+01
  0.1205000E-01  0.3072868E+01
  0.1210000E-01  0.3074463E+01
  0.1215000E-01  0.3076050E+01
  0.1220000E-01  0.3077630E+01
  0.1225000E-01  0.3079203E+01
  0.1230000E-01  0.3080768E+01
  0.1235000E-01  0.3082327E+01
  0.1240000E-01  0.3083879E+01
  0.1245000E-01  0.3085426E+01
  0.1250000E-01  0.3086967E+01
  0.1255000E-01  0.3088503E+01
  0.1260000E-01  0.3090035E+01
  0.1265000E-01  0.3091562E+01
  0.1270000E-01  0.3093084E+01
  0.1275000E-01  0.3094602E+01
  0.1280000E-01  0.3096114E+01
  0.1285000E-01  0.3097618E+01
  0.1290000E-01  0.3099112E+01
  0.1295000E-01  0.3100595E+01
  0.1300000E-01  0.3102067E+01
  0.1305000E-01  0.3103528E+01
  0.1310000E-01  0.3104977E+01
  0.1315000E-01  0.3106414E+01
  0.1320000E-01  0.3107839E+01
  0.1325000E-01  0.3109252E+01
  0.1330000E-01  0.3110653E+01
  0.1335000E-01  0.3112041E+01
  0.1340000E-01  0.3113417E+01
  0.1345000E-01  0.3114781E+01
  0.1350000E-01  0.3116134E+01
  0.1355000E-01  0.3117479E+01
  0.1360000E-01  0.3118817E+01
  0.1365000E-01  0.3120148E+01
  0.1370000E-01  0.3121473E+01
  0.1375000E-01  0.3122794E+01
  0.1380000E-01  0.3124109E+01
  0.1385000E-01  0.3125420E+01
  0.1390000E-01  0.3126724E+01
  0.1395000E-01  0.3128020E+01
  0.1400000E-01  0.3129308E+01
  0.1405000E-01  0.3130587E+01
  0.1410000E-01  0.3131856E+01
  0.1415000E-01  0.3133113E+01
  0.1420000E-01  0.3134359E+01
  0.1425000E-01  0.3135597E+01
  0.1430000E-01  0.3136827E+01
  0.1435000E-01  0.3138053E+01
  0.1440000E-01  0.3139275E+01
  0.1445000E-01  0.3140497E+01
  0.1450000E-01  0.3141718E+01
  0.1455000E-01  0.3142941E+01
  0.1460000E-01  0.3144165E+01
  0.1465000E-01  0.3145391E+01
  0.1470000E-01  0.3146617E+01
  0.1475000E-01  0.3147843E+01
  0.1480000E-01  0.3149069E+01
  0.1485000E-01  0.3150294E+01
  0.1490000E-01  0.3151519E+01
  0.1495000E-01  0.3152744E+01
  0.1500000E-01  0.3153969E+01
  0.1505000E-01  0.3155193E+01
  0.1510000E-01  0.3156415E+01
  0.1515000E-01  0.3157635E+01
  0.1520000E-01  0.3158851E+01
  0.1525000E-01  0.3160062E+01
  0.1530000E-01  0.3161266E+01
  0.1535000E-01  0.3162464E+01
  0.1540000E-01  0.3163654E+01
  0.1545000E-01  0.3164835E+01
  0.1550000E-01  0.3166010E+01
  0.1555000E-01  0.3167176E+01
  0.1560000E-01  0.3168335E+01
  0.1565000E-01  0.3169486E+01
  0.1570000E-01  0.3170628E+01
  0.1575000E-01  0.3171760E+01
  0.1580000E-01  0.3172881E+01
  0.1585000E-01  0.3173991E+01
  0.1590000E-01  0.3175091E+01
  0.1595000E-01  0.3176182E+01
  0.1600000E-01  0.3177265E+01
  0.1605000E-01  0.3178341E+01
  0.1610000E-01  0.3179411E+01
  0.1615000E-01  0.3180474E+01
  0.1620000E-01  0.3181534E+01
  0.1625000E-01  0.3182589E+01
  0.1630000E-01  0.3183639E+01
  0.1635000E-01  0.3184686E+01
  0.1640000E-01  0.3185729E+01
  0.1645000E-01  0.3186767E+01
  0.1650000E-01  0.3187802E+01
  0.1655000E-01  0.3188834E+01
  0.1660000E-01  0.3189865E+01
  0.1665000E-01  0.3190893E+01
  0.1670000E-01  0.3191920E+01
  0.1675000E-01  0.3192946E+01
  0.1680000E-01  0.3193969E+01
  0.1685000E-01  0.3194992E+01
  0.1690000E-01  0.3196012E+01
  0.1695000E-01  0.3197031E+01
  0.1700000E-01  0.3198046E+01
  0.1705000E-01  0.3199058E+01
  0.1710000E-01  0.3200065E+01
  0.1715000E-01  0.3201069E+01
  0.1720000E-01  0.3202068E+01
  0.1725000E-01  0.3203065E+01
  0.1730000E-01  0.3204057E+01
  0.1735000E-01  0.3205047E+01
  0.1740000E-01  0.3206034E+01
  0.1745000E-01  0.3207018E+01
  0.1750000E-01  0.3208001E+01
  0.1755000E-01  0.3208980E+01
  0.1760000E-01  0.3209958E+01
  0.1765000E-01  0.3210932E+01
  0.1770000E-01  0.3211904E+01
  0.1775000E-01  0.3212872E+01
  0.1780000E-01  0.3213837E+01
  0.1785000E-01  0.3214798E+01
  0.1790000E-01  0.3215755E+01
  0.1795000E-01  0.3216709E+01
  0.1800000E-01  0.3217660E+01
  0.1805000E-01  0.3218610E+01
  0.1810000E-01  0.3219559E+01
  0.1815000E-01  0.3220506E+01
  0.1820000E-01  0.3221453E+01
  0.1825000E-01  0.3222398E+01
  0.1830000E-01  0.3223341E+01
  0.1835000E-01  0.3224284E+01
  0.1840000E-01  0.3225227E+01
  0.1845000E-01  0.3226168E+01
  0.1850000E-01  0.3227109E+01
  0.1855000E-01  0.3228050E+01
  0.1860000E-01  0.3228990E+01
  0.1865000E-01  0.3229930E+01
  0.1870000E-01  0.3230870E+01
  0.1875000E-01  0.3231808E+01
  0.1880000E-01  0.3232744E+01
  0.1885000E-01  0.3233679E+01
  0.1890000E-01  0.3234612E+01
  0.1895000E-01  0.3235544E+01
  0.1900000E-01  0.3236474E+01
  0.1905000E-01  0.3237402E+01
  0.1910000E-01  0.3238328E+01
  0.1915000E-01  0.3239249E+01
  0.1920000E-01  0.3240168E+01
  0.1925000E-01  0.3241081E+01
  0.1930000E-01  0.3241989E+01
  0.1935000E-01  0.3242893E+01
  0.1940000E-01  0.3243792E+01
  0.1945000E-01  0.3244687E+01
  0.1950000E-01  0.3245579E+01
  0.1955000E-01  0.3246469E+01
  0.1960000E-01  0.3247357E+01
  0.1965000E-01  0.3248244E+01
  0.1970000E-01  0.3249129E+01
  0.1975000E-01  0.3250013E+01
  0.1980000E-01  0.3250897E+01
  0.1985000E-01  0.3251782E+01
  0.1990000E-01  0.3252668E+01
  0.1995000E-01  0.3253556E+01
  0.2000000E-01  0.3254447E+01
  0.2005000E-01  0.3255339E+01
  0.2010000E-01  0.3256231E+01
  0.2015000E-01  0.3257122E+01
  0.2020000E-01  0.3258011E+01
  0.2025000E-01  0.3258897E+01
  0.2030000E-01  0.3259779E+01
  0.2035000E-01  0.3260659E+01
  0.2040000E-01  0.3261534E+01
  0.2045000E-01  0.3262404E+01
  0.2050000E-01  0.3263270E+01
  0.2055000E-01  0.3264130E+01
  0.2060000E-01  0.3264985E+01
  0.2065000E-01  0.3265834E+01
  0.2070000E-01  0.3266678E+01
  0.2075000E-01  0.3267517E+01
  0.2080000E-01  0.3268352E+01
  0.2085000E-01  0.3269183E+01
  0.2090000E-01  0.3270010E+01
  0.2095000E-01  0.3270834E+01
  0.2100000E-01  0.3271654E+01
  0.2105000E-01  0.3272470E+01
  0.2110000E-01  0.3273283E+01
  0.2115000E-01  0.3274094E+01
  0.2120000E-01  0.3274904E+01
  0.2125000E-01  0.3275713E+01
  0.2130000E-01  0.3276521E+01
  0.2135000E-01  0.3277325E+01
  0.2140000E-01  0.3278126E+01
  0.2145000E-01  0.3278922E+01
  0.2150000E-01  0.3279714E+01
  0.2155000E-01  0.3280500E+01
  0.2160000E-01  0.3281281E+01
  0.2165000E-01  0.3282056E+01
  0.2170000E-01  0.3282826E+01
  0.2175000E-01  0.3283589E+01
  0.2180000E-01  0.3284347E+01
  0.2185000E-01  0.3285098E+01
  0.2190000E-01  0.3285844E+01
  0.2195000E-01  0.3286585E+01
  0.2200000E-01  0.3287320E+01
  0.2205000E-01  0.3288050E+01
  0.2210000E-01  0.3288776E+01
  0.2215000E-01  0.3289499E+01
  0.2220000E-01  0.3290218E+01
  0.2225000E-01  0.3290936E+01
  0.2230000E-01  0.3291651E+01
  0.2235000E-01  0.3292364E+01
  0.2240000E-01  0.3293077E+01
  0.2245000E-01  0.3293788E+01
  0.2250000E-01  0.3294500E+01
  0.2255000E-01  0.3295212E+01
  0.2260000E-01  0.3295924E+01
  0.2265000E-01  0.3296637E+01
  0.2270000E-01  0.3297349E+01
  0.2275000E-01  0.3298061E+01
  0.2280000E-01  0.3298773E+01
  0.2285000E-01  0.3299484E+01
  0.2290000E-01  0.3300194E+01
  0.2295000E-01  0.3300901E+01
  0.2300000E-01  0.3301607E+01
  0.2305000E-01  0.3302310E+01
  0.2310000E-01  0.3303010E+01
  0.2315000E-01  0.3303708E+01
  0.2320000E-01  0.3304403E+01
  0.2325000E-01  0.3305095E+01
  0.2330000E-01  0.3305784E+01
  0.2335000E-01  0.3306471E+01
  0.2340000E-01  0.3307155E+01
  0.2345000E-01  0.3307836E+01
  0.2350000E-01  0.3308516E+01
  0.2355000E-01  0.3309193E+01
  0.2360000E-01  0.3309869E+01
  0.2365000E-01  0.3310545E+01
  0.2370000E-01  0.3311220E+01
  0.2375000E-01  0.3311897E+01
  0.2380000E-01  0.3312574E+01
  0.2385000E-01  0.3313251E+01
  0.2390000E-01  0.3313928E+01
  0.2395000E-01  0.3314605E+01
  0.2400000E-01  0.3315281E+01
  0.2405000E-01  0.3315956E+01
  0.2410000E-01  0.3316629E+01
  0.2415000E-01  0.3317300E+01
  0.2420000E-01  0.3317970E+01
  0.2425000E-01  0.3318639E+01
  0.2430000E-01  0.3319306E+01
  0.2435000E-01  0.3319973E+01
  0.2440000E-01  0.3320639E+01
  0.2445000E-01  0.3321305E+01
  0.2450000E-01  0.3321969E+01
  0.2455000E-01  0.3322633E+01
  0.2460000E-01  0.3323296E+01
  0.2465000E-01  0.3323959E+01
  0.2470000E-01  0.3324621E+01
  0.2475000E-01  0.3325281E+01
  0.2480000E-01  0.3325941E+01
  0.2485000E-01  0.3326600E+01
  0.2490000E-01  0.3327258E+01
  0.2495000E-01  0.3327915E+01
  0.2500000E-01  0.3328571E+01
  0.2505000E-01  0.3329225E+01
  0.2510000E-01  0.3329879E+01
  0.2515000E-01  0.3330532E+01
  0.2520000E-01  0.3331183E+01
  0.2525000E-01  0.3331832E+01
  0.2530000E-01  0.3332480E+01
  0.2535000E-01  0.3333126E+01
  0.2540000E-01  0.3333772E+01
  0.2545000E-01  0.3334415E+01
  0.2550000E-01  0.3335058E+01
  0.2555000E-01  0.3335698E+01
  0.2560000E-01  0.3336338E+01
  0.2565000E-01  0.3336975E+01
  0.2570000E-01  0.3337612E+01
  0.2575000E-01  0.3338247E+01
  0.2580000E-01  0.3338880E+01
  0.2585000E-01  0.3339513E+01
  0.2590000E-01  0.3340144E+01
  0.2595000E-01  0.3340775E+01
  0.2600000E-01  0.3341405E+01
  0.2605000E-01  0.3342034E+01
  0.2610000E-01  0.3342662E+01
  0.2615000E-01  0.3343289E+01
  0.2620000E-01  0.3343913E+01
  0.2625000E-01  0.3344537E+01
  0.2630000E-01  0.3345157E+01
  0.2635000E-01  0.3345776E+01
  0.2640000E-01  0.3346393E+01
  0.2645000E-01  0.3347008E+01
  0.2650000E-01  0.3347621E+01
  0.2655000E-01  0.3348231E+01
  0.2660000E-01  0.3348839E+01
  0.2665000E-01  0.3349445E+01
  0.2670000E-01  0.3350049E+01
  0.2675000E-01  0.3350650E+01
  0.2680000E-01  0.3351249E+01
  0.2685000E-01  0.3351846E+01
  0.2690000E-01  0.3352439E+01
  0.2695000E-01  0.3353031E+01
  0.2700000E-01  0.3353621E+01
  0.2705000E-01  0.3354209E+01
  0.2710000E-01  0.3354796E+01
  0.2715000E-01  0.3355382E+01
  0.2720000E-01  0.3355966E+01
  0.2725000E-01  0.3356549E+01
  0.2730000E-01  0.3357131E+01
  0.2735000E-01  0.3357711E+01
  0.2740000E-01  0.3358289E+01
  0.2745000E-01  0.3358866E+01
  0.2750000E-01  0.3359440E+01
  0.2755000E-01  0.3360012E+01
  0.2760000E-01  0.3360582E+01
  0.2765000E-01  0.3361149E+01
  0.2770000E-01  0.3361712E+01
  0.2775000E-01  0.3362272E+01
  0.2780000E-01  0.3362828E+01
  0.2785000E-01  0.3363381E+01
  0.2790000E-01  0.3363930E+01
  0.2795000E-01  0.3364475E+01
  0.2800000E-01  0.3365016E+01
  0.2805000E-01  0.3365553E+01
  0.2810000E-01  0.3366086E+01
  0.2815000E-01  0.3366616E+01
  0.2820000E-01  0.3367143E+01
  0.2825000E-01  0.3367668E+01
  0.2830000E-01  0.3368189E+01
  0.2835000E-01  0.3368708E+01
  0.2840000E-01  0.3369224E+01
  0.2845000E-01  0.3369738E+01
  0.2850000E-01  0.3370248E+01
  0.2855000E-01  0.3370756E+01
  0.2860000E-01  0.3371261E+01
  0.2865000E-01  0.3371763E+01
  0.2870000E-01  0.3372261E+01
  0.2875000E-01  0.3372757E+01
  0.2880000E-01  0.3373250E+01
  0.2885000E-01  0.3373741E+01
  0.2890000E-01  0.3374230E+01
  0.2895000E-01  0.3374719E+01
  0.2900000E-01  0.3375207E+01
  0.2905000E-01  0.3375695E+01
  0.2910000E-01  0.3376183E+01
  0.2915000E-01  0.3376671E+01
  0.2920000E-01  0.3377160E+01
  0.2925000E-01  0.3377651E+01
  0.2930000E-01  0.3378142E+01
  0.2935000E-01  0.3378634E+01
  0.2940000E-01  0.3379128E+01
  0.2945000E-01  0.3379624E+01
  0.2950000E-01  0.3380120E+01
  0.2955000E-01  0.3380619E+01
  0.2960000E-01  0.3381119E+01
  0.2965000E-01  0.3381620E+01
  0.2970000E-01  0.3382121E+01
  0.2975000E-01  0.3382624E+01
  0.2980000E-01  0.3383126E+01
  0.2985000E-01  0.3383628E+01
  0.2990000E-01  0.3384130E+01
  0.2995000E-01  0.3384630E+01
  0.3000000E-01  0.3385129E+01
  0.3005000E-01  0.3385628E+01
  0.3010000E-01  0.3386125E+01
  0.3015000E-01  0.3386621E+01
  0.3020000E-01  0.3387116E+01
  0.3025000E-01  0.3387610E+01
  0.3030000E-01  0.3388102E+01
  0.3035000E-01  0.3388592E+01
  0.3040000E-01  0.3389080E+01
  0.3045000E-01  0.3389567E+01
  0.3050000E-01  0.3390053E+01
  0.3055000E-01  0.3390536E+01
  0.3060000E-01  0.3391018E+01
  0.3065000E-01  0.3391500E+01
  0.3070000E-01  0.3391981E+01
  0.3075000E-01  0.3392462E+01
  0.3080000E-01  0.3392943E+01
  0.3085000E-01  0.3393425E+01
  0.3090000E-01  0.3393908E+01
  0.3095000E-01  0.3394391E+01
  0.3100000E-01  0.3394875E+01
  0.3105000E-01  0.3395361E+01
  0.3110000E-01  0.3395847E+01
  0.3115000E-01  0.3396335E+01
  0.3120000E-01  0.3396825E+01
  0.3125000E-01  0.3397316E+01
  0.3130000E-01  0.3397808E+01
  0.3135000E-01  0.3398301E+01
  0.3140000E-01  0.3398796E+01
  0.3145000E-01  0.3399292E+01
  0.3150000E-01  0.3399789E+01
  0.3155000E-01  0.3400287E+01
  0.3160000E-01  0.3400786E+01
  0.3165000E-01  0.3401286E+01
  0.3170000E-01  0.3401787E+01
  0.3175000E-01  0.3402288E+01
  0.3180000E-01  0.3402789E+01
  0.3185000E-01  0.3403289E+01
  0.3190000E-01  0.3403789E+01
  0.3195000E-01  0.3404287E+01
  0.3200000E-01  0.3404785E+01
  0.3205000E-01  0.3405282E+01
  0.3210000E-01  0.3405779E+01
  0.3215000E-01  0.3406275E+01
  0.3220000E-01  0.3406770E+01
  0.3225000E-01  0.3407265E+01
  0.3230000E-01  0.3407759E+01
  0.3235000E-01  0.3408252E+01
  0.3240000E-01  0.3408743E+01
  0.3245000E-01  0.3409234E+01
  0.3250000E-01  0.3409725E+01
  0.3255000E-01  0.3410215E+01
  0.3260000E-01  0.3410705E+01
  0.3265000E-01  0.3411196E+01
  0.3270000E-01  0.3411688E+01
  0.3275000E-01  0.3412181E+01
  0.3280000E-01  0.3412675E+01
  0.3285000E-01  0.3413169E+01
  0.3290000E-01  0.3413663E+01
  0.3295000E-01  0.3414157E+01
  0.3300000E-01  0.3414650E+01
  0.3305000E-01  0.3415142E+01
  0.3310000E-01  0.3415633E+01
  0.3315000E-01  0.3416122E+01
  0.3320000E-01  0.3416610E+01
  0.3325000E-01  0.3417097E+01
  0.3330000E-01  0.3417582E+01
  0.3335000E-01  0.3418065E+01
  0.3340000E-01  0.3418547E+01
  0.3345000E-01  0.3419026E+01
  0.3350000E-01  0.3419504E+01
  0.3355000E-01  0.3419979E+01
  0.3360000E-01  0.3420452E+01
  0.3365000E-01  0.3420922E+01
  0.3370000E-01  0.3421389E+01
  0.3375000E-01  0.3421853E+01
  0.3380000E-01  0.3422315E+01
  0.3385000E-01  0.3422773E+01
  0.3390000E-01  0.3423229E+01
  0.3395000E-01  0.3423682E+01
  0.3400000E-01  0.3424132E+01
  0.3405000E-01  0.3424579E+01
  0.3410000E-01  0.3425022E+01
  0.3415000E-01  0.3425461E+01
  0.3420000E-01  0.3425897E+01
  0.3425000E-01  0.3426329E+01
  0.3430000E-01  0.3426757E+01
  0.3435000E-01  0.3427181E+01
  0.3440000E-01  0.3427602E+01
  0.3445000E-01  0.3428020E+01
  0.3450000E-01  0.3428436E+01
  0.3455000E-01  0.3428848E+01
  0.3460000E-01  0.3429258E+01
  0.3465000E-01  0.3429666E+01
  0.3470000E-01  0.3430071E+01
  0.3475000E-01  0.3430475E+01
  0.3480000E-01  0.3430875E+01
  0.3485000E-01  0.3431273E+01
  0.3490000E-01  0.3431668E+01
  0.3495000E-01  0.3432059E+01
  0.3500000E-01  0.3432447E+01
  0.3505000E-01  0.3432832E+01
  0.3510000E-01  0.3433213E+01
  0.3515000E-01  0.3433592E+01
  0.3520000E-01  0.3433967E+01
  0.3525000E-01  0.3434338E+01
  0.3530000E-01  0.3434707E+01
  0.3535000E-01  0.3435073E+01
  0.3540000E-01  0.3435436E+01
  0.3545000E-01  0.3435797E+01
  0.3550000E-01  0.3436155E+01
  0.3555000E-01  0.3436513E+01
  0.3560000E-01  0.3436869E+01
  0.3565000E-01  0.3437226E+01
  0.3570000E-01  0.3437583E+01
  0.3575000E-01  0.3437941E+01
  0.3580000E-01  0.3438300E+01
  0.3585000E-01  0.3438661E+01
  0.3590000E-01  0.3439024E+01
  0.3595000E-01  0.3439387E+01
  0.3600000E-01  0.3439751E+01
  0.3605000E-01  0.3440115E+01
  0.3610000E-01  0.3440478E+01
  0.3615000E-01  0.3440841E+01
  0.3620000E-01  0.3441203E+01
  0.3625000E-01  0.3441565E+01
  0.3630000E-01  0.3441926E+01
  0.3635000E-01  0.3442287E+01
  0.3640000E-01  0.3442648E+01
  0.3645000E-01  0.3443009E+01
  0.3650000E-01  0.3443368E+01
  0.3655000E-01  0.3443727E+01
  0.3660000E-01  0.3444085E+01
  0.3665000E-01  0.3444442E+01
  0.3670000E-01  0.3444797E+01
  0.3675000E-01  0.3445151E+01
  0.3680000E-01  0.3445503E+01
  0.3685000E-01  0.3445853E+01
  0.3690000E-01  0.3446200E+01
  0.3695000E-01  0.3446545E+01
  0.3700000E-01  0.3446887E+01
  0.3705000E-01  0.3447226E+01
  0.3710000E-01  0.3447563E+01
  0.3715000E-01  0.3447896E+01
  0.3720000E-01  0.3448227E+01
  0.3725000E-01  0.3448554E+01
  0.3730000E-01  0.3448877E+01
  0.3735000E-01  0.3449198E+01
  0.3740000E-01  0.3449516E+01
  0.3745000E-01  0.3449833E+01
  0.3750000E-01  0.3450148E+01
  0.3755000E-01  0.3450462E+01
  0.3760000E-01  0.3450773E+01
  0.3765000E-01  0.3451084E+01
  0.3770000E-01  0.3451392E+01
  0.3775000E-01  0.3451699E+01
  0.3780000E-01  0.3452004E+01
  0.3785000E-01  0.3452306E+01
  0.3790000E-01  0.3452607E+01
  0.3795000E-01  0.3452905E+01
  0.3800000E-01  0.3453200E+01
  0.3805000E-01  0.3453494E+01
  0.3810000E-01  0.3453785E+01
  0.3815000E-01  0.3454075E+01
  0.3820000E-01  0.3454363E+01
  0.3825000E-01  0.3454650E+01
  0.3830000E-01  0.3454936E+01
  0.3835000E-01  0.3455220E+01
  0.3840000E-01  0.3455503E+01
  0.3845000E-01  0.3455785E+01
  0.3850000E-01  0.3456067E+01
  0.3855000E-01  0.3456348E+01
  0.3860000E-01  0.3456629E+01
  0.3865000E-01  0.3456910E+01
  0.3870000E-01  0.3457191E+01
  0.3875000E-01  0.3457473E+01
  0.3880000E-01  0.3457755E+01
  0.3885000E-01  0.3458038E+01
  0.3890000E-01  0.3458322E+01
  0.3895000E-01  0.3458606E+01
  0.3900000E-01  0.3458892E+01
  0.3905000E-01  0.3459179E+01
  0.3910000E-01  0.3459468E+01
  0.3915000E-01  0.3459757E+01
  0.3920000E-01  0.3460048E+01
  0.3925000E-01  0.3460339E+01
  0.3930000E-01  0.3460632E+01
  0.3935000E-01  0.3460925E+01
  0.3940000E-01  0.3461218E+01
  0.3945000E-01  0.3461510E+01
  0.3950000E-01  0.3461802E+01
  0.3955000E-01  0.3462092E+01
  0.3960000E-01  0.3462381E+01
  0.3965000E-01  0.3462668E+01
  0.3970000E-01  0.3462954E+01
  0.3975000E-01  0.3463238E+01
  0.3980000E-01  0.3463519E+01
  0.3985000E-01  0.3463799E+01
  0.3990000E-01  0.3464076E+01
  0.3995000E-01  0.3464351E+01
  0.4000000E-01  0.3464624E+01
  0.4005000E-01  0.3464894E+01
  0.4010000E-01  0.3465163E+01
  0.4015000E-01  0.3465431E+01
  0.4020000E-01  0.3465697E+01
  0.4025000E-01  0.3465963E+01
  0.4030000E-01  0.3466228E+01
  0.4035000E-01  0.3466494E+01
  0.4040000E-01  0.3466760E+01
  0.4045000E-01  0.3467027E+01
  0.4050000E-01  0.3467294E+01
  0.4055000E-01  0.3467562E+01
  0.4060000E-01  0.3467831E+01
  0.4065000E-01  0.3468101E+01
  0.4070000E-01  0.3468372E+01
  0.4075000E-01  0.3468644E+01
  0.4080000E-01  0.3468918E+01
  0.4085000E-01  0.3469194E+01
  0.4090000E-01  0.3469472E+01
  0.4095000E-01  0.3469752E+01
  0.4100000E-01  0.3470033E+01
  0.4105000E-01  0.3470316E+01
  0.4110000E-01  0.3470600E+01
  0.4115000E-01  0.3470885E+01
  0.4120000E-01  0.3471171E+01
  0.4125000E-01  0.3471457E+01
  0.4130000E-01  0.3471744E+01
  0.4135000E-01  0.3472031E+01
  0.4140000E-01  0.3472318E+01
  0.4145000E-01  0.3472605E+01
  0.4150000E-01  0.3472893E+01
  0.4155000E-01  0.3473182E+01
  0.4160000E-01  0.3473470E+01
  0.4165000E-01  0.3473758E+01
  0.4170000E-01  0.3474046E+01
  0.4175000E-01  0.3474333E+01
  0.4180000E-01  0.3474619E+01
  0.4185000E-01  0.3474903E+01
  0.4190000E-01  0.3475187E+01
  0.4195000E-01  0.3475469E+01
  0.4200000E-01  0.3475750E+01
  0.4205000E-01  0.3476029E+01
  0.4210000E-01  0.3476307E+01
  0.4215000E-01  0.3476584E+01
  0.4220000E-01  0.3476859E+01
  0.4225000E-01  0.3477134E+01
  0.4230000E-01  0.3477407E+01
  0.4235000E-01  0.3477679E+01
  0.4240000E-01  0.3477949E+01
  0.4245000E-01  0.3478218E+01
  0.4250000E-01  0.3478485E+01
  0.4255000E-01  0.3478751E+01
  0.4260000E-01  0.3479015E+01
  0.4265000E-01  0.3479278E+01
  0.4270000E-01  0.3479541E+01
  0.4275000E-01  0.3479802E+01
  0.4280000E-01  0.3480063E+01
  0.4285000E-01  0.3480323E+01
  0.4290000E-01  0.3480583E+01
  0.4295000E-01  0.3480841E+01
  0.4300000E-01  0.3481098E+01
  0.4305000E-01  0.3481354E+01
  0.4310000E-01  0.3481607E+01
  0.4315000E-01  0.3481858E+01
  0.4320000E-01  0.3482107E+01
  0.4325000E-01  0.3482354E+01
  0.4330000E-01  0.3482598E+01
  0.4335000E-01  0.3482840E+01
  0.4340000E-01  0.3483080E+01
  0.4345000E-01  0.3483318E+01
  0.4350000E-01  0.3483552E+01
  0.4355000E-01  0.3483784E+01
  0.4360000E-01  0.3484014E+01
  0.4365000E-01  0.3484239E+01
  0.4370000E-01  0.3484461E+01
  0.4375000E-01  0.3484679E+01
  0.4380000E-01  0.3484893E+01
  0.4385000E-01  0.3485103E+01
  0.4390000E-01  0.3485308E+01
  0.4395000E-01  0.3485510E+01
  0.4400000E-01  0.3485707E+01
  0.4405000E-01  0.3485900E+01
  0.4410000E-01  0.3486091E+01
  0.4415000E-01  0.3486278E+01
  0.4420000E-01  0.3486463E+01
  0.4425000E-01  0.3486646E+01
  0.4430000E-01  0.3486827E+01
  0.4435000E-01  0.3487006E+01
  0.4440000E-01  0.3487184E+01
  0.4445000E-01  0.3487359E+01
  0.4450000E-01  0.3487533E+01
  0.4455000E-01  0.3487704E+01
  0.4460000E-01  0.3487872E+01
  0.4465000E-01  0.3488039E+01
  0.4470000E-01  0.3488203E+01
  0.4475000E-01  0.3488364E+01
  0.4480000E-01  0.3488523E+01
  0.4485000E-01  0.3488678E+01
  0.4490000E-01  0.3488831E+01
  0.4495000E-01  0.3488981E+01
  0.4500000E-01  0.3489127E+01
  0.4505000E-01  0.3489271E+01
  0.4510000E-01  0.3489411E+01
  0.4515000E-01  0.3489549E+01
  0.4520000E-01  0.3489683E+01
  0.4525000E-01  0.3489815E+01
  0.4530000E-01  0.3489945E+01
  0.4535000E-01  0.3490074E+01
  0.4540000E-01  0.3490201E+01
  0.4545000E-01  0.3490327E+01
  0.4550000E-01  0.3490453E+01
  0.4555000E-01  0.3490578E+01
  0.4560000E-01  0.3490703E+01
  0.4565000E-01  0.3490828E+01
  0.4570000E-01  0.3490951E+01
  0.4575000E-01  0.3491074E+01
  0.4580000E-01  0.3491195E+01
  0.4585000E-01  0.3491316E+01
  0.4590000E-01  0.3491434E+01
  0.4595000E-01  0.3491552E+01
  0.4600000E-01  0.3491668E+01
  0.4605000E-01  0.3491781E+01
  0.4610000E-01  0.3491894E+01
  0.4615000E-01  0.3492004E+01
  0.4620000E-01  0.3492114E+01
  0.4625000E-01  0.3492222E+01
  0.4630000E-01  0.3492330E+01
  0.4635000E-01  0.3492437E+01
  0.4640000E-01  0.3492544E+01
  0.4645000E-01  0.3492649E+01
  0.4650000E-01  0.3492753E+01
  0.4655000E-01  0.3492856E+01
  0.4660000E-01  0.3492958E+01
  0.4665000E-01  0.3493058E+01
  0.4670000E-01  0.3493157E+01
  0.4675000E-01  0.3493254E+01
  0.4680000E-01  0.3493350E+01
  0.4685000E-01  0.3493445E+01
  0.4690000E-01  0.3493538E+01
  0.4695000E-01  0.3493630E+01
  0.4700000E-01  0.3493720E+01
  0.4705000E-01  0.3493808E+01
  0.4710000E-01  0.3493894E+01
  0.4715000E-01  0.3493978E+01
  0.4720000E-01  0.3494060E+01
  0.4725000E-01  0.3494140E+01
  0.4730000E-01  0.3494217E+01
  0.4735000E-01  0.3494291E+01
  0.4740000E-01  0.3494363E+01
  0.4745000E-01  0.3494434E+01
  0.4750000E-01  0.3494502E+01
  0.4755000E-01  0.3494570E+01
  0.4760000E-01  0.3494635E+01
  0.4765000E-01  0.3494700E+01
  0.4770000E-01  0.3494764E+01
  0.4775000E-01  0.3494828E+01
  0.4780000E-01  0.3494891E+01
  0.4785000E-01  0.3494954E+01
  0.4790000E-01  0.3495018E+01
  0.4795000E-01  0.3495081E+01
  0.4800000E-01  0.3495144E+01
  0.4805000E-01  0.3495206E+01
  0.4810000E-01  0.3495268E+01
  0.4815000E-01  0.3495329E+01
  0.4820000E-01  0.3495389E+01
  0.4825000E-01  0.3495449E+01
  0.4830000E-01  0.3495509E+01
  0.4835000E-01  0.3495569E+01
  0.4840000E-01  0.3495628E+01
  0.4845000E-01  0.3495688E+01
  0.4850000E-01  0.3495747E+01
  0.4855000E-01  0.3495806E+01
  0.4860000E-01  0.3495865E+01
  0.4865000E-01  0.3495924E+01
  0.4870000E-01  0.3495983E+01
  0.4875000E-01  0.3496041E+01
  0.4880000E-01  0.3496097E+01
  0.4885000E-01  0.3496153E+01
  0.4890000E-01  0.3496207E+01
  0.4895000E-01  0.3496259E+01
  0.4900000E-01  0.3496310E+01
  0.4905000E-01  0.3496360E+01
  0.4910000E-01  0.3496409E+01
  0.4915000E-01  0.3496456E+01
  0.4920000E-01  0.3496503E+01
  0.4925000E-01  0.3496548E+01
  0.4930000E-01  0.3496593E+01
  0.4935000E-01  0.3496636E+01
  0.4940000E-01  0.3496679E+01
  0.4945000E-01  0.3496720E+01
  0.4950000E-01  0.3496760E+01
  0.4955000E-01  0.3496799E+01
  0.4960000E-01  0.3496836E+01
  0.4965000E-01  0.3496871E+01
  0.4970000E-01  0.3496904E+01
  0.4975000E-01  0.3496935E+01
  0.4980000E-01  0.3496964E+01
  0.4985000E-01  0.3496990E+01
  0.4990000E-01  0.3497014E+01
  0.4995000E-01  0.3497034E+01
  0.5000000E-01  0.3497052E+01
  0.5005000E-01  0.3497068E+01
  0.5010000E-01  0.3497081E+01
  0.5015000E-01  0.3497091E+01
  0.5020000E-01  0.3497100E+01
  0.5025000E-01  0.3497106E+01
  0.5030000E-01  0.3497109E+01
  0.5035000E-01  0.3497111E+01
  0.5040000E-01  0.3497110E+01
  0.5045000E-01  0.3497106E+01
  0.5050000E-01  0.3497101E+01
  0.5055000E-01  0.3497093E+01
  0.5060000E-01  0.3497084E+01
  0.5065000E-01  0.3497073E+01
  0.5070000E-01  0.3497061E+01
  0.5075000E-01  0.3497047E+01
  0.5080000E-01  0.3497032E+01
  0.5085000E-01  0.3497016E+01
  0.5090000E-01  0.3496999E+01
  0.5095000E-01  0.3496980E+01
  0.5100000E-01  0.3496960E+01
  0.5105000E-01  0.3496939E+01
  0.5110000E-01  0.3496916E+01
  0.5115000E-01  0.3496893E+01
  0.5120000E-01  0.3496869E+01
  0.5125000E-01  0.3496844E+01
  0.5130000E-01  0.3496819E+01
  0.5135000E-01  0.3496794E+01
  0.5140000E-01  0.3496767E+01
  0.5145000E-01  0.3496740E+01
  0.5150000E-01  0.3496713E+01
  0.5155000E-01  0.3496685E+01
  0.5160000E-01  0.3496656E+01
  0.5165000E-01  0.3496627E+01
  0.5170000E-01  0.3496596E+01
  0.5175000E-01  0.3496564E+01
  0.5180000E-01  0.3496530E+01
  0.5185000E-01  0.3496495E+01
  0.5190000E-01  0.3496459E+01
  0.5195000E-01  0.3496420E+01
  0.5200000E-01  0.3496379E+01
  0.5205000E-01  0.3496336E+01
  0.5210000E-01  0.3496290E+01
  0.5215000E-01  0.3496242E+01
  0.5220000E-01  0.3496190E+01
  0.5225000E-01  0.3496136E+01
  0.5230000E-01  0.3496078E+01
  0.5235000E-01  0.3496018E+01
  0.5240000E-01  0.3495955E+01
  0.5245000E-01  0.3495889E+01
  0.5250000E-01  0.3495820E+01
  0.5255000E-01  0.3495749E+01
  0.5260000E-01  0.3495675E+01
  0.5265000E-01  0.3495599E+01
  0.5270000E-01  0.3495520E+01
  0.5275000E-01  0.3495439E+01
  0.5280000E-01  0.3495357E+01
  0.5285000E-01  0.3495273E+01
  0.5290000E-01  0.3495188E+01
  0.5295000E-01  0.3495102E+01
  0.5300000E-01  0.3495016E+01
  0.5305000E-01  0.3494929E+01
  0.5310000E-01  0.3494841E+01
  0.5315000E-01  0.3494752E+01
  0.5320000E-01  0.3494662E+01
  0.5325000E-01  0.3494570E+01
  0.5330000E-01  0.3494477E+01
  0.5335000E-01  0.3494382E+01
  0.5340000E-01  0.3494285E+01
  0.5345000E-01  0.3494186E+01
  0.5350000E-01  0.3494086E+01
  0.5355000E-01  0.3493985E+01
  0.5360000E-01  0.3493883E+01
  0.5365000E-01  0.3493779E+01
  0.5370000E-01  0.3493675E+01
  0.5375000E-01  0.3493570E+01
  0.5380000E-01  0.3493465E+01
  0.5385000E-01  0.3493358E+01
  0.5390000E-01  0.3493251E+01
  0.5395000E-01  0.3493142E+01
  0.5400000E-01  0.3493031E+01
  0.5405000E-01  0.3492918E+01
  0.5410000E-01  0.3492804E+01
  0.5415000E-01  0.3492687E+01
  0.5420000E-01  0.3492569E+01
  0.5425000E-01  0.3492449E+01
  0.5430000E-01  0.3492327E+01
  0.5435000E-01  0.3492202E+01
  0.5440000E-01  0.3492076E+01
  0.5445000E-01  0.3491947E+01
  0.5450000E-01  0.3491816E+01
  0.5455000E-01  0.3491682E+01
  0.5460000E-01  0.3491545E+01
  0.5465000E-01  0.3491405E+01
  0.5470000E-01  0.3491261E+01
  0.5475000E-01  0.3491114E+01
  0.5480000E-01  0.3490962E+01
  0.5485000E-01  0.3490807E+01
  0.5490000E-01  0.3490647E+01
  0.5495000E-01  0.3490482E+01
  0.5500000E-01  0.3490312E+01
  0.5505000E-01  0.3490138E+01
  0.5510000E-01  0.3489959E+01
  0.5515000E-01  0.3489777E+01
  0.5520000E-01  0.3489590E+01
  0.5525000E-01  0.3489401E+01
  0.5530000E-01  0.3489208E+01
  0.5535000E-01  0.3489013E+01
  0.5540000E-01  0.3488814E+01
  0.5545000E-01  0.3488613E+01
  0.5550000E-01  0.3488410E+01
  0.5555000E-01  0.3488204E+01
  0.5560000E-01  0.3487996E+01
  0.5565000E-01  0.3487786E+01
  0.5570000E-01  0.3487575E+01
  0.5575000E-01  0.3487363E+01
  0.5580000E-01  0.3487149E+01
  0.5585000E-01  0.3486933E+01
  0.5590000E-01  0.3486717E+01
  0.5595000E-01  0.3486500E+01
  0.5600000E-01  0.3486282E+01
  0.5605000E-01  0.3486063E+01
  0.5610000E-01  0.3485844E+01
  0.5615000E-01  0.3485625E+01
  0.5620000E-01  0.3485406E+01
  0.5625000E-01  0.3485186E+01
  0.5630000E-01  0.3484967E+01
  0.5635000E-01  0.3484748E+01
  0.5640000E-01  0.3484528E+01
  0.5645000E-01  0.3484308E+01
  0.5650000E-01  0.3484088E+01
  0.5655000E-01  0.3483867E+01
  0.5660000E-01  0.3483644E+01
  0.5665000E-01  0.3483421E+01
  0.5670000E-01  0.3483195E+01
  0.5675000E-01  0.3482968E+01
  0.5680000E-01  0.3482740E+01
  0.5685000E-01  0.3482510E+01
  0.5690000E-01  0.3482279E+01
  0.5695000E-01  0.3482047E+01
  0.5700000E-01  0.3481813E+01
  0.5705000E-01  0.3481579E+01
  0.5710000E-01  0.3481344E+01
  0.5715000E-01  0.3481107E+01
  0.5720000E-01  0.3480869E+01
  0.5725000E-01  0.3480630E+01
  0.5730000E-01  0.3480391E+01
  0.5735000E-01  0.3480152E+01
  0.5740000E-01  0.3479912E+01
  0.5745000E-01  0.3479672E+01
  0.5750000E-01  0.3479430E+01
  0.5755000E-01  0.3479189E+01
  0.5760000E-01  0.3478946E+01
  0.5765000E-01  0.3478702E+01
  0.5770000E-01  0.3478457E+01
  0.5775000E-01  0.3478211E+01
  0.5780000E-01  0.3477965E+01
  0.5785000E-01  0.3477717E+01
  0.5790000E-01  0.3477470E+01
  0.5795000E-01  0.3477221E+01
  0.5800000E-01  0.3476972E+01
  0.5805000E-01  0.3476721E+01
  0.5810000E-01  0.3476469E+01
  0.5815000E-01  0.3476217E+01
  0.5820000E-01  0.3475963E+01
  0.5825000E-01  0.3475708E+01
  0.5830000E-01  0.3475452E+01
  0.5835000E-01  0.3475194E+01
  0.5840000E-01  0.3474934E+01
  0.5845000E-01  0.3474672E+01
  0.5850000E-01  0.3474408E+01
  0.5855000E-01  0.3474142E+01
  0.5860000E-01  0.3473875E+01
  0.5865000E-01  0.3473605E+01
  0.5870000E-01  0.3473334E+01
  0.5875000E-01  0.3473061E+01
  0.5880000E-01  0.3472786E+01
  0.5885000E-01  0.3472508E+01
  0.5890000E-01  0.3472229E+01
  0.5895000E-01  0.3471948E+01
  0.5900000E-01  0.3471665E+01
  0.5905000E-01  0.3471380E+01
  0.5910000E-01  0.3471092E+01
  0.5915000E-01  0.3470803E+01
  0.5920000E-01  0.3470511E+01
  0.5925000E-01  0.3470216E+01
  0.5930000E-01  0.3469920E+01
  0.5935000E-01  0.3469622E+01
  0.5940000E-01  0.3469323E+01
  0.5945000E-01  0.3469021E+01
  0.5950000E-01  0.3468717E+01
  0.5955000E-01  0.3468412E+01
  0.5960000E-01  0.3468106E+01
  0.5965000E-01  0.3467798E+01
  0.5970000E-01  0.3467489E+01
  0.5975000E-01  0.3467178E+01
  0.5980000E-01  0.3466867E+01
  0.5985000E-01  0.3466554E+01
  0.5990000E-01  0.3466239E+01
  0.5995000E-01  0.3465923E+01
  0.6000000E-01  0.3465604E+01
  0.6005000E-01  0.3465284E+01
  0.6010000E-01  0.3464962E+01
  0.6015000E-01  0.3464639E+01
  0.6020000E-01  0.3464314E+01
  0.6025000E-01  0.3463989E+01
  0.6030000E-01  0.3463663E+01
  0.6035000E-01  0.3463336E+01
  0.6040000E-01  0.3463008E+01
  0.6045000E-01  0.3462679E+01
  0.6050000E-01  0.3462349E+01
  0.6055000E-01  0.3462018E+01
  0.6060000E-01  0.3461685E+01
  0.6065000E-01  0.3461351E+01
  0.6070000E-01  0.3461015E+01
  0.6075000E-01  0.3460677E+01
  0.6080000E-01  0.3460336E+01
  0.6085000E-01  0.3459994E+01
  0.6090000E-01  0.3459649E+01
  0.6095000E-01  0.3459302E+01
  0.6100000E-01  0.3458953E+01
  0.6105000E-01  0.3458603E+01
  0.6110000E-01  0.3458252E+01
  0.6115000E-01  0.3457900E+01
  0.6120000E-01  0.3457546E+01
  0.6125000E-01  0.3457192E+01
  0.6130000E-01  0.3456838E+01
  0.6135000E-01  0.3456482E+01
  0.6140000E-01  0.3456125E+01
  0.6145000E-01  0.3455767E+01
  0.6150000E-01  0.3455408E+01
  0.6155000E-01  0.3455049E+01
  0.6160000E-01  0.3454690E+01
  0.6165000E-01  0.3454331E+01
  0.6170000E-01  0.3453972E+01
  0.6175000E-01  0.3453614E+01
  0.6180000E-01  0.3453256E+01
  0.6185000E-01  0.3452899E+01
  0.6190000E-01  0.3452542E+01
  0.6195000E-01  0.3452186E+01
  0.6200000E-01  0.3451830E+01
  0.6205000E-01  0.3451474E+01
  0.6210000E-01  0.3451119E+01
  0.6215000E-01  0.3450765E+01
  0.6220000E-01  0.3450411E+01
  0.6225000E-01  0.3450059E+01
  0.6230000E-01  0.3449707E+01
  0.6235000E-01  0.3449357E+01
  0.6240000E-01  0.3449008E+01
  0.6245000E-01  0.3448660E+01
  0.6250000E-01  0.3448315E+01
  0.6255000E-01  0.3447970E+01
  0.6260000E-01  0.3447628E+01
  0.6265000E-01  0.3447287E+01
  0.6270000E-01  0.3446947E+01
  0.6275000E-01  0.3446609E+01
  0.6280000E-01  0.3446272E+01
  0.6285000E-01  0.3445935E+01
  0.6290000E-01  0.3445598E+01
  0.6295000E-01  0.3445260E+01
  0.6300000E-01  0.3444921E+01
  0.6305000E-01  0.3444580E+01
  0.6310000E-01  0.3444237E+01
  0.6315000E-01  0.3443892E+01
  0.6320000E-01  0.3443545E+01
  0.6325000E-01  0.3443196E+01
  0.6330000E-01  0.3442845E+01
  0.6335000E-01  0.3442491E+01
  0.6340000E-01  0.3442137E+01
  0.6345000E-01  0.3441780E+01
  0.6350000E-01  0.3441422E+01
  0.6355000E-01  0.3441063E+01
  0.6360000E-01  0.3440703E+01
  0.6365000E-01  0.3440343E+01
  0.6370000E-01  0.3439982E+01
  0.6375000E-01  0.3439622E+01
  0.6380000E-01  0.3439262E+01
  0.6385000E-01  0.3438903E+01
  0.6390000E-01  0.3438544E+01
  0.6395000E-01  0.3438185E+01
  0.6400000E-01  0.3437825E+01
  0.6405000E-01  0.3437465E+01
  0.6410000E-01  0.3437103E+01
  0.6415000E-01  0.3436740E+01
  0.6420000E-01  0.3436375E+01
  0.6425000E-01  0.3436008E+01
  0.6430000E-01  0.3435638E+01
  0.6435000E-01  0.3435267E+01
  0.6440000E-01  0.3434893E+01
  0.6445000E-01  0.3434518E+01
  0.6450000E-01  0.3434142E+01
  0.6455000E-01  0.3433766E+01
  0.6460000E-01  0.3433388E+01
  0.6465000E-01  0.3433009E+01
  0.6470000E-01  0.3432630E+01
  0.6475000E-01  0.3432249E+01
  0.6480000E-01  0.3431867E+01
  0.6485000E-01  0.3431485E+01
  0.6490000E-01  0.3431103E+01
  0.6495000E-01  0.3430721E+01
  0.6500000E-01  0.3430339E+01
  0.6505000E-01  0.3429958E+01
  0.6510000E-01  0.3429578E+01
  0.6515000E-01  0.3429199E+01
  0.6520000E-01  0.3428820E+01
  0.6525000E-01  0.3428441E+01
  0.6530000E-01  0.3428063E+01
  0.6535000E-01  0.3427685E+01
  0.6540000E-01  0.3427308E+01
  0.6545000E-01  0.3426931E+01
  0.6550000E-01  0.3426554E+01
  0.6555000E-01  0.3426176E+01
  0.6560000E-01  0.3425796E+01
  0.6565000E-01  0.3425416E+01
  0.6570000E-01  0.3425034E+01
  0.6575000E-01  0.3424650E+01
  0.6580000E-01  0.3424264E+01
  0.6585000E-01  0.3423876E+01
  0.6590000E-01  0.3423485E+01
  0.6595000E-01  0.3423093E+01
  0.6600000E-01  0.3422697E+01
  0.6605000E-01  0.3422298E+01
  0.6610000E-01  0.3421896E+01
  0.6615000E-01  0.3421489E+01
  0.6620000E-01  0.3421077E+01
  0.6625000E-01  0.3420661E+01
  0.6630000E-01  0.3420240E+01
  0.6635000E-01  0.3419814E+01
  0.6640000E-01  0.3419383E+01
  0.6645000E-01  0.3418948E+01
  0.6650000E-01  0.3418508E+01
  0.6655000E-01  0.3418065E+01
  0.6660000E-01  0.3417617E+01
  0.6665000E-01  0.3417166E+01
  0.6670000E-01  0.3416711E+01
  0.6675000E-01  0.3416253E+01
  0.6680000E-01  0.3415791E+01
  0.6685000E-01  0.3415325E+01
  0.6690000E-01  0.3414856E+01
  0.6695000E-01  0.3414384E+01
  0.6700000E-01  0.3413910E+01
  0.6705000E-01  0.3413432E+01
  0.6710000E-01  0.3412952E+01
  0.6715000E-01  0.3412469E+01
  0.6720000E-01  0.3411983E+01
  0.6725000E-01  0.3411493E+01
  0.6730000E-01  0.3411002E+01
  0.6735000E-01  0.3410508E+01
  0.6740000E-01  0.3410013E+01
  0.6745000E-01  0.3409516E+01
  0.6750000E-01  0.3409017E+01
  0.6755000E-01  0.3408517E+01
  0.6760000E-01  0.3408015E+01
  0.6765000E-01  0.3407512E+01
  0.6770000E-01  0.3407007E+01
  0.6775000E-01  0.3406501E+01
  0.6780000E-01  0.3405994E+01
  0.6785000E-01  0.3405486E+01
  0.6790000E-01  0.3404977E+01
  0.6795000E-01  0.3404468E+01
  0.6800000E-01  0.3403959E+01
  0.6805000E-01  0.3403450E+01
  0.6810000E-01  0.3402941E+01
  0.6815000E-01  0.3402431E+01
  0.6820000E-01  0.3401922E+01
  0.6825000E-01  0.3401412E+01
  0.6830000E-01  0.3400901E+01
  0.6835000E-01  0.3400390E+01
  0.6840000E-01  0.3399878E+01
  0.6845000E-01  0.3399364E+01
  0.6850000E-01  0.3398850E+01
  0.6855000E-01  0.3398334E+01
  0.6860000E-01  0.3397818E+01
  0.6865000E-01  0.3397301E+01
  0.6870000E-01  0.3396783E+01
  0.6875000E-01  0.3396265E+01
  0.6880000E-01  0.3395747E+01
  0.6885000E-01  0.3395229E+01
  0.6890000E-01  0.3394712E+01
  0.6895000E-01  0.3394195E+01
  0.6900000E-01  0.3393678E+01
  0.6905000E-01  0.3393161E+01
  0.6910000E-01  0.3392644E+01
  0.6915000E-01  0.3392126E+01
  0.6920000E-01  0.3391607E+01
  0.6925000E-01  0.3391086E+01
  0.6930000E-01  0.3390564E+01
  0.6935000E-01  0.3390041E+01
  0.6940000E-01  0.3389516E+01
  0.6945000E-01  0.3388991E+01
  0.6950000E-01  0.3388464E+01
  0.6955000E-01  0.3387936E+01
  0.6960000E-01  0.3387406E+01
  0.6965000E-01  0.3386875E+01
  0.6970000E-01  0.3386342E+01
  0.6975000E-01  0.3385808E+01
  0.6980000E-01  0.3385273E+01
  0.6985000E-01  0.3384736E+01
  0.6990000E-01  0.3384199E+01
  0.6995000E-01  0.3383662E+01
  0.7000000E-01  0.3383124E+01
  0.7005000E-01  0.3382586E+01
  0.7010000E-01  0.3382048E+01
  0.7015000E-01  0.3381511E+01
  0.7020000E-01  0.3380976E+01
  0.7025000E-01  0.3380443E+01
  0.7030000E-01  0.3379912E+01
  0.7035000E-01  0.3379383E+01
  0.7040000E-01  0.3378856E+01
  0.7045000E-01  0.3378332E+01
  0.7050000E-01  0.3377811E+01
  0.7055000E-01  0.3377292E+01
  0.7060000E-01  0.3376775E+01
  0.7065000E-01  0.3376260E+01
  0.7070000E-01  0.3375747E+01
  0.7075000E-01  0.3375235E+01
  0.7080000E-01  0.3374725E+01
  0.7085000E-01  0.3374217E+01
  0.7090000E-01  0.3373710E+01
  0.7095000E-01  0.3373204E+01
  0.7100000E-01  0.3372699E+01
  0.7105000E-01  0.3372196E+01
  0.7110000E-01  0.3371694E+01
  0.7115000E-01  0.3371191E+01
  0.7120000E-01  0.3370689E+01
  0.7125000E-01  0.3370185E+01
  0.7130000E-01  0.3369679E+01
  0.7135000E-01  0.3369171E+01
  0.7140000E-01  0.3368662E+01
  0.7145000E-01  0.3368150E+01
  0.7150000E-01  0.3367636E+01
  0.7155000E-01  0.3367121E+01
  0.7160000E-01  0.3366604E+01
  0.7165000E-01  0.3366086E+01
  0.7170000E-01  0.3365567E+01
  0.7175000E-01  0.3365046E+01
  0.7180000E-01  0.3364522E+01
  0.7185000E-01  0.3363996E+01
  0.7190000E-01  0.3363468E+01
  0.7195000E-01  0.3362936E+01
  0.7200000E-01  0.3362401E+01
  0.7205000E-01  0.3361863E+01
  0.7210000E-01  0.3361322E+01
  0.7215000E-01  0.3360777E+01
  0.7220000E-01  0.3360229E+01
  0.7225000E-01  0.3359678E+01
  0.7230000E-01  0.3359124E+01
  0.7235000E-01  0.3358566E+01
  0.7240000E-01  0.3358006E+01
  0.7245000E-01  0.3357444E+01
  0.7250000E-01  0.3356880E+01
  0.7255000E-01  0.3356315E+01
  0.7260000E-01  0.3355749E+01
  0.7265000E-01  0.3355183E+01
  0.7270000E-01  0.3354616E+01
  0.7275000E-01  0.3354049E+01
  0.7280000E-01  0.3353481E+01
  0.7285000E-01  0.3352913E+01
  0.7290000E-01  0.3352345E+01
  0.7295000E-01  0.3351777E+01
  0.7300000E-01  0.3351208E+01
  0.7305000E-01  0.3350640E+01
  0.7310000E-01  0.3350072E+01
  0.7315000E-01  0.3349504E+01
  0.7320000E-01  0.3348935E+01
  0.7325000E-01  0.3348365E+01
  0.7330000E-01  0.3347793E+01
  0.7335000E-01  0.3347218E+01
  0.7340000E-01  0.3346640E+01
  0.7345000E-01  0.3346058E+01
  0.7350000E-01  0.3345471E+01
  0.7355000E-01  0.3344881E+01
  0.7360000E-01  0.3344285E+01
  0.7365000E-01  0.3343686E+01
  0.7370000E-01  0.3343082E+01
  0.7375000E-01  0.3342474E+01
  0.7380000E-01  0.3341862E+01
  0.7385000E-01  0.3341246E+01
  0.7390000E-01  0.3340626E+01
  0.7395000E-01  0.3340003E+01
  0.7400000E-01  0.3339377E+01
  0.7405000E-01  0.3338748E+01
  0.7410000E-01  0.3338117E+01
  0.7415000E-01  0.3337484E+01
  0.7420000E-01  0.3336851E+01
  0.7425000E-01  0.3336217E+01
  0.7430000E-01  0.3335584E+01
  0.7435000E-01  0.3334950E+01
  0.7440000E-01  0.3334317E+01
  0.7445000E-01  0.3333684E+01
  0.7450000E-01  0.3333050E+01
  0.7455000E-01  0.3332417E+01
  0.7460000E-01  0.3331783E+01
  0.7465000E-01  0.3331148E+01
  0.7470000E-01  0.3330513E+01
  0.7475000E-01  0.3329877E+01
  0.7480000E-01  0.3329240E+01
  0.7485000E-01  0.3328603E+01
  0.7490000E-01  0.3327964E+01
  0.7495000E-01  0.3327323E+01
  0.7500000E-01  0.3326680E+01
  0.7505000E-01  0.3326035E+01
  0.7510000E-01  0.3325387E+01
  0.7515000E-01  0.3324736E+01
  0.7520000E-01  0.3324082E+01
  0.7525000E-01  0.3323423E+01
  0.7530000E-01  0.3322760E+01
  0.7535000E-01  0.3322092E+01
  0.7540000E-01  0.3321420E+01
  0.7545000E-01  0.3320745E+01
  0.7550000E-01  0.3320065E+01
  0.7555000E-01  0.3319384E+01
  0.7560000E-01  0.3318700E+01
  0.7565000E-01  0.3318016E+01
  0.7570000E-01  0.3317331E+01
  0.7575000E-01  0.3316644E+01
  0.7580000E-01  0.3315957E+01
  0.7585000E-01  0.3315269E+01
  0.7590000E-01  0.3314580E+01
  0.7595000E-01  0.3313892E+01
  0.7600000E-01  0.3313202E+01
  0.7605000E-01  0.3312512E+01
  0.7610000E-01  0.3311819E+01
  0.7615000E-01  0.3311124E+01
  0.7620000E-01  0.3310427E+01
  0.7625000E-01  0.3309726E+01
  0.7630000E-01  0.3309024E+01
  0.7635000E-01  0.3308319E+01
  0.7640000E-01  0.3307614E+01
  0.7645000E-01  0.3306908E+01
  0.7650000E-01  0.3306201E+01
  0.7655000E-01  0.3305495E+01
  0.7660000E-01  0.3304787E+01
  0.7665000E-01  0.3304079E+01
  0.7670000E-01  0.3303370E+01
  0.7675000E-01  0.3302658E+01
  0.7680000E-01  0.3301945E+01
  0.7685000E-01  0.3301230E+01
  0.7690000E-01  0.3300513E+01
  0.7695000E-01  0.3299794E+01
  0.7700000E-01  0.3299073E+01
  0.7705000E-01  0.3298351E+01
  0.7710000E-01  0.3297628E+01
  0.7715000E-01  0.3296903E+01
  0.7720000E-01  0.3296178E+01
  0.7725000E-01  0.3295451E+01
  0.7730000E-01  0.3294722E+01
  0.7735000E-01  0.3293991E+01
  0.7740000E-01  0.3293257E+01
  0.7745000E-01  0.3292521E+01
  0.7750000E-01  0.3291780E+01
  0.7755000E-01  0.3291037E+01
  0.7760000E-01  0.3290290E+01
  0.7765000E-01  0.3289540E+01
  0.7770000E-01  0.3288788E+01
  0.7775000E-01  0.3288033E+01
  0.7780000E-01  0.3287276E+01
  0.7785000E-01  0.3286518E+01
  0.7790000E-01  0.3285759E+01
  0.7795000E-01  0.3284999E+01
  0.7800000E-01  0.3284239E+01
  0.7805000E-01  0.3283479E+01
  0.7810000E-01  0.3282718E+01
  0.7815000E-01  0.3281958E+01
  0.7820000E-01  0.3281200E+01
  0.7825000E-01  0.3280442E+01
  0.7830000E-01  0.3279684E+01
  0.7835000E-01  0.3278927E+01
  0.7840000E-01  0.3278170E+01
  0.7845000E-01  0.3277412E+01
  0.7850000E-01  0.3276654E+01
  0.7855000E-01  0.3275897E+01
  0.7860000E-01  0.3275138E+01
  0.7865000E-01  0.3274380E+01
  0.7870000E-01  0.3273621E+01
  0.7875000E-01  0.3272862E+01
  0.7880000E-01  0.3272104E+01
  0.7885000E-01  0.3271348E+01
  0.7890000E-01  0.3270592E+01
  0.7895000E-01  0.3269838E+01
  0.7900000E-01  0.3269085E+01
  0.7905000E-01  0.3268332E+01
  0.7910000E-01  0.3267578E+01
  0.7915000E-01  0.3266823E+01
  0.7920000E-01  0.3266067E+01
  0.7925000E-01  0.3265308E+01
  0.7930000E-01  0.3264547E+01
  0.7935000E-01  0.3263783E+01
  0.7940000E-01  0.3263015E+01
  0.7945000E-01  0.3262244E+01
  0.7950000E-01  0.3261468E+01
  0.7955000E-01  0.3260689E+01
  0.7960000E-01  0.3259905E+01
  0.7965000E-01  0.3259116E+01
  0.7970000E-01  0.3258322E+01
  0.7975000E-01  0.3257522E+01
  0.7980000E-01  0.3256715E+01
  0.7985000E-01  0.3255901E+01
  0.7990000E-01  0.3255078E+01
  0.7995000E-01  0.3254250E+01
  0.8000000E-01  0.3253415E+01
  0.8005000E-01  0.3252575E+01
  0.8010000E-01  0.3251729E+01
  0.8015000E-01  0.3250877E+01
  0.8020000E-01  0.3250020E+01
  0.8025000E-01  0.3249158E+01
  0.8030000E-01  0.3248292E+01
  0.8035000E-01  0.3247420E+01
  0.8040000E-01  0.3246544E+01
  0.8045000E-01  0.3245663E+01
  0.8050000E-01  0.3244776E+01
  0.8055000E-01  0.3243884E+01
  0.8060000E-01  0.3242985E+01
  0.8065000E-01  0.3242080E+01
  0.8070000E-01  0.3241168E+01
  0.8075000E-01  0.3240249E+01
  0.8080000E-01  0.3239325E+01
  0.8085000E-01  0.3238396E+01
  0.8090000E-01  0.3237462E+01
  0.8095000E-01  0.3236524E+01
  0.8100000E-01  0.3235583E+01
  0.8105000E-01  0.3234638E+01
  0.8110000E-01  0.3233690E+01
  0.8115000E-01  0.3232740E+01
  0.8120000E-01  0.3231787E+01
  0.8125000E-01  0.3230831E+01
  0.8130000E-01  0.3229871E+01
  0.8135000E-01  0.3228907E+01
  0.8140000E-01  0.3227938E+01
  0.8145000E-01  0.3226966E+01
  0.8150000E-01  0.3225989E+01
  0.8155000E-01  0.3225008E+01
  0.8160000E-01  0.3224024E+01
  0.8165000E-01  0.3223036E+01
  0.8170000E-01  0.3222044E+01
  0.8175000E-01  0.3221048E+01
  0.8180000E-01  0.3220048E+01
  0.8185000E-01  0.3219041E+01
  0.8190000E-01  0.3218030E+01
  0.8195000E-01  0.3217012E+01
  0.8200000E-01  0.3215990E+01
  0.8205000E-01  0.3214962E+01
  0.8210000E-01  0.3213930E+01
  0.8215000E-01  0.3212892E+01
  0.8220000E-01  0.3211852E+01
  0.8225000E-01  0.3210808E+01
  0.8230000E-01  0.3209762E+01
  0.8235000E-01  0.3208714E+01
  0.8240000E-01  0.3207664E+01
  0.8245000E-01  0.3206613E+01
  0.8250000E-01  0.3205559E+01
  0.8255000E-01  0.3204503E+01
  0.8260000E-01  0.3203445E+01
  0.8265000E-01  0.3202385E+01
  0.8270000E-01  0.3201324E+01
  0.8275000E-01  0.3200260E+01
  0.8280000E-01  0.3199192E+01
  0.8285000E-01  0.3198120E+01
  0.8290000E-01  0.3197043E+01
  0.8295000E-01  0.3195961E+01
  0.8300000E-01  0.3194876E+01
  0.8305000E-01  0.3193789E+01
  0.8310000E-01  0.3192701E+01
  0.8315000E-01  0.3191613E+01
  0.8320000E-01  0.3190525E+01
  0.8325000E-01  0.3189437E+01
  0.8330000E-01  0.3188349E+01
  0.8335000E-01  0.3187262E+01
  0.8340000E-01  0.3186175E+01
  0.8345000E-01  0.3185089E+01
  0.8350000E-01  0.3184003E+01
  0.8355000E-01  0.3182918E+01
  0.8360000E-01  0.3181833E+01
  0.8365000E-01  0.3180749E+01
  0.8370000E-01  0.3179664E+01
  0.8375000E-01  0.3178580E+01
  0.8380000E-01  0.3177496E+01
  0.8385000E-01  0.3176412E+01
  0.8390000E-01  0.3175329E+01
  0.8395000E-01  0.3174246E+01
  0.8400000E-01  0.3173162E+01
  0.8405000E-01  0.3172078E+01
  0.8410000E-01  0.3170993E+01
  0.8415000E-01  0.3169907E+01
  0.8420000E-01  0.3168820E+01
  0.8425000E-01  0.3167730E+01
  0.8430000E-01  0.3166638E+01
  0.8435000E-01  0.3165543E+01
  0.8440000E-01  0.3164444E+01
  0.8445000E-01  0.3163341E+01
  0.8450000E-01  0.3162233E+01
  0.8455000E-01  0.3161119E+01
  0.8460000E-01  0.3159999E+01
  0.8465000E-01  0.3158871E+01
  0.8470000E-01  0.3157737E+01
  0.8475000E-01  0.3156595E+01
  0.8480000E-01  0.3155445E+01
  0.8485000E-01  0.3154287E+01
  0.8490000E-01  0.3153122E+01
  0.8495000E-01  0.3151949E+01
  0.8500000E-01  0.3150770E+01
  0.8505000E-01  0.3149585E+01
  0.8510000E-01  0.3148395E+01
  0.8515000E-01  0.3147201E+01
  0.8520000E-01  0.3146002E+01
  0.8525000E-01  0.3144800E+01
  0.8530000E-01  0.3143592E+01
  0.8535000E-01  0.3142379E+01
  0.8540000E-01  0.3141159E+01
  0.8545000E-01  0.3139931E+01
  0.8550000E-01  0.3138693E+01
  0.8555000E-01  0.3137447E+01
  0.8560000E-01  0.3136190E+01
  0.8565000E-01  0.3134923E+01
  0.8570000E-01  0.3133646E+01
  0.8575000E-01  0.3132360E+01
  0.8580000E-01  0.3131064E+01
  0.8585000E-01  0.3129760E+01
  0.8590000E-01  0.3128448E+01
  0.8595000E-01  0.3127130E+01
  0.8600000E-01  0.3125805E+01
  0.8605000E-01  0.3124473E+01
  0.8610000E-01  0.3123135E+01
  0.8615000E-01  0.3121791E+01
  0.8620000E-01  0.3120440E+01
  0.8625000E-01  0.3119084E+01
  0.8630000E-01  0.3117722E+01
  0.8635000E-01  0.3116355E+01
  0.8640000E-01  0.3114981E+01
  0.8645000E-01  0.3113603E+01
  0.8650000E-01  0.3112220E+01
  0.8655000E-01  0.3110832E+01
  0.8660000E-01  0.3109440E+01
  0.8665000E-01  0.3108042E+01
  0.8670000E-01  0.3106637E+01
  0.8675000E-01  0.3105223E+01
  0.8680000E-01  0.3103801E+01
  0.8685000E-01  0.3102369E+01
  0.8690000E-01  0.3100927E+01
  0.8695000E-01  0.3099473E+01
  0.8700000E-01  0.3098010E+01
  0.8705000E-01  0.3096538E+01
  0.8710000E-01  0.3095058E+01
  0.8715000E-01  0.3093570E+01
  0.8720000E-01  0.3092075E+01
  0.8725000E-01  0.3090573E+01
  0.8730000E-01  0.3089064E+01
  0.8735000E-01  0.3087550E+01
  0.8740000E-01  0.3086030E+01
  0.8745000E-01  0.3084506E+01
  0.8750000E-01  0.3082976E+01
  0.8755000E-01  0.3081441E+01
  0.8760000E-01  0.3079902E+01
  0.8765000E-01  0.3078361E+01
  0.8770000E-01  0.3076818E+01
  0.8775000E-01  0.3075273E+01
  0.8780000E-01  0.3073726E+01
  0.8785000E-01  0.3072177E+01
  0.8790000E-01  0.3070624E+01
  0.8795000E-01  0.3069065E+01
  0.8800000E-01  0.3067502E+01
  0.8805000E-01  0.3065934E+01
  0.8810000E-01  0.3064360E+01
  0.8815000E-01  0.3062781E+01
  0.8820000E-01  0.3061196E+01
  0.8825000E-01  0.3059602E+01
  0.8830000E-01  0.3057998E+01
  0.8835000E-01  0.3056384E+01
  0.8840000E-01  0.3054759E+01
  0.8845000E-01  0.3053122E+01
  0.8850000E-01  0.3051476E+01
  0.8855000E-01  0.3049821E+01
  0.8860000E-01  0.3048157E+01
  0.8865000E-01  0.3046486E+01
  0.8870000E-01  0.3044806E+01
  0.8875000E-01  0.3043119E+01
  0.8880000E-01  0.3041425E+01
  0.8885000E-01  0.3039725E+01
  0.8890000E-01  0.3038019E+01
  0.8895000E-01  0.3036309E+01
  0.8900000E-01  0.3034594E+01
  0.8905000E-01  0.3032874E+01
  0.8910000E-01  0.3031149E+01
  0.8915000E-01  0.3029418E+01
  0.8920000E-01  0.3027682E+01
  0.8925000E-01  0.3025940E+01
  0.8930000E-01  0.3024193E+01
  0.8935000E-01  0.3022440E+01
  0.8940000E-01  0.3020678E+01
  0.8945000E-01  0.3018907E+01
  0.8950000E-01  0.3017124E+01
  0.8955000E-01  0.3015328E+01
  0.8960000E-01  0.3013518E+01
  0.8965000E-01  0.3011693E+01
  0.8970000E-01  0.3009854E+01
  0.8975000E-01  0.3008000E+01
  0.8980000E-01  0.3006132E+01
  0.8985000E-01  0.3004249E+01
  0.8990000E-01  0.3002350E+01
  0.8995000E-01  0.3000435E+01
  0.9000000E-01  0.2998504E+01
  0.9005000E-01  0.2996554E+01
  0.9010000E-01  0.2994588E+01
  0.9015000E-01  0.2992605E+01
  0.9020000E-01  0.2990608E+01
  0.9025000E-01  0.2988598E+01
  0.9030000E-01  0.2986574E+01
  0.9035000E-01  0.2984538E+01
  0.9040000E-01  0.2982490E+01
  0.9045000E-01  0.2980428E+01
  0.9050000E-01  0.2978351E+01
  0.9055000E-01  0.2976257E+01
  0.9060000E-01  0.2974143E+01
  0.9065000E-01  0.2972008E+01
  0.9070000E-01  0.2969851E+01
  0.9075000E-01  0.2967671E+01
  0.9080000E-01  0.2965470E+01
  0.9085000E-01  0.2963248E+01
  0.9090000E-01  0.2961008E+01
  0.9095000E-01  0.2958749E+01
  0.9100000E-01  0.2956476E+01
  0.9105000E-01  0.2954188E+01
  0.9110000E-01  0.2951888E+01
  0.9115000E-01  0.2949575E+01
  0.9120000E-01  0.2947250E+01
  0.9125000E-01  0.2944913E+01
  0.9130000E-01  0.2942564E+01
  0.9135000E-01  0.2940204E+01
  0.9140000E-01  0.2937835E+01
  0.9145000E-01  0.2935456E+01
  0.9150000E-01  0.2933069E+01
  0.9155000E-01  0.2930670E+01
  0.9160000E-01  0.2928259E+01
  0.9165000E-01  0.2925835E+01
  0.9170000E-01  0.2923395E+01
  0.9175000E-01  0.2920940E+01
  0.9180000E-01  0.2918467E+01
  0.9185000E-01  0.2915977E+01
  0.9190000E-01  0.2913470E+01
  0.9195000E-01  0.2910947E+01
  0.9200000E-01  0.2908411E+01
  0.9205000E-01  0.2905862E+01
  0.9210000E-01  0.2903300E+01
  0.9215000E-01  0.2900725E+01
  0.9220000E-01  0.2898139E+01
  0.9225000E-01  0.2895541E+01
  0.9230000E-01  0.2892931E+01
  0.9235000E-01  0.2890310E+01
  0.9240000E-01  0.2887675E+01
  0.9245000E-01  0.2885026E+01
  0.9250000E-01  0.2882360E+01
  0.9255000E-01  0.2879677E+01
  0.9260000E-01  0.2876973E+01
  0.9265000E-01  0.2874249E+01
  0.9270000E-01  0.2871506E+01
  0.9275000E-01  0.2868744E+01
  0.9280000E-01  0.2865965E+01
  0.9285000E-01  0.2863166E+01
  0.9290000E-01  0.2860347E+01
  0.9295000E-01  0.2857507E+01
  0.9300000E-01  0.2854644E+01
  0.9305000E-01  0.2851757E+01
  0.9310000E-01  0.2848846E+01
  0.9315000E-01  0.2845909E+01
  0.9320000E-01  0.2842945E+01
  0.9325000E-01  0.2839952E+01
  0.9330000E-01  0.2836927E+01
  0.9335000E-01  0.2833869E+01
  0.9340000E-01  0.2830778E+01
  0.9345000E-01  0.2827654E+01
  0.9350000E-01  0.2824499E+01
  0.9355000E-01  0.2821312E+01
  0.9360000E-01  0.2818093E+01
  0.9365000E-01  0.2814842E+01
  0.9370000E-01  0.2811559E+01
  0.9375000E-01  0.2808242E+01
  0.9380000E-01  0.2804893E+01
  0.9385000E-01  0.2801511E+01
  0.9390000E-01  0.2798094E+01
  0.9395000E-01  0.2794644E+01
  0.9400000E-01  0.2791161E+01
  0.9405000E-01  0.2787645E+01
  0.9410000E-01  0.2784093E+01
  0.9415000E-01  0.2780503E+01
  0.9420000E-01  0.2776873E+01
  0.9425000E-01  0.2773203E+01
  0.9430000E-01  0.2769496E+01
  0.9435000E-01  0.2765752E+01
  0.9440000E-01  0.2761972E+01
  0.9445000E-01  0.2758154E+01
  0.9450000E-01  0.2754296E+01
  0.9455000E-01  0.2750395E+01
  0.9460000E-01  0.2746451E+01
  0.9465000E-01  0.2742461E+01
  0.9470000E-01  0.2738424E+01
  0.9475000E-01  0.2734338E+01
  0.9480000E-01  0.2730198E+01
  0.9485000E-01  0.2726002E+01
  0.9490000E-01  0.2721745E+01
  0.9495000E-01  0.2717425E+01
  0.9500000E-01  0.2713043E+01
  0.9505000E-01  0.2708599E+01
  0.9510000E-01  0.2704092E+01
  0.9515000E-01  0.2699524E+01
  0.9520000E-01  0.2694895E+01
  0.9525000E-01  0.2690205E+01
  0.9530000E-01  0.2685454E+01
  0.9535000E-01  0.2680643E+01
  0.9540000E-01  0.2675767E+01
  0.9545000E-01  0.2670822E+01
  0.9550000E-01  0.2665804E+01
  0.9555000E-01  0.2660708E+01
  0.9560000E-01  0.2655531E+01
  0.9565000E-01  0.2650269E+01
  0.9570000E-01  0.2644917E+01
  0.9575000E-01  0.2639474E+01
  0.9580000E-01  0.2633939E+01
  0.9585000E-01  0.2628309E+01
  0.9590000E-01  0.2622587E+01
  0.9595000E-01  0.2616773E+01
  0.9600000E-01  0.2610868E+01
  0.9605000E-01  0.2604872E+01
  0.9610000E-01  0.2598786E+01
  0.9615000E-01  0.2592610E+01
  0.9620000E-01  0.2586343E+01
  0.9625000E-01  0.2579980E+01
  0.9630000E-01  0.2573521E+01
  0.9635000E-01  0.2566965E+01
  0.9640000E-01  0.2560312E+01
  0.9645000E-01  0.2553560E+01
  0.9650000E-01  0.2546709E+01
  0.9655000E-01  0.2539756E+01
  0.9660000E-01  0.2532701E+01
  0.9665000E-01  0.2525541E+01
  0.9670000E-01  0.2518277E+01
  0.9675000E-01  0.2510908E+01
  0.9680000E-01  0.2503438E+01
  0.9685000E-01  0.2495869E+01
  0.9690000E-01  0.2488202E+01
  0.9695000E-01  0.2480441E+01
  0.9700000E-01  0.2472584E+01
  0.9705000E-01  0.2464633E+01
  0.9710000E-01  0.2456586E+01
  0.9715000E-01  0.2448442E+01
  0.9720000E-01  0.2440195E+01
  0.9725000E-01  0.2431843E+01
  0.9730000E-01  0.2423379E+01
  0.9735000E-01  0.2414796E+01
  0.9740000E-01  0.2406085E+01
  0.9745000E-01  0.2397234E+01
  0.9750000E-01  0.2388229E+01
  0.9755000E-01  0.2379058E+01
  0.9760000E-01  0.2369706E+01
  0.9765000E-01  0.2360155E+01
  0.9770000E-01  0.2350379E+01
  0.9775000E-01  0.2340348E+01
  0.9780000E-01  0.2330024E+01
  0.9785000E-01  0.2319363E+01
  0.9790000E-01  0.2308312E+01
  0.9795000E-01  0.2296811E+01
  0.9800000E-01  0.2284788E+01
  0.9805000E-01  0.2272163E+01
  0.9810000E-01  0.2258843E+01
  0.9815000E-01  0.2244722E+01
  0.9820000E-01  0.2229682E+01
  0.9825000E-01  0.2213591E+01
  0.9830000E-01  0.2196303E+01
  0.9835000E-01  0.2177663E+01
  0.9840000E-01  0.2157502E+01
  0.9845000E-01  0.2135645E+01
  0.9850000E-01  0.2111909E+01
  0.9855000E-01  0.2086109E+01
  0.9860000E-01  0.2058055E+01
  0.9865000E-01  0.2027565E+01
  0.9870000E-01  0.1994460E+01
  0.9875000E-01  0.1958570E+01
  0.9880000E-01  0.1919732E+01
  0.9885000E-01  0.1877793E+01
  0.9890000E-01  0.1832608E+01
  0.9895000E-01  0.1784042E+01
  0.9900000E-01  0.1731974E+01
  0.9905000E-01  0.1676292E+01
  0.9910000E-01  0.1616899E+01
  0.9915000E-01  0.1553717E+01
  0.9920000E-01  0.1486689E+01
  0.9925000E-01  0.1415786E+01
  0.9930000E-01  0.1341012E+01
  0.9935000E-01  0.1262415E+01
  0.9940000E-01  0.1180083E+01
  0.9945000E-01  0.1094162E+01
  0.9950000E-01  0.1004853E+01
  0.9955000E-01  0.9124122E+00
  0.9960000E-01  0.8171557E+00
  0.9965000E-01  0.7194463E+00
  0.9970000E-01  0.6196862E+00
  0.9975000E-01  0.5182975E+00
  0.9980000E-01  0.4157003E+00
  0.9985000E-01  0.3122855E+00
  0.9990000E-01  0.2083848E+00
  0.9995000E-01  0.1042446E+00
  0.1000000E+00  0.0000000E+00
