  0.0000000E+00  0.0000000E+00
  0.5000000E-04  0.1048085E-15
  0.1000000E-03  0.1048085E-15
  0.1500000E-03 -0.4050474E-04
  0.2000000E-03 -0.1552825E-03
  0.2500000E-03 -0.3698597E-03
  0.3000000E-03 -0.7016737E-03
  0.3500000E-03 -0.1159118E-02
  0.4000000E-03 -0.1742950E-02
  0.4500000E-03 -0.2446954E-02
  0.5000000E-03 -0.3259846E-02
  0.5500000E-03 -0.4166892E-02
  0.6000000E-03 -0.5151355E-02
  0.6500000E-03 -0.6195760E-02
  0.7000000E-03 -0.7283154E-02
  0.7500000E-03 -0.8397671E-02
  0.8000000E-03 -0.9525234E-02
  0.8500000E-03 -0.1065387E-01
  0.9000000E-03 -0.1177383E-01
  0.9500000E-03 -0.1287704E-01
  0.1000000E-02 -0.1395690E-01
  0.1050000E-02 -0.1500835E-01
  0.1100000E-02 -0.1602701E-01
  0.1150000E-02 -0.1700909E-01
  0.1200000E-02 -0.1795120E-01
  0.1250000E-02 -0.1885022E-01
  0.1300000E-02 -0.1970329E-01
  0.1350000E-02 -0.2050758E-01
  0.1400000E-02 -0.2126081E-01
  0.1450000E-02 -0.2196069E-01
  0.1500000E-02 -0.2260605E-01
  0.1550000E-02 -0.2319520E-01
  0.1600000E-02 -0.2372900E-01
  0.1650000E-02 -0.2420802E-01
  0.1700000E-02 -0.2463463E-01
  0.1750000E-02 -0.2501056E-01
  0.1800000E-02 -0.2533935E-01
  0.1850000E-02 -0.2562382E-01
  0.1900000E-02 -0.2586871E-01
  0.1950000E-02 -0.2607793E-01
  0.2000000E-02 -0.2625609E-01
  0.2050000E-02 -0.2640605E-01
  0.2100000E-02 -0.2653182E-01
  0.2150000E-02 -0.2663590E-01
  0.2200000E-02 -0.2672144E-01
  0.2250000E-02 -0.2679071E-01
  0.2300000E-02 -0.2684677E-01
  0.2350000E-02 -0.2689125E-01
  0.2400000E-02 -0.2692616E-01
  0.2450000E-02 -0.2695241E-01
  0.2500000E-02 -0.2697197E-01
  0.2550000E-02 -0.2698643E-01
  0.2600000E-02 -0.2699736E-01
  0.2650000E-02 -0.2700544E-01
  0.2700000E-02 -0.2701191E-01
  0.2750000E-02 -0.2701682E-01
  0.2800000E-02 -0.2702067E-01
  0.2850000E-02 -0.2702340E-01
  0.2900000E-02 -0.2702548E-01
  0.2950000E-02 -0.2702682E-01
  0.3000000E-02 -0.2702771E-01
  0.3050000E-02 -0.2702746E-01
  0.3100000E-02 -0.2702604E-01
  0.3150000E-02 -0.2702429E-01
  0.3200000E-02 -0.2702322E-01
  0.3250000E-02 -0.2702345E-01
  0.3300000E-02 -0.2702508E-01
  0.3350000E-02 -0.2702735E-01
  0.3400000E-02 -0.2702969E-01
  0.3450000E-02 -0.2703122E-01
  0.3500000E-02 -0.2703179E-01
  0.3550000E-02 -0.2703091E-01
  0.3600000E-02 -0.2702890E-01
  0.3650000E-02 -0.2702590E-01
  0.3700000E-02 -0.2702235E-01
  0.3750000E-02 -0.2701842E-01
  0.3800000E-02 -0.2701435E-01
  0.3850000E-02 -0.2701003E-01
  0.3900000E-02 -0.2700545E-01
  0.3950000E-02 -0.2700051E-01
  0.4000000E-02 -0.2699546E-01
  0.4050000E-02 -0.2699025E-01
  0.4100000E-02 -0.2698473E-01
  0.4150000E-02 -0.2697846E-01
  0.4200000E-02 -0.2697116E-01
  0.4250000E-02 -0.2696295E-01
  0.4300000E-02 -0.2695413E-01
  0.4350000E-02 -0.2694510E-01
  0.4400000E-02 -0.2693596E-01
  0.4450000E-02 -0.2692643E-01
  0.4500000E-02 -0.2691636E-01
  0.4550000E-02 -0.2690539E-01
  0.4600000E-02 -0.2689359E-01
  0.4650000E-02 -0.2688100E-01
  0.4700000E-02 -0.2686807E-01
  0.4750000E-02 -0.2685493E-01
  0.4800000E-02 -0.2684140E-01
  0.4850000E-02 -0.2682731E-01
  0.4900000E-02 -0.2681300E-01
  0.4950000E-02 -0.2679913E-01
  0.5000000E-02 -0.2678592E-01
  0.5050000E-02 -0.2677317E-01
  0.5100000E-02 -0.2676083E-01
  0.5150000E-02 -0.2674858E-01
  0.5200000E-02 -0.2673595E-01
  0.5250000E-02 -0.2672244E-01
  0.5300000E-02 -0.2670820E-01
  0.5350000E-02 -0.2669326E-01
  0.5400000E-02 -0.2667760E-01
  0.5450000E-02 -0.2666137E-01
  0.5500000E-02 -0.2664454E-01
  0.5550000E-02 -0.2662725E-01
  0.5600000E-02 -0.2660963E-01
  0.5650000E-02 -0.2659185E-01
  0.5700000E-02 -0.2657401E-01
  0.5750000E-02 -0.2655579E-01
  0.5800000E-02 -0.2653693E-01
  0.5850000E-02 -0.2651744E-01
  0.5900000E-02 -0.2649753E-01
  0.5950000E-02 -0.2647725E-01
  0.6000000E-02 -0.2645683E-01
  0.6050000E-02 -0.2643639E-01
  0.6100000E-02 -0.2641589E-01
  0.6150000E-02 -0.2639493E-01
  0.6200000E-02 -0.2637348E-01
  0.6250000E-02 -0.2635182E-01
  0.6300000E-02 -0.2633043E-01
  0.6350000E-02 -0.2630885E-01
  0.6400000E-02 -0.2628677E-01
  0.6450000E-02 -0.2626437E-01
  0.6500000E-02 -0.2624177E-01
  0.6550000E-02 -0.2621900E-01
  0.6600000E-02 -0.2619601E-01
  0.6650000E-02 -0.2617262E-01
  0.6700000E-02 -0.2614892E-01
  0.6750000E-02 -0.2612511E-01
  0.6800000E-02 -0.2610131E-01
  0.6850000E-02 -0.2607744E-01
  0.6900000E-02 -0.2605348E-01
  0.6950000E-02 -0.2602939E-01
  0.7000000E-02 -0.2600535E-01
  0.7050000E-02 -0.2598122E-01
  0.7100000E-02 -0.2595649E-01
  0.7150000E-02 -0.2593104E-01
  0.7200000E-02 -0.2590516E-01
  0.7250000E-02 -0.2587870E-01
  0.7300000E-02 -0.2585177E-01
  0.7350000E-02 -0.2582477E-01
  0.7400000E-02 -0.2579810E-01
  0.7450000E-02 -0.2577172E-01
  0.7500000E-02 -0.2574562E-01
  0.7550000E-02 -0.2571976E-01
  0.7600000E-02 -0.2569381E-01
  0.7650000E-02 -0.2566749E-01
  0.7700000E-02 -0.2564102E-01
  0.7750000E-02 -0.2561490E-01
  0.7800000E-02 -0.2558919E-01
  0.7850000E-02 -0.2556358E-01
  0.7900000E-02 -0.2553791E-01
  0.7950000E-02 -0.2551247E-01
  0.8000000E-02 -0.2548724E-01
  0.8050000E-02 -0.2546203E-01
  0.8100000E-02 -0.2543672E-01
  0.8150000E-02 -0.2541154E-01
  0.8200000E-02 -0.2538663E-01
  0.8250000E-02 -0.2536191E-01
  0.8300000E-02 -0.2533738E-01
  0.8350000E-02 -0.2531275E-01
  0.8400000E-02 -0.2528802E-01
  0.8450000E-02 -0.2526322E-01
  0.8500000E-02 -0.2523820E-01
  0.8550000E-02 -0.2521326E-01
  0.8600000E-02 -0.2518878E-01
  0.8650000E-02 -0.2516452E-01
  0.8700000E-02 -0.2514006E-01
  0.8750000E-02 -0.2511518E-01
  0.8800000E-02 -0.2508995E-01
  0.8850000E-02 -0.2506453E-01
  0.8900000E-02 -0.2503901E-01
  0.8950000E-02 -0.2501333E-01
  0.9000000E-02 -0.2498748E-01
  0.9050000E-02 -0.2496130E-01
  0.9100000E-02 -0.2493494E-01
  0.9150000E-02 -0.2490837E-01
  0.9200000E-02 -0.2488164E-01
  0.9250000E-02 -0.2485487E-01
  0.9300000E-02 -0.2482810E-01
  0.9350000E-02 -0.2480146E-01
  0.9400000E-02 -0.2477510E-01
  0.9450000E-02 -0.2474882E-01
  0.9500000E-02 -0.2472233E-01
  0.9550000E-02 -0.2469538E-01
  0.9600000E-02 -0.2466793E-01
  0.9650000E-02 -0.2464006E-01
  0.9700000E-02 -0.2461197E-01
  0.9750000E-02 -0.2458375E-01
  0.9800000E-02 -0.2455532E-01
  0.9850000E-02 -0.2452699E-01
  0.9900000E-02 -0.2449896E-01
  0.9950000E-02 -0.2447135E-01
  0.1000000E-01 -0.2444414E-01
  0.1005000E-01 -0.2441712E-01
  0.1010000E-01 -0.2439008E-01
  0.1015000E-01 -0.2436300E-01
  0.1020000E-01 -0.2433591E-01
  0.1025000E-01 -0.2430889E-01
  0.1030000E-01 -0.2428190E-01
  0.1035000E-01 -0.2425495E-01
  0.1040000E-01 -0.2422793E-01
  0.1045000E-01 -0.2420042E-01
  0.1050000E-01 -0.2417225E-01
  0.1055000E-01 -0.2414345E-01
  0.1060000E-01 -0.2411424E-01
  0.1065000E-01 -0.2408489E-01
  0.1070000E-01 -0.2405562E-01
  0.1075000E-01 -0.2402643E-01
  0.1080000E-01 -0.2399719E-01
  0.1085000E-01 -0.2396802E-01
  0.1090000E-01 -0.2393888E-01
  0.1095000E-01 -0.2390970E-01
  0.1100000E-01 -0.2388054E-01
  0.1105000E-01 -0.2385155E-01
  0.1110000E-01 -0.2382260E-01
  0.1115000E-01 -0.2379353E-01
  0.1120000E-01 -0.2376454E-01
  0.1125000E-01 -0.2373580E-01
  0.1130000E-01 -0.2370724E-01
  0.1135000E-01 -0.2367878E-01
  0.1140000E-01 -0.2365024E-01
  0.1145000E-01 -0.2362163E-01
  0.1150000E-01 -0.2359303E-01
  0.1155000E-01 -0.2356446E-01
  0.1160000E-01 -0.2353584E-01
  0.1165000E-01 -0.2350706E-01
  0.1170000E-01 -0.2347810E-01
  0.1175000E-01 -0.2344905E-01
  0.1180000E-01 -0.2341999E-01
  0.1185000E-01 -0.2339086E-01
  0.1190000E-01 -0.2336159E-01
  0.1195000E-01 -0.2333210E-01
  0.1200000E-01 -0.2330234E-01
  0.1205000E-01 -0.2327243E-01
  0.1210000E-01 -0.2324257E-01
  0.1215000E-01 -0.2321290E-01
  0.1220000E-01 -0.2318340E-01
  0.1225000E-01 -0.2315399E-01
  0.1230000E-01 -0.2312469E-01
  0.1235000E-01 -0.2309532E-01
  0.1240000E-01 -0.2306579E-01
  0.1245000E-01 -0.2303622E-01
  0.1250000E-01 -0.2300673E-01
  0.1255000E-01 -0.2297726E-01
  0.1260000E-01 -0.2294778E-01
  0.1265000E-01 -0.2291834E-01
  0.1270000E-01 -0.2288901E-01
  0.1275000E-01 -0.2285968E-01
  0.1280000E-01 -0.2283025E-01
  0.1285000E-01 -0.2280083E-01
  0.1290000E-01 -0.2277160E-01
  0.1295000E-01 -0.2274243E-01
  0.1300000E-01 -0.2271325E-01
  0.1305000E-01 -0.2268405E-01
  0.1310000E-01 -0.2265476E-01
  0.1315000E-01 -0.2262537E-01
  0.1320000E-01 -0.2259598E-01
  0.1325000E-01 -0.2256665E-01
  0.1330000E-01 -0.2253730E-01
  0.1335000E-01 -0.2250784E-01
  0.1340000E-01 -0.2247836E-01
  0.1345000E-01 -0.2244886E-01
  0.1350000E-01 -0.2241927E-01
  0.1355000E-01 -0.2238967E-01
  0.1360000E-01 -0.2236006E-01
  0.1365000E-01 -0.2233038E-01
  0.1370000E-01 -0.2230060E-01
  0.1375000E-01 -0.2227054E-01
  0.1380000E-01 -0.2224017E-01
  0.1385000E-01 -0.2220952E-01
  0.1390000E-01 -0.2217869E-01
  0.1395000E-01 -0.2214777E-01
  0.1400000E-01 -0.2211690E-01
  0.1405000E-01 -0.2208628E-01
  0.1410000E-01 -0.2205592E-01
  0.1415000E-01 -0.2202577E-01
  0.1420000E-01 -0.2199582E-01
  0.1425000E-01 -0.2196590E-01
  0.1430000E-01 -0.2193606E-01
  0.1435000E-01 -0.2190628E-01
  0.1440000E-01 -0.2187643E-01
  0.1445000E-01 -0.2184654E-01
  0.1450000E-01 -0.2181665E-01
  0.1455000E-01 -0.2178680E-01
  0.1460000E-01 -0.2175696E-01
  0.1465000E-01 -0.2172705E-01
  0.1470000E-01 -0.2169707E-01
  0.1475000E-01 -0.2166696E-01
  0.1480000E-01 -0.2163684E-01
  0.1485000E-01 -0.2160689E-01
  0.1490000E-01 -0.2157714E-01
  0.1495000E-01 -0.2154752E-01
  0.1500000E-01 -0.2151800E-01
  0.1505000E-01 -0.2148863E-01
  0.1510000E-01 -0.2145936E-01
  0.1515000E-01 -0.2143019E-01
  0.1520000E-01 -0.2140086E-01
  0.1525000E-01 -0.2137118E-01
  0.1530000E-01 -0.2134117E-01
  0.1535000E-01 -0.2131086E-01
  0.1540000E-01 -0.2128043E-01
  0.1545000E-01 -0.2125006E-01
  0.1550000E-01 -0.2121972E-01
  0.1555000E-01 -0.2118934E-01
  0.1560000E-01 -0.2115896E-01
  0.1565000E-01 -0.2112883E-01
  0.1570000E-01 -0.2109904E-01
  0.1575000E-01 -0.2106952E-01
  0.1580000E-01 -0.2104029E-01
  0.1585000E-01 -0.2101123E-01
  0.1590000E-01 -0.2098216E-01
  0.1595000E-01 -0.2095303E-01
  0.1600000E-01 -0.2092392E-01
  0.1605000E-01 -0.2089465E-01
  0.1610000E-01 -0.2086520E-01
  0.1615000E-01 -0.2083558E-01
  0.1620000E-01 -0.2080600E-01
  0.1625000E-01 -0.2077655E-01
  0.1630000E-01 -0.2074729E-01
  0.1635000E-01 -0.2071817E-01
  0.1640000E-01 -0.2068914E-01
  0.1645000E-01 -0.2066013E-01
  0.1650000E-01 -0.2063107E-01
  0.1655000E-01 -0.2060191E-01
  0.1660000E-01 -0.2057259E-01
  0.1665000E-01 -0.2054312E-01
  0.1670000E-01 -0.2051354E-01
  0.1675000E-01 -0.2048387E-01
  0.1680000E-01 -0.2045401E-01
  0.1685000E-01 -0.2042384E-01
  0.1690000E-01 -0.2039335E-01
  0.1695000E-01 -0.2036267E-01
  0.1700000E-01 -0.2033186E-01
  0.1705000E-01 -0.2030110E-01
  0.1710000E-01 -0.2027056E-01
  0.1715000E-01 -0.2024029E-01
  0.1720000E-01 -0.2021027E-01
  0.1725000E-01 -0.2018038E-01
  0.1730000E-01 -0.2015062E-01
  0.1735000E-01 -0.2012089E-01
  0.1740000E-01 -0.2009115E-01
  0.1745000E-01 -0.2006140E-01
  0.1750000E-01 -0.2003160E-01
  0.1755000E-01 -0.2000172E-01
  0.1760000E-01 -0.1997184E-01
  0.1765000E-01 -0.1994197E-01
  0.1770000E-01 -0.1991200E-01
  0.1775000E-01 -0.1988194E-01
  0.1780000E-01 -0.1985179E-01
  0.1785000E-01 -0.1982151E-01
  0.1790000E-01 -0.1979109E-01
  0.1795000E-01 -0.1976046E-01
  0.1800000E-01 -0.1972968E-01
  0.1805000E-01 -0.1969892E-01
  0.1810000E-01 -0.1966826E-01
  0.1815000E-01 -0.1963777E-01
  0.1820000E-01 -0.1960752E-01
  0.1825000E-01 -0.1957751E-01
  0.1830000E-01 -0.1954759E-01
  0.1835000E-01 -0.1951777E-01
  0.1840000E-01 -0.1948805E-01
  0.1845000E-01 -0.1945837E-01
  0.1850000E-01 -0.1942880E-01
  0.1855000E-01 -0.1939929E-01
  0.1860000E-01 -0.1936988E-01
  0.1865000E-01 -0.1934058E-01
  0.1870000E-01 -0.1931130E-01
  0.1875000E-01 -0.1928207E-01
  0.1880000E-01 -0.1925276E-01
  0.1885000E-01 -0.1922316E-01
  0.1890000E-01 -0.1919327E-01
  0.1895000E-01 -0.1916315E-01
  0.1900000E-01 -0.1913291E-01
  0.1905000E-01 -0.1910265E-01
  0.1910000E-01 -0.1907243E-01
  0.1915000E-01 -0.1904221E-01
  0.1920000E-01 -0.1901193E-01
  0.1925000E-01 -0.1898150E-01
  0.1930000E-01 -0.1895090E-01
  0.1935000E-01 -0.1892010E-01
  0.1940000E-01 -0.1888920E-01
  0.1945000E-01 -0.1885831E-01
  0.1950000E-01 -0.1882742E-01
  0.1955000E-01 -0.1879645E-01
  0.1960000E-01 -0.1876540E-01
  0.1965000E-01 -0.1873437E-01
  0.1970000E-01 -0.1870334E-01
  0.1975000E-01 -0.1867238E-01
  0.1980000E-01 -0.1864155E-01
  0.1985000E-01 -0.1861083E-01
  0.1990000E-01 -0.1858026E-01
  0.1995000E-01 -0.1854983E-01
  0.2000000E-01 -0.1851955E-01
  0.2005000E-01 -0.1848952E-01
  0.2010000E-01 -0.1845976E-01
  0.2015000E-01 -0.1843012E-01
  0.2020000E-01 -0.1840040E-01
  0.2025000E-01 -0.1837045E-01
  0.2030000E-01 -0.1834021E-01
  0.2035000E-01 -0.1830975E-01
  0.2040000E-01 -0.1827910E-01
  0.2045000E-01 -0.1824824E-01
  0.2050000E-01 -0.1821724E-01
  0.2055000E-01 -0.1818612E-01
  0.2060000E-01 -0.1815491E-01
  0.2065000E-01 -0.1812365E-01
  0.2070000E-01 -0.1809228E-01
  0.2075000E-01 -0.1806084E-01
  0.2080000E-01 -0.1802954E-01
  0.2085000E-01 -0.1799840E-01
  0.2090000E-01 -0.1796732E-01
  0.2095000E-01 -0.1793627E-01
  0.2100000E-01 -0.1790521E-01
  0.2105000E-01 -0.1787422E-01
  0.2110000E-01 -0.1784343E-01
  0.2115000E-01 -0.1781287E-01
  0.2120000E-01 -0.1778246E-01
  0.2125000E-01 -0.1775202E-01
  0.2130000E-01 -0.1772149E-01
  0.2135000E-01 -0.1769085E-01
  0.2140000E-01 -0.1766010E-01
  0.2145000E-01 -0.1762930E-01
  0.2150000E-01 -0.1759843E-01
  0.2155000E-01 -0.1756752E-01
  0.2160000E-01 -0.1753671E-01
  0.2165000E-01 -0.1750599E-01
  0.2170000E-01 -0.1747539E-01
  0.2175000E-01 -0.1744486E-01
  0.2180000E-01 -0.1741441E-01
  0.2185000E-01 -0.1738405E-01
  0.2190000E-01 -0.1735378E-01
  0.2195000E-01 -0.1732358E-01
  0.2200000E-01 -0.1729344E-01
  0.2205000E-01 -0.1726332E-01
  0.2210000E-01 -0.1723322E-01
  0.2215000E-01 -0.1720309E-01
  0.2220000E-01 -0.1717291E-01
  0.2225000E-01 -0.1714263E-01
  0.2230000E-01 -0.1711224E-01
  0.2235000E-01 -0.1708179E-01
  0.2240000E-01 -0.1705129E-01
  0.2245000E-01 -0.1702063E-01
  0.2250000E-01 -0.1698982E-01
  0.2255000E-01 -0.1695890E-01
  0.2260000E-01 -0.1692791E-01
  0.2265000E-01 -0.1689692E-01
  0.2270000E-01 -0.1686603E-01
  0.2275000E-01 -0.1683526E-01
  0.2280000E-01 -0.1680452E-01
  0.2285000E-01 -0.1677381E-01
  0.2290000E-01 -0.1674315E-01
  0.2295000E-01 -0.1671252E-01
  0.2300000E-01 -0.1668182E-01
  0.2305000E-01 -0.1665110E-01
  0.2310000E-01 -0.1662032E-01
  0.2315000E-01 -0.1658953E-01
  0.2320000E-01 -0.1655867E-01
  0.2325000E-01 -0.1652777E-01
  0.2330000E-01 -0.1649678E-01
  0.2335000E-01 -0.1646561E-01
  0.2340000E-01 -0.1643435E-01
  0.2345000E-01 -0.1640322E-01
  0.2350000E-01 -0.1637233E-01
  0.2355000E-01 -0.1634171E-01
  0.2360000E-01 -0.1631126E-01
  0.2365000E-01 -0.1628085E-01
  0.2370000E-01 -0.1625041E-01
  0.2375000E-01 -0.1621989E-01
  0.2380000E-01 -0.1618932E-01
  0.2385000E-01 -0.1615873E-01
  0.2390000E-01 -0.1612807E-01
  0.2395000E-01 -0.1609736E-01
  0.2400000E-01 -0.1606661E-01
  0.2405000E-01 -0.1603581E-01
  0.2410000E-01 -0.1600500E-01
  0.2415000E-01 -0.1597420E-01
  0.2420000E-01 -0.1594353E-01
  0.2425000E-01 -0.1591294E-01
  0.2430000E-01 -0.1588238E-01
  0.2435000E-01 -0.1585194E-01
  0.2440000E-01 -0.1582164E-01
  0.2445000E-01 -0.1579145E-01
  0.2450000E-01 -0.1576135E-01
  0.2455000E-01 -0.1573129E-01
  0.2460000E-01 -0.1570121E-01
  0.2465000E-01 -0.1567105E-01
  0.2470000E-01 -0.1564080E-01
  0.2475000E-01 -0.1561046E-01
  0.2480000E-01 -0.1558007E-01
  0.2485000E-01 -0.1554963E-01
  0.2490000E-01 -0.1551919E-01
  0.2495000E-01 -0.1548876E-01
  0.2500000E-01 -0.1545832E-01
  0.2505000E-01 -0.1542795E-01
  0.2510000E-01 -0.1539772E-01
  0.2515000E-01 -0.1536754E-01
  0.2520000E-01 -0.1533730E-01
  0.2525000E-01 -0.1530699E-01
  0.2530000E-01 -0.1527662E-01
  0.2535000E-01 -0.1524620E-01
  0.2540000E-01 -0.1521580E-01
  0.2545000E-01 -0.1518550E-01
  0.2550000E-01 -0.1515534E-01
  0.2555000E-01 -0.1512528E-01
  0.2560000E-01 -0.1509528E-01
  0.2565000E-01 -0.1506531E-01
  0.2570000E-01 -0.1503535E-01
  0.2575000E-01 -0.1500540E-01
  0.2580000E-01 -0.1497538E-01
  0.2585000E-01 -0.1494522E-01
  0.2590000E-01 -0.1491493E-01
  0.2595000E-01 -0.1488453E-01
  0.2600000E-01 -0.1485406E-01
  0.2605000E-01 -0.1482359E-01
  0.2610000E-01 -0.1479308E-01
  0.2615000E-01 -0.1476247E-01
  0.2620000E-01 -0.1473168E-01
  0.2625000E-01 -0.1470068E-01
  0.2630000E-01 -0.1466948E-01
  0.2635000E-01 -0.1463812E-01
  0.2640000E-01 -0.1460669E-01
  0.2645000E-01 -0.1457522E-01
  0.2650000E-01 -0.1454380E-01
  0.2655000E-01 -0.1451257E-01
  0.2660000E-01 -0.1448151E-01
  0.2665000E-01 -0.1445055E-01
  0.2670000E-01 -0.1441966E-01
  0.2675000E-01 -0.1438884E-01
  0.2680000E-01 -0.1435809E-01
  0.2685000E-01 -0.1432740E-01
  0.2690000E-01 -0.1429669E-01
  0.2695000E-01 -0.1426589E-01
  0.2700000E-01 -0.1423498E-01
  0.2705000E-01 -0.1420393E-01
  0.2710000E-01 -0.1417274E-01
  0.2715000E-01 -0.1414151E-01
  0.2720000E-01 -0.1411035E-01
  0.2725000E-01 -0.1407941E-01
  0.2730000E-01 -0.1404872E-01
  0.2735000E-01 -0.1401822E-01
  0.2740000E-01 -0.1398776E-01
  0.2745000E-01 -0.1395724E-01
  0.2750000E-01 -0.1392666E-01
  0.2755000E-01 -0.1389601E-01
  0.2760000E-01 -0.1386533E-01
  0.2765000E-01 -0.1383461E-01
  0.2770000E-01 -0.1380383E-01
  0.2775000E-01 -0.1377298E-01
  0.2780000E-01 -0.1374208E-01
  0.2785000E-01 -0.1371114E-01
  0.2790000E-01 -0.1368019E-01
  0.2795000E-01 -0.1364931E-01
  0.2800000E-01 -0.1361856E-01
  0.2805000E-01 -0.1358792E-01
  0.2810000E-01 -0.1355734E-01
  0.2815000E-01 -0.1352680E-01
  0.2820000E-01 -0.1349622E-01
  0.2825000E-01 -0.1346554E-01
  0.2830000E-01 -0.1343467E-01
  0.2835000E-01 -0.1340360E-01
  0.2840000E-01 -0.1337239E-01
  0.2845000E-01 -0.1334117E-01
  0.2850000E-01 -0.1331006E-01
  0.2855000E-01 -0.1327906E-01
  0.2860000E-01 -0.1324815E-01
  0.2865000E-01 -0.1321738E-01
  0.2870000E-01 -0.1318668E-01
  0.2875000E-01 -0.1315591E-01
  0.2880000E-01 -0.1312503E-01
  0.2885000E-01 -0.1309411E-01
  0.2890000E-01 -0.1306310E-01
  0.2895000E-01 -0.1303198E-01
  0.2900000E-01 -0.1300078E-01
  0.2905000E-01 -0.1296959E-01
  0.2910000E-01 -0.1293841E-01
  0.2915000E-01 -0.1290721E-01
  0.2920000E-01 -0.1287598E-01
  0.2925000E-01 -0.1284466E-01
  0.2930000E-01 -0.1281319E-01
  0.2935000E-01 -0.1278159E-01
  0.2940000E-01 -0.1274986E-01
  0.2945000E-01 -0.1271810E-01
  0.2950000E-01 -0.1268635E-01
  0.2955000E-01 -0.1265466E-01
  0.2960000E-01 -0.1262300E-01
  0.2965000E-01 -0.1259139E-01
  0.2970000E-01 -0.1255985E-01
  0.2975000E-01 -0.1252840E-01
  0.2980000E-01 -0.1249705E-01
  0.2985000E-01 -0.1246577E-01
  0.2990000E-01 -0.1243457E-01
  0.2995000E-01 -0.1240346E-01
  0.3000000E-01 -0.1237244E-01
  0.3005000E-01 -0.1234148E-01
  0.3010000E-01 -0.1231054E-01
  0.3015000E-01 -0.1227958E-01
  0.3020000E-01 -0.1224855E-01
  0.3025000E-01 -0.1221744E-01
  0.3030000E-01 -0.1218625E-01
  0.3035000E-01 -0.1215500E-01
  0.3040000E-01 -0.1212369E-01
  0.3045000E-01 -0.1209232E-01
  0.3050000E-01 -0.1206082E-01
  0.3055000E-01 -0.1202920E-01
  0.3060000E-01 -0.1199753E-01
  0.3065000E-01 -0.1196583E-01
  0.3070000E-01 -0.1193412E-01
  0.3075000E-01 -0.1190245E-01
  0.3080000E-01 -0.1187090E-01
  0.3085000E-01 -0.1183949E-01
  0.3090000E-01 -0.1180821E-01
  0.3095000E-01 -0.1177704E-01
  0.3100000E-01 -0.1174596E-01
  0.3105000E-01 -0.1171498E-01
  0.3110000E-01 -0.1168407E-01
  0.3115000E-01 -0.1165324E-01
  0.3120000E-01 -0.1162253E-01
  0.3125000E-01 -0.1159195E-01
  0.3130000E-01 -0.1156148E-01
  0.3135000E-01 -0.1153111E-01
  0.3140000E-01 -0.1150079E-01
  0.3145000E-01 -0.1147046E-01
  0.3150000E-01 -0.1144008E-01
  0.3155000E-01 -0.1140968E-01
  0.3160000E-01 -0.1137926E-01
  0.3165000E-01 -0.1134892E-01
  0.3170000E-01 -0.1131861E-01
  0.3175000E-01 -0.1128829E-01
  0.3180000E-01 -0.1125794E-01
  0.3185000E-01 -0.1122754E-01
  0.3190000E-01 -0.1119706E-01
  0.3195000E-01 -0.1116648E-01
  0.3200000E-01 -0.1113577E-01
  0.3205000E-01 -0.1110498E-01
  0.3210000E-01 -0.1107409E-01
  0.3215000E-01 -0.1104311E-01
  0.3220000E-01 -0.1101205E-01
  0.3225000E-01 -0.1098098E-01
  0.3230000E-01 -0.1094991E-01
  0.3235000E-01 -0.1091882E-01
  0.3240000E-01 -0.1088772E-01
  0.3245000E-01 -0.1085666E-01
  0.3250000E-01 -0.1082570E-01
  0.3255000E-01 -0.1079484E-01
  0.3260000E-01 -0.1076400E-01
  0.3265000E-01 -0.1073312E-01
  0.3270000E-01 -0.1070226E-01
  0.3275000E-01 -0.1067146E-01
  0.3280000E-01 -0.1064075E-01
  0.3285000E-01 -0.1061017E-01
  0.3290000E-01 -0.1057966E-01
  0.3295000E-01 -0.1054914E-01
  0.3300000E-01 -0.1051860E-01
  0.3305000E-01 -0.1048800E-01
  0.3310000E-01 -0.1045726E-01
  0.3315000E-01 -0.1042632E-01
  0.3320000E-01 -0.1039521E-01
  0.3325000E-01 -0.1036402E-01
  0.3330000E-01 -0.1033279E-01
  0.3335000E-01 -0.1030156E-01
  0.3340000E-01 -0.1027037E-01
  0.3345000E-01 -0.1023919E-01
  0.3350000E-01 -0.1020802E-01
  0.3355000E-01 -0.1017686E-01
  0.3360000E-01 -0.1014568E-01
  0.3365000E-01 -0.1011448E-01
  0.3370000E-01 -0.1008320E-01
  0.3375000E-01 -0.1005187E-01
  0.3380000E-01 -0.1002050E-01
  0.3385000E-01 -0.9989139E-02
  0.3390000E-01 -0.9957793E-02
  0.3395000E-01 -0.9926463E-02
  0.3400000E-01 -0.9895175E-02
  0.3405000E-01 -0.9863938E-02
  0.3410000E-01 -0.9832724E-02
  0.3415000E-01 -0.9801514E-02
  0.3420000E-01 -0.9770300E-02
  0.3425000E-01 -0.9739106E-02
  0.3430000E-01 -0.9707959E-02
  0.3435000E-01 -0.9676859E-02
  0.3440000E-01 -0.9645821E-02
  0.3445000E-01 -0.9614865E-02
  0.3450000E-01 -0.9584021E-02
  0.3455000E-01 -0.9553315E-02
  0.3460000E-01 -0.9522727E-02
  0.3465000E-01 -0.9492238E-02
  0.3470000E-01 -0.9461825E-02
  0.3475000E-01 -0.9431490E-02
  0.3480000E-01 -0.9401204E-02
  0.3485000E-01 -0.9370949E-02
  0.3490000E-01 -0.9340682E-02
  0.3495000E-01 -0.9310398E-02
  0.3500000E-01 -0.9280085E-02
  0.3505000E-01 -0.9249746E-02
  0.3510000E-01 -0.9219341E-02
  0.3515000E-01 -0.9188877E-02
  0.3520000E-01 -0.9158323E-02
  0.3525000E-01 -0.9127681E-02
  0.3530000E-01 -0.9096994E-02
  0.3535000E-01 -0.9066285E-02
  0.3540000E-01 -0.9035541E-02
  0.3545000E-01 -0.9004772E-02
  0.3550000E-01 -0.8973979E-02
  0.3555000E-01 -0.8943176E-02
  0.3560000E-01 -0.8912366E-02
  0.3565000E-01 -0.8881539E-02
  0.3570000E-01 -0.8850701E-02
  0.3575000E-01 -0.8819872E-02
  0.3580000E-01 -0.8789115E-02
  0.3585000E-01 -0.8758467E-02
  0.3590000E-01 -0.8727899E-02
  0.3595000E-01 -0.8697368E-02
  0.3600000E-01 -0.8666813E-02
  0.3605000E-01 -0.8636200E-02
  0.3610000E-01 -0.8605549E-02
  0.3615000E-01 -0.8574841E-02
  0.3620000E-01 -0.8544050E-02
  0.3625000E-01 -0.8513185E-02
  0.3630000E-01 -0.8482226E-02
  0.3635000E-01 -0.8451191E-02
  0.3640000E-01 -0.8420108E-02
  0.3645000E-01 -0.8388922E-02
  0.3650000E-01 -0.8357620E-02
  0.3655000E-01 -0.8326247E-02
  0.3660000E-01 -0.8294829E-02
  0.3665000E-01 -0.8263405E-02
  0.3670000E-01 -0.8231975E-02
  0.3675000E-01 -0.8200557E-02
  0.3680000E-01 -0.8169143E-02
  0.3685000E-01 -0.8137745E-02
  0.3690000E-01 -0.8106372E-02
  0.3695000E-01 -0.8074988E-02
  0.3700000E-01 -0.8043543E-02
  0.3705000E-01 -0.8012062E-02
  0.3710000E-01 -0.7980594E-02
  0.3715000E-01 -0.7949188E-02
  0.3720000E-01 -0.7917887E-02
  0.3725000E-01 -0.7886617E-02
  0.3730000E-01 -0.7855311E-02
  0.3735000E-01 -0.7823962E-02
  0.3740000E-01 -0.7792607E-02
  0.3745000E-01 -0.7761305E-02
  0.3750000E-01 -0.7730089E-02
  0.3755000E-01 -0.7698900E-02
  0.3760000E-01 -0.7667670E-02
  0.3765000E-01 -0.7636403E-02
  0.3770000E-01 -0.7605128E-02
  0.3775000E-01 -0.7573844E-02
  0.3780000E-01 -0.7542509E-02
  0.3785000E-01 -0.7511126E-02
  0.3790000E-01 -0.7479724E-02
  0.3795000E-01 -0.7448295E-02
  0.3800000E-01 -0.7416875E-02
  0.3805000E-01 -0.7385501E-02
  0.3810000E-01 -0.7354153E-02
  0.3815000E-01 -0.7322826E-02
  0.3820000E-01 -0.7291489E-02
  0.3825000E-01 -0.7260111E-02
  0.3830000E-01 -0.7228703E-02
  0.3835000E-01 -0.7197293E-02
  0.3840000E-01 -0.7165882E-02
  0.3845000E-01 -0.7134487E-02
  0.3850000E-01 -0.7103101E-02
  0.3855000E-01 -0.7071745E-02
  0.3860000E-01 -0.7040418E-02
  0.3865000E-01 -0.7009155E-02
  0.3870000E-01 -0.6977969E-02
  0.3875000E-01 -0.6946847E-02
  0.3880000E-01 -0.6915794E-02
  0.3885000E-01 -0.6884862E-02
  0.3890000E-01 -0.6854042E-02
  0.3895000E-01 -0.6823317E-02
  0.3900000E-01 -0.6792618E-02
  0.3905000E-01 -0.6761904E-02
  0.3910000E-01 -0.6731134E-02
  0.3915000E-01 -0.6700313E-02
  0.3920000E-01 -0.6669467E-02
  0.3925000E-01 -0.6638566E-02
  0.3930000E-01 -0.6607586E-02
  0.3935000E-01 -0.6576533E-02
  0.3940000E-01 -0.6545425E-02
  0.3945000E-01 -0.6514315E-02
  0.3950000E-01 -0.6483271E-02
  0.3955000E-01 -0.6452313E-02
  0.3960000E-01 -0.6421426E-02
  0.3965000E-01 -0.6390635E-02
  0.3970000E-01 -0.6360012E-02
  0.3975000E-01 -0.6329534E-02
  0.3980000E-01 -0.6299148E-02
  0.3985000E-01 -0.6268814E-02
  0.3990000E-01 -0.6238508E-02
  0.3995000E-01 -0.6208185E-02
  0.4000000E-01 -0.6177818E-02
  0.4005000E-01 -0.6147391E-02
  0.4010000E-01 -0.6116936E-02
  0.4015000E-01 -0.6086473E-02
  0.4020000E-01 -0.6056007E-02
  0.4025000E-01 -0.6025543E-02
  0.4030000E-01 -0.5995126E-02
  0.4035000E-01 -0.5964806E-02
  0.4040000E-01 -0.5934527E-02
  0.4045000E-01 -0.5904254E-02
  0.4050000E-01 -0.5873995E-02
  0.4055000E-01 -0.5843742E-02
  0.4060000E-01 -0.5813494E-02
  0.4065000E-01 -0.5783230E-02
  0.4070000E-01 -0.5752941E-02
  0.4075000E-01 -0.5722635E-02
  0.4080000E-01 -0.5692306E-02
  0.4085000E-01 -0.5661960E-02
  0.4090000E-01 -0.5631593E-02
  0.4095000E-01 -0.5601168E-02
  0.4100000E-01 -0.5570682E-02
  0.4105000E-01 -0.5540139E-02
  0.4110000E-01 -0.5509571E-02
  0.4115000E-01 -0.5479027E-02
  0.4120000E-01 -0.5448531E-02
  0.4125000E-01 -0.5418072E-02
  0.4130000E-01 -0.5387624E-02
  0.4135000E-01 -0.5357204E-02
  0.4140000E-01 -0.5326813E-02
  0.4145000E-01 -0.5296419E-02
  0.4150000E-01 -0.5266025E-02
  0.4155000E-01 -0.5235656E-02
  0.4160000E-01 -0.5205346E-02
  0.4165000E-01 -0.5175094E-02
  0.4170000E-01 -0.5144881E-02
  0.4175000E-01 -0.5114689E-02
  0.4180000E-01 -0.5084485E-02
  0.4185000E-01 -0.5054243E-02
  0.4190000E-01 -0.5023957E-02
  0.4195000E-01 -0.4993598E-02
  0.4200000E-01 -0.4963134E-02
  0.4205000E-01 -0.4932550E-02
  0.4210000E-01 -0.4901880E-02
  0.4215000E-01 -0.4871148E-02
  0.4220000E-01 -0.4840392E-02
  0.4225000E-01 -0.4809648E-02
  0.4230000E-01 -0.4778940E-02
  0.4235000E-01 -0.4748274E-02
  0.4240000E-01 -0.4717650E-02
  0.4245000E-01 -0.4687043E-02
  0.4250000E-01 -0.4656435E-02
  0.4255000E-01 -0.4625792E-02
  0.4260000E-01 -0.4595086E-02
  0.4265000E-01 -0.4564275E-02
  0.4270000E-01 -0.4533349E-02
  0.4275000E-01 -0.4502353E-02
  0.4280000E-01 -0.4471362E-02
  0.4285000E-01 -0.4440408E-02
  0.4290000E-01 -0.4409473E-02
  0.4295000E-01 -0.4378607E-02
  0.4300000E-01 -0.4347844E-02
  0.4305000E-01 -0.4317166E-02
  0.4310000E-01 -0.4286564E-02
  0.4315000E-01 -0.4256045E-02
  0.4320000E-01 -0.4225553E-02
  0.4325000E-01 -0.4195030E-02
  0.4330000E-01 -0.4164464E-02
  0.4335000E-01 -0.4133849E-02
  0.4340000E-01 -0.4103169E-02
  0.4345000E-01 -0.4072415E-02
  0.4350000E-01 -0.4041613E-02
  0.4355000E-01 -0.4010822E-02
  0.4360000E-01 -0.3980064E-02
  0.4365000E-01 -0.3949329E-02
  0.4370000E-01 -0.3918642E-02
  0.4375000E-01 -0.3887997E-02
  0.4380000E-01 -0.3857371E-02
  0.4385000E-01 -0.3826750E-02
  0.4390000E-01 -0.3796176E-02
  0.4395000E-01 -0.3765663E-02
  0.4400000E-01 -0.3735175E-02
  0.4405000E-01 -0.3704666E-02
  0.4410000E-01 -0.3674127E-02
  0.4415000E-01 -0.3643552E-02
  0.4420000E-01 -0.3612963E-02
  0.4425000E-01 -0.3582398E-02
  0.4430000E-01 -0.3551809E-02
  0.4435000E-01 -0.3521172E-02
  0.4440000E-01 -0.3490514E-02
  0.4445000E-01 -0.3459866E-02
  0.4450000E-01 -0.3429243E-02
  0.4455000E-01 -0.3398630E-02
  0.4460000E-01 -0.3367979E-02
  0.4465000E-01 -0.3337277E-02
  0.4470000E-01 -0.3306487E-02
  0.4475000E-01 -0.3275584E-02
  0.4480000E-01 -0.3244562E-02
  0.4485000E-01 -0.3213421E-02
  0.4490000E-01 -0.3182188E-02
  0.4495000E-01 -0.3150935E-02
  0.4500000E-01 -0.3119718E-02
  0.4505000E-01 -0.3088540E-02
  0.4510000E-01 -0.3057358E-02
  0.4515000E-01 -0.3026196E-02
  0.4520000E-01 -0.2995085E-02
  0.4525000E-01 -0.2963999E-02
  0.4530000E-01 -0.2932876E-02
  0.4535000E-01 -0.2901707E-02
  0.4540000E-01 -0.2870502E-02
  0.4545000E-01 -0.2839265E-02
  0.4550000E-01 -0.2808000E-02
  0.4555000E-01 -0.2776719E-02
  0.4560000E-01 -0.2745420E-02
  0.4565000E-01 -0.2714087E-02
  0.4570000E-01 -0.2682725E-02
  0.4575000E-01 -0.2651336E-02
  0.4580000E-01 -0.2619964E-02
  0.4585000E-01 -0.2588652E-02
  0.4590000E-01 -0.2557418E-02
  0.4595000E-01 -0.2526244E-02
  0.4600000E-01 -0.2495145E-02
  0.4605000E-01 -0.2464103E-02
  0.4610000E-01 -0.2433079E-02
  0.4615000E-01 -0.2402075E-02
  0.4620000E-01 -0.2371074E-02
  0.4625000E-01 -0.2340062E-02
  0.4630000E-01 -0.2309044E-02
  0.4635000E-01 -0.2278034E-02
  0.4640000E-01 -0.2246999E-02
  0.4645000E-01 -0.2215931E-02
  0.4650000E-01 -0.2184851E-02
  0.4655000E-01 -0.2153796E-02
  0.4660000E-01 -0.2122768E-02
  0.4665000E-01 -0.2091782E-02
  0.4670000E-01 -0.2060854E-02
  0.4675000E-01 -0.2029952E-02
  0.4680000E-01 -0.1999068E-02
  0.4685000E-01 -0.1968240E-02
  0.4690000E-01 -0.1937461E-02
  0.4695000E-01 -0.1906710E-02
  0.4700000E-01 -0.1875991E-02
  0.4705000E-01 -0.1845276E-02
  0.4710000E-01 -0.1814558E-02
  0.4715000E-01 -0.1783837E-02
  0.4720000E-01 -0.1753152E-02
  0.4725000E-01 -0.1722512E-02
  0.4730000E-01 -0.1691918E-02
  0.4735000E-01 -0.1661356E-02
  0.4740000E-01 -0.1630791E-02
  0.4745000E-01 -0.1600187E-02
  0.4750000E-01 -0.1569519E-02
  0.4755000E-01 -0.1538771E-02
  0.4760000E-01 -0.1507917E-02
  0.4765000E-01 -0.1476970E-02
  0.4770000E-01 -0.1445957E-02
  0.4775000E-01 -0.1414894E-02
  0.4780000E-01 -0.1383785E-02
  0.4785000E-01 -0.1352640E-02
  0.4790000E-01 -0.1321462E-02
  0.4795000E-01 -0.1290283E-02
  0.4800000E-01 -0.1259119E-02
  0.4805000E-01 -0.1227958E-02
  0.4810000E-01 -0.1196826E-02
  0.4815000E-01 -0.1165763E-02
  0.4820000E-01 -0.1134796E-02
  0.4825000E-01 -0.1103937E-02
  0.4830000E-01 -0.1073166E-02
  0.4835000E-01 -0.1042466E-02
  0.4840000E-01 -0.1011842E-02
  0.4845000E-01 -0.9812894E-03
  0.4850000E-01 -0.9507847E-03
  0.4855000E-01 -0.9202860E-03
  0.4860000E-01 -0.8897798E-03
  0.4865000E-01 -0.8592315E-03
  0.4870000E-01 -0.8286081E-03
  0.4875000E-01 -0.7979829E-03
  0.4880000E-01 -0.7673994E-03
  0.4885000E-01 -0.7368424E-03
  0.4890000E-01 -0.7063051E-03
  0.4895000E-01 -0.6758002E-03
  0.4900000E-01 -0.6453520E-03
  0.4905000E-01 -0.6149594E-03
  0.4910000E-01 -0.5846143E-03
  0.4915000E-01 -0.5542697E-03
  0.4920000E-01 -0.5238924E-03
  0.4925000E-01 -0.4934772E-03
  0.4930000E-01 -0.4630159E-03
  0.4935000E-01 -0.4325370E-03
  0.4940000E-01 -0.4020993E-03
  0.4945000E-01 -0.3717164E-03
  0.4950000E-01 -0.3413730E-03
  0.4955000E-01 -0.3110390E-03
  0.4960000E-01 -0.2806546E-03
  0.4965000E-01 -0.2501773E-03
  0.4970000E-01 -0.2196071E-03
  0.4975000E-01 -0.1889743E-03
  0.4980000E-01 -0.1582741E-03
  0.4985000E-01 -0.1275091E-03
  0.4990000E-01 -0.9671680E-04
  0.4995000E-01 -0.6586861E-04
  0.5000000E-01 -0.3496107E-04
  0.5005000E-01 -0.4117093E-05
  0.5010000E-01  0.2662267E-04
  0.5015000E-01  0.5725916E-04
  0.5020000E-01  0.8779567E-04
  0.5025000E-01  0.1182601E-03
  0.5030000E-01  0.1486760E-03
  0.5035000E-01  0.1790700E-03
  0.5040000E-01  0.2094586E-03
  0.5045000E-01  0.2398480E-03
  0.5050000E-01  0.2702360E-03
  0.5055000E-01  0.3005925E-03
  0.5060000E-01  0.3309295E-03
  0.5065000E-01  0.3613049E-03
  0.5070000E-01  0.3917435E-03
  0.5075000E-01  0.4222120E-03
  0.5080000E-01  0.4527128E-03
  0.5085000E-01  0.4832455E-03
  0.5090000E-01  0.5138229E-03
  0.5095000E-01  0.5444565E-03
  0.5100000E-01  0.5751432E-03
  0.5105000E-01  0.6058733E-03
  0.5110000E-01  0.6366223E-03
  0.5115000E-01  0.6673265E-03
  0.5120000E-01  0.6979262E-03
  0.5125000E-01  0.7284260E-03
  0.5130000E-01  0.7588395E-03
  0.5135000E-01  0.7891944E-03
  0.5140000E-01  0.8195187E-03
  0.5145000E-01  0.8498362E-03
  0.5150000E-01  0.8801643E-03
  0.5155000E-01  0.9105505E-03
  0.5160000E-01  0.9410246E-03
  0.5165000E-01  0.9716130E-03
  0.5170000E-01  0.1002327E-02
  0.5175000E-01  0.1033160E-02
  0.5180000E-01  0.1064076E-02
  0.5185000E-01  0.1095042E-02
  0.5190000E-01  0.1126040E-02
  0.5195000E-01  0.1157083E-02
  0.5200000E-01  0.1188175E-02
  0.5205000E-01  0.1219307E-02
  0.5210000E-01  0.1250468E-02
  0.5215000E-01  0.1281654E-02
  0.5220000E-01  0.1312870E-02
  0.5225000E-01  0.1344077E-02
  0.5230000E-01  0.1375275E-02
  0.5235000E-01  0.1406492E-02
  0.5240000E-01  0.1437691E-02
  0.5245000E-01  0.1468829E-02
  0.5250000E-01  0.1499892E-02
  0.5255000E-01  0.1530860E-02
  0.5260000E-01  0.1561715E-02
  0.5265000E-01  0.1592481E-02
  0.5270000E-01  0.1623211E-02
  0.5275000E-01  0.1653924E-02
  0.5280000E-01  0.1684611E-02
  0.5285000E-01  0.1715271E-02
  0.5290000E-01  0.1745881E-02
  0.5295000E-01  0.1776440E-02
  0.5300000E-01  0.1806933E-02
  0.5305000E-01  0.1837338E-02
  0.5310000E-01  0.1867641E-02
  0.5315000E-01  0.1897865E-02
  0.5320000E-01  0.1928026E-02
  0.5325000E-01  0.1958187E-02
  0.5330000E-01  0.1988367E-02
  0.5335000E-01  0.2018552E-02
  0.5340000E-01  0.2048756E-02
  0.5345000E-01  0.2079040E-02
  0.5350000E-01  0.2109430E-02
  0.5355000E-01  0.2139923E-02
  0.5360000E-01  0.2170469E-02
  0.5365000E-01  0.2201021E-02
  0.5370000E-01  0.2231554E-02
  0.5375000E-01  0.2262092E-02
  0.5380000E-01  0.2292663E-02
  0.5385000E-01  0.2323279E-02
  0.5390000E-01  0.2353943E-02
  0.5395000E-01  0.2384660E-02
  0.5400000E-01  0.2415452E-02
  0.5405000E-01  0.2446323E-02
  0.5410000E-01  0.2477264E-02
  0.5415000E-01  0.2508268E-02
  0.5420000E-01  0.2539343E-02
  0.5425000E-01  0.2570481E-02
  0.5430000E-01  0.2601676E-02
  0.5435000E-01  0.2632957E-02
  0.5440000E-01  0.2664335E-02
  0.5445000E-01  0.2695782E-02
  0.5450000E-01  0.2727284E-02
  0.5455000E-01  0.2758827E-02
  0.5460000E-01  0.2790374E-02
  0.5465000E-01  0.2821916E-02
  0.5470000E-01  0.2853431E-02
  0.5475000E-01  0.2884897E-02
  0.5480000E-01  0.2916325E-02
  0.5485000E-01  0.2947728E-02
  0.5490000E-01  0.2979127E-02
  0.5495000E-01  0.3010503E-02
  0.5500000E-01  0.3041840E-02
  0.5505000E-01  0.3073128E-02
  0.5510000E-01  0.3104400E-02
  0.5515000E-01  0.3135650E-02
  0.5520000E-01  0.3166858E-02
  0.5525000E-01  0.3197996E-02
  0.5530000E-01  0.3229018E-02
  0.5535000E-01  0.3259904E-02
  0.5540000E-01  0.3290707E-02
  0.5545000E-01  0.3321470E-02
  0.5550000E-01  0.3352187E-02
  0.5555000E-01  0.3382876E-02
  0.5560000E-01  0.3413532E-02
  0.5565000E-01  0.3444180E-02
  0.5570000E-01  0.3474854E-02
  0.5575000E-01  0.3505567E-02
  0.5580000E-01  0.3536336E-02
  0.5585000E-01  0.3567177E-02
  0.5590000E-01  0.3598068E-02
  0.5595000E-01  0.3628991E-02
  0.5600000E-01  0.3659932E-02
  0.5605000E-01  0.3690908E-02
  0.5610000E-01  0.3721917E-02
  0.5615000E-01  0.3752983E-02
  0.5620000E-01  0.3784080E-02
  0.5625000E-01  0.3815172E-02
  0.5630000E-01  0.3846221E-02
  0.5635000E-01  0.3877224E-02
  0.5640000E-01  0.3908226E-02
  0.5645000E-01  0.3939292E-02
  0.5650000E-01  0.3970433E-02
  0.5655000E-01  0.4001596E-02
  0.5660000E-01  0.4032743E-02
  0.5665000E-01  0.4063893E-02
  0.5670000E-01  0.4095093E-02
  0.5675000E-01  0.4126371E-02
  0.5680000E-01  0.4157728E-02
  0.5685000E-01  0.4189121E-02
  0.5690000E-01  0.4220500E-02
  0.5695000E-01  0.4251862E-02
  0.5700000E-01  0.4283228E-02
  0.5705000E-01  0.4314568E-02
  0.5710000E-01  0.4345838E-02
  0.5715000E-01  0.4377045E-02
  0.5720000E-01  0.4408210E-02
  0.5725000E-01  0.4439298E-02
  0.5730000E-01  0.4470268E-02
  0.5735000E-01  0.4501112E-02
  0.5740000E-01  0.4531822E-02
  0.5745000E-01  0.4562448E-02
  0.5750000E-01  0.4593005E-02
  0.5755000E-01  0.4623496E-02
  0.5760000E-01  0.4653865E-02
  0.5765000E-01  0.4684189E-02
  0.5770000E-01  0.4714516E-02
  0.5775000E-01  0.4744843E-02
  0.5780000E-01  0.4775146E-02
  0.5785000E-01  0.4805471E-02
  0.5790000E-01  0.4835856E-02
  0.5795000E-01  0.4866314E-02
  0.5800000E-01  0.4896858E-02
  0.5805000E-01  0.4927477E-02
  0.5810000E-01  0.4958172E-02
  0.5815000E-01  0.4988920E-02
  0.5820000E-01  0.5019749E-02
  0.5825000E-01  0.5050621E-02
  0.5830000E-01  0.5081510E-02
  0.5835000E-01  0.5112415E-02
  0.5840000E-01  0.5143358E-02
  0.5845000E-01  0.5174325E-02
  0.5850000E-01  0.5205308E-02
  0.5855000E-01  0.5236338E-02
  0.5860000E-01  0.5267397E-02
  0.5865000E-01  0.5298453E-02
  0.5870000E-01  0.5329456E-02
  0.5875000E-01  0.5360405E-02
  0.5880000E-01  0.5391298E-02
  0.5885000E-01  0.5422124E-02
  0.5890000E-01  0.5452861E-02
  0.5895000E-01  0.5483494E-02
  0.5900000E-01  0.5514044E-02
  0.5905000E-01  0.5544548E-02
  0.5910000E-01  0.5575027E-02
  0.5915000E-01  0.5605481E-02
  0.5920000E-01  0.5635920E-02
  0.5925000E-01  0.5666389E-02
  0.5930000E-01  0.5696899E-02
  0.5935000E-01  0.5727411E-02
  0.5940000E-01  0.5757928E-02
  0.5945000E-01  0.5788451E-02
  0.5950000E-01  0.5818970E-02
  0.5955000E-01  0.5849516E-02
  0.5960000E-01  0.5880113E-02
  0.5965000E-01  0.5910730E-02
  0.5970000E-01  0.5941357E-02
  0.5975000E-01  0.5971968E-02
  0.5980000E-01  0.6002538E-02
  0.5985000E-01  0.6033089E-02
  0.5990000E-01  0.6063676E-02
  0.5995000E-01  0.6094289E-02
  0.6000000E-01  0.6124937E-02
  0.6005000E-01  0.6155627E-02
  0.6010000E-01  0.6186331E-02
  0.6015000E-01  0.6217039E-02
  0.6020000E-01  0.6247783E-02
  0.6025000E-01  0.6278567E-02
  0.6030000E-01  0.6309384E-02
  0.6035000E-01  0.6340236E-02
  0.6040000E-01  0.6371090E-02
  0.6045000E-01  0.6401897E-02
  0.6050000E-01  0.6432651E-02
  0.6055000E-01  0.6463359E-02
  0.6060000E-01  0.6494092E-02
  0.6065000E-01  0.6524850E-02
  0.6070000E-01  0.6555631E-02
  0.6075000E-01  0.6586415E-02
  0.6080000E-01  0.6617222E-02
  0.6085000E-01  0.6648057E-02
  0.6090000E-01  0.6678915E-02
  0.6095000E-01  0.6709824E-02
  0.6100000E-01  0.6740797E-02
  0.6105000E-01  0.6771813E-02
  0.6110000E-01  0.6802860E-02
  0.6115000E-01  0.6833926E-02
  0.6120000E-01  0.6864959E-02
  0.6125000E-01  0.6895918E-02
  0.6130000E-01  0.6926856E-02
  0.6135000E-01  0.6957724E-02
  0.6140000E-01  0.6988499E-02
  0.6145000E-01  0.7019227E-02
  0.6150000E-01  0.7049892E-02
  0.6155000E-01  0.7080492E-02
  0.6160000E-01  0.7111059E-02
  0.6165000E-01  0.7141564E-02
  0.6170000E-01  0.7172015E-02
  0.6175000E-01  0.7202514E-02
  0.6180000E-01  0.7233046E-02
  0.6185000E-01  0.7263636E-02
  0.6190000E-01  0.7294260E-02
  0.6195000E-01  0.7324885E-02
  0.6200000E-01  0.7355545E-02
  0.6205000E-01  0.7386308E-02
  0.6210000E-01  0.7417156E-02
  0.6215000E-01  0.7448020E-02
  0.6220000E-01  0.7478868E-02
  0.6225000E-01  0.7509725E-02
  0.6230000E-01  0.7540650E-02
  0.6235000E-01  0.7571614E-02
  0.6240000E-01  0.7602608E-02
  0.6245000E-01  0.7633581E-02
  0.6250000E-01  0.7664571E-02
  0.6255000E-01  0.7695613E-02
  0.6260000E-01  0.7726744E-02
  0.6265000E-01  0.7757974E-02
  0.6270000E-01  0.7789250E-02
  0.6275000E-01  0.7820590E-02
  0.6280000E-01  0.7851950E-02
  0.6285000E-01  0.7883345E-02
  0.6290000E-01  0.7914771E-02
  0.6295000E-01  0.7946273E-02
  0.6300000E-01  0.7977896E-02
  0.6305000E-01  0.8009562E-02
  0.6310000E-01  0.8041170E-02
  0.6315000E-01  0.8072715E-02
  0.6320000E-01  0.8104213E-02
  0.6325000E-01  0.8135708E-02
  0.6330000E-01  0.8167266E-02
  0.6335000E-01  0.8198855E-02
  0.6340000E-01  0.8230426E-02
  0.6345000E-01  0.8261909E-02
  0.6350000E-01  0.8293291E-02
  0.6355000E-01  0.8324540E-02
  0.6360000E-01  0.8355633E-02
  0.6365000E-01  0.8386582E-02
  0.6370000E-01  0.8417467E-02
  0.6375000E-01  0.8448367E-02
  0.6380000E-01  0.8479349E-02
  0.6385000E-01  0.8510410E-02
  0.6390000E-01  0.8541540E-02
  0.6395000E-01  0.8572715E-02
  0.6400000E-01  0.8603873E-02
  0.6405000E-01  0.8635005E-02
  0.6410000E-01  0.8666144E-02
  0.6415000E-01  0.8697351E-02
  0.6420000E-01  0.8728602E-02
  0.6425000E-01  0.8759836E-02
  0.6430000E-01  0.8791065E-02
  0.6435000E-01  0.8822273E-02
  0.6440000E-01  0.8853425E-02
  0.6445000E-01  0.8884519E-02
  0.6450000E-01  0.8915494E-02
  0.6455000E-01  0.8946354E-02
  0.6460000E-01  0.8977115E-02
  0.6465000E-01  0.9007803E-02
  0.6470000E-01  0.9038462E-02
  0.6475000E-01  0.9069134E-02
  0.6480000E-01  0.9099800E-02
  0.6485000E-01  0.9130438E-02
  0.6490000E-01  0.9161060E-02
  0.6495000E-01  0.9191669E-02
  0.6500000E-01  0.9222281E-02
  0.6505000E-01  0.9252850E-02
  0.6510000E-01  0.9283348E-02
  0.6515000E-01  0.9313812E-02
  0.6520000E-01  0.9344310E-02
  0.6525000E-01  0.9374910E-02
  0.6530000E-01  0.9405632E-02
  0.6535000E-01  0.9436454E-02
  0.6540000E-01  0.9467363E-02
  0.6545000E-01  0.9498337E-02
  0.6550000E-01  0.9529396E-02
  0.6555000E-01  0.9560524E-02
  0.6560000E-01  0.9591690E-02
  0.6565000E-01  0.9622915E-02
  0.6570000E-01  0.9654188E-02
  0.6575000E-01  0.9685447E-02
  0.6580000E-01  0.9716633E-02
  0.6585000E-01  0.9747747E-02
  0.6590000E-01  0.9778788E-02
  0.6595000E-01  0.9809750E-02
  0.6600000E-01  0.9840602E-02
  0.6605000E-01  0.9871322E-02
  0.6610000E-01  0.9901923E-02
  0.6615000E-01  0.9932438E-02
  0.6620000E-01  0.9962911E-02
  0.6625000E-01  0.9993355E-02
  0.6630000E-01  0.1002371E-01
  0.6635000E-01  0.1005394E-01
  0.6640000E-01  0.1008406E-01
  0.6645000E-01  0.1011418E-01
  0.6650000E-01  0.1014435E-01
  0.6655000E-01  0.1017461E-01
  0.6660000E-01  0.1020499E-01
  0.6665000E-01  0.1023549E-01
  0.6670000E-01  0.1026609E-01
  0.6675000E-01  0.1029674E-01
  0.6680000E-01  0.1032742E-01
  0.6685000E-01  0.1035811E-01
  0.6690000E-01  0.1038885E-01
  0.6695000E-01  0.1041965E-01
  0.6700000E-01  0.1045051E-01
  0.6705000E-01  0.1048140E-01
  0.6710000E-01  0.1051228E-01
  0.6715000E-01  0.1054315E-01
  0.6720000E-01  0.1057400E-01
  0.6725000E-01  0.1060483E-01
  0.6730000E-01  0.1063561E-01
  0.6735000E-01  0.1066636E-01
  0.6740000E-01  0.1069715E-01
  0.6745000E-01  0.1072802E-01
  0.6750000E-01  0.1075897E-01
  0.6755000E-01  0.1078996E-01
  0.6760000E-01  0.1082097E-01
  0.6765000E-01  0.1085199E-01
  0.6770000E-01  0.1088301E-01
  0.6775000E-01  0.1091401E-01
  0.6780000E-01  0.1094496E-01
  0.6785000E-01  0.1097591E-01
  0.6790000E-01  0.1100682E-01
  0.6795000E-01  0.1103772E-01
  0.6800000E-01  0.1106867E-01
  0.6805000E-01  0.1109968E-01
  0.6810000E-01  0.1113075E-01
  0.6815000E-01  0.1116180E-01
  0.6820000E-01  0.1119272E-01
  0.6825000E-01  0.1122351E-01
  0.6830000E-01  0.1125420E-01
  0.6835000E-01  0.1128480E-01
  0.6840000E-01  0.1131529E-01
  0.6845000E-01  0.1134570E-01
  0.6850000E-01  0.1137608E-01
  0.6855000E-01  0.1140647E-01
  0.6860000E-01  0.1143690E-01
  0.6865000E-01  0.1146734E-01
  0.6870000E-01  0.1149777E-01
  0.6875000E-01  0.1152820E-01
  0.6880000E-01  0.1155866E-01
  0.6885000E-01  0.1158914E-01
  0.6890000E-01  0.1161961E-01
  0.6895000E-01  0.1165010E-01
  0.6900000E-01  0.1168066E-01
  0.6905000E-01  0.1171129E-01
  0.6910000E-01  0.1174206E-01
  0.6915000E-01  0.1177297E-01
  0.6920000E-01  0.1180397E-01
  0.6925000E-01  0.1183498E-01
  0.6930000E-01  0.1186592E-01
  0.6935000E-01  0.1189682E-01
  0.6940000E-01  0.1192768E-01
  0.6945000E-01  0.1195851E-01
  0.6950000E-01  0.1198934E-01
  0.6955000E-01  0.1202016E-01
  0.6960000E-01  0.1205096E-01
  0.6965000E-01  0.1208178E-01
  0.6970000E-01  0.1211261E-01
  0.6975000E-01  0.1214353E-01
  0.6980000E-01  0.1217451E-01
  0.6985000E-01  0.1220552E-01
  0.6990000E-01  0.1223652E-01
  0.6995000E-01  0.1226752E-01
  0.7000000E-01  0.1229852E-01
  0.7005000E-01  0.1232951E-01
  0.7010000E-01  0.1236051E-01
  0.7015000E-01  0.1239151E-01
  0.7020000E-01  0.1242248E-01
  0.7025000E-01  0.1245344E-01
  0.7030000E-01  0.1248441E-01
  0.7035000E-01  0.1251537E-01
  0.7040000E-01  0.1254621E-01
  0.7045000E-01  0.1257695E-01
  0.7050000E-01  0.1260760E-01
  0.7055000E-01  0.1263824E-01
  0.7060000E-01  0.1266891E-01
  0.7065000E-01  0.1269955E-01
  0.7070000E-01  0.1273014E-01
  0.7075000E-01  0.1276072E-01
  0.7080000E-01  0.1279132E-01
  0.7085000E-01  0.1282187E-01
  0.7090000E-01  0.1285238E-01
  0.7095000E-01  0.1288294E-01
  0.7100000E-01  0.1291365E-01
  0.7105000E-01  0.1294453E-01
  0.7110000E-01  0.1297553E-01
  0.7115000E-01  0.1300657E-01
  0.7120000E-01  0.1303769E-01
  0.7125000E-01  0.1306880E-01
  0.7130000E-01  0.1309992E-01
  0.7135000E-01  0.1313111E-01
  0.7140000E-01  0.1316233E-01
  0.7145000E-01  0.1319356E-01
  0.7150000E-01  0.1322484E-01
  0.7155000E-01  0.1325615E-01
  0.7160000E-01  0.1328742E-01
  0.7165000E-01  0.1331859E-01
  0.7170000E-01  0.1334963E-01
  0.7175000E-01  0.1338052E-01
  0.7180000E-01  0.1341131E-01
  0.7185000E-01  0.1344205E-01
  0.7190000E-01  0.1347281E-01
  0.7195000E-01  0.1350364E-01
  0.7200000E-01  0.1353448E-01
  0.7205000E-01  0.1356529E-01
  0.7210000E-01  0.1359611E-01
  0.7215000E-01  0.1362693E-01
  0.7220000E-01  0.1365779E-01
  0.7225000E-01  0.1368868E-01
  0.7230000E-01  0.1371961E-01
  0.7235000E-01  0.1375061E-01
  0.7240000E-01  0.1378168E-01
  0.7245000E-01  0.1381284E-01
  0.7250000E-01  0.1384409E-01
  0.7255000E-01  0.1387542E-01
  0.7260000E-01  0.1390681E-01
  0.7265000E-01  0.1393827E-01
  0.7270000E-01  0.1396977E-01
  0.7275000E-01  0.1400124E-01
  0.7280000E-01  0.1403261E-01
  0.7285000E-01  0.1406376E-01
  0.7290000E-01  0.1409472E-01
  0.7295000E-01  0.1412562E-01
  0.7300000E-01  0.1415650E-01
  0.7305000E-01  0.1418741E-01
  0.7310000E-01  0.1421835E-01
  0.7315000E-01  0.1424928E-01
  0.7320000E-01  0.1428019E-01
  0.7325000E-01  0.1431106E-01
  0.7330000E-01  0.1434185E-01
  0.7335000E-01  0.1437266E-01
  0.7340000E-01  0.1440359E-01
  0.7345000E-01  0.1443469E-01
  0.7350000E-01  0.1446607E-01
  0.7355000E-01  0.1449774E-01
  0.7360000E-01  0.1452963E-01
  0.7365000E-01  0.1456169E-01
  0.7370000E-01  0.1459387E-01
  0.7375000E-01  0.1462607E-01
  0.7380000E-01  0.1465812E-01
  0.7385000E-01  0.1468997E-01
  0.7390000E-01  0.1472162E-01
  0.7395000E-01  0.1475304E-01
  0.7400000E-01  0.1478428E-01
  0.7405000E-01  0.1481540E-01
  0.7410000E-01  0.1484645E-01
  0.7415000E-01  0.1487750E-01
  0.7420000E-01  0.1490853E-01
  0.7425000E-01  0.1493948E-01
  0.7430000E-01  0.1497032E-01
  0.7435000E-01  0.1500121E-01
  0.7440000E-01  0.1503219E-01
  0.7445000E-01  0.1506326E-01
  0.7450000E-01  0.1509446E-01
  0.7455000E-01  0.1512578E-01
  0.7460000E-01  0.1515719E-01
  0.7465000E-01  0.1518864E-01
  0.7470000E-01  0.1522007E-01
  0.7475000E-01  0.1525149E-01
  0.7480000E-01  0.1528286E-01
  0.7485000E-01  0.1531416E-01
  0.7490000E-01  0.1534534E-01
  0.7495000E-01  0.1537637E-01
  0.7500000E-01  0.1540726E-01
  0.7505000E-01  0.1543813E-01
  0.7510000E-01  0.1546907E-01
  0.7515000E-01  0.1550007E-01
  0.7520000E-01  0.1553112E-01
  0.7525000E-01  0.1556217E-01
  0.7530000E-01  0.1559311E-01
  0.7535000E-01  0.1562387E-01
  0.7540000E-01  0.1565462E-01
  0.7545000E-01  0.1568544E-01
  0.7550000E-01  0.1571632E-01
  0.7555000E-01  0.1574725E-01
  0.7560000E-01  0.1577825E-01
  0.7565000E-01  0.1580934E-01
  0.7570000E-01  0.1584045E-01
  0.7575000E-01  0.1587143E-01
  0.7580000E-01  0.1590224E-01
  0.7585000E-01  0.1593288E-01
  0.7590000E-01  0.1596334E-01
  0.7595000E-01  0.1599366E-01
  0.7600000E-01  0.1602399E-01
  0.7605000E-01  0.1605446E-01
  0.7610000E-01  0.1608501E-01
  0.7615000E-01  0.1611560E-01
  0.7620000E-01  0.1614622E-01
  0.7625000E-01  0.1617681E-01
  0.7630000E-01  0.1620741E-01
  0.7635000E-01  0.1623799E-01
  0.7640000E-01  0.1626856E-01
  0.7645000E-01  0.1629918E-01
  0.7650000E-01  0.1632994E-01
  0.7655000E-01  0.1636089E-01
  0.7660000E-01  0.1639190E-01
  0.7665000E-01  0.1642282E-01
  0.7670000E-01  0.1645360E-01
  0.7675000E-01  0.1648424E-01
  0.7680000E-01  0.1651471E-01
  0.7685000E-01  0.1654504E-01
  0.7690000E-01  0.1657526E-01
  0.7695000E-01  0.1660540E-01
  0.7700000E-01  0.1663550E-01
  0.7705000E-01  0.1666550E-01
  0.7710000E-01  0.1669533E-01
  0.7715000E-01  0.1672507E-01
  0.7720000E-01  0.1675481E-01
  0.7725000E-01  0.1678452E-01
  0.7730000E-01  0.1681416E-01
  0.7735000E-01  0.1684370E-01
  0.7740000E-01  0.1687317E-01
  0.7745000E-01  0.1690265E-01
  0.7750000E-01  0.1693221E-01
  0.7755000E-01  0.1696192E-01
  0.7760000E-01  0.1699186E-01
  0.7765000E-01  0.1702193E-01
  0.7770000E-01  0.1705205E-01
  0.7775000E-01  0.1708225E-01
  0.7780000E-01  0.1711249E-01
  0.7785000E-01  0.1714269E-01
  0.7790000E-01  0.1717286E-01
  0.7795000E-01  0.1720315E-01
  0.7800000E-01  0.1723362E-01
  0.7805000E-01  0.1726419E-01
  0.7810000E-01  0.1729481E-01
  0.7815000E-01  0.1732540E-01
  0.7820000E-01  0.1735598E-01
  0.7825000E-01  0.1738654E-01
  0.7830000E-01  0.1741714E-01
  0.7835000E-01  0.1744771E-01
  0.7840000E-01  0.1747833E-01
  0.7845000E-01  0.1750904E-01
  0.7850000E-01  0.1753975E-01
  0.7855000E-01  0.1757035E-01
  0.7860000E-01  0.1760074E-01
  0.7865000E-01  0.1763088E-01
  0.7870000E-01  0.1766081E-01
  0.7875000E-01  0.1769059E-01
  0.7880000E-01  0.1772036E-01
  0.7885000E-01  0.1775014E-01
  0.7890000E-01  0.1777994E-01
  0.7895000E-01  0.1780971E-01
  0.7900000E-01  0.1783940E-01
  0.7905000E-01  0.1786907E-01
  0.7910000E-01  0.1789885E-01
  0.7915000E-01  0.1792877E-01
  0.7920000E-01  0.1795884E-01
  0.7925000E-01  0.1798898E-01
  0.7930000E-01  0.1801917E-01
  0.7935000E-01  0.1804938E-01
  0.7940000E-01  0.1807957E-01
  0.7945000E-01  0.1810976E-01
  0.7950000E-01  0.1813992E-01
  0.7955000E-01  0.1817011E-01
  0.7960000E-01  0.1820029E-01
  0.7965000E-01  0.1823046E-01
  0.7970000E-01  0.1826071E-01
  0.7975000E-01  0.1829101E-01
  0.7980000E-01  0.1832123E-01
  0.7985000E-01  0.1835133E-01
  0.7990000E-01  0.1838134E-01
  0.7995000E-01  0.1841137E-01
  0.8000000E-01  0.1844147E-01
  0.8005000E-01  0.1847158E-01
  0.8010000E-01  0.1850158E-01
  0.8015000E-01  0.1853137E-01
  0.8020000E-01  0.1856090E-01
  0.8025000E-01  0.1859018E-01
  0.8030000E-01  0.1861931E-01
  0.8035000E-01  0.1864842E-01
  0.8040000E-01  0.1867757E-01
  0.8045000E-01  0.1870685E-01
  0.8050000E-01  0.1873626E-01
  0.8055000E-01  0.1876570E-01
  0.8060000E-01  0.1879527E-01
  0.8065000E-01  0.1882507E-01
  0.8070000E-01  0.1885508E-01
  0.8075000E-01  0.1888530E-01
  0.8080000E-01  0.1891578E-01
  0.8085000E-01  0.1894659E-01
  0.8090000E-01  0.1897771E-01
  0.8095000E-01  0.1900911E-01
  0.8100000E-01  0.1904062E-01
  0.8105000E-01  0.1907211E-01
  0.8110000E-01  0.1910360E-01
  0.8115000E-01  0.1913507E-01
  0.8120000E-01  0.1916656E-01
  0.8125000E-01  0.1919814E-01
  0.8130000E-01  0.1922978E-01
  0.8135000E-01  0.1926151E-01
  0.8140000E-01  0.1929331E-01
  0.8145000E-01  0.1932499E-01
  0.8150000E-01  0.1935647E-01
  0.8155000E-01  0.1938782E-01
  0.8160000E-01  0.1941915E-01
  0.8165000E-01  0.1945047E-01
  0.8170000E-01  0.1948176E-01
  0.8175000E-01  0.1951309E-01
  0.8180000E-01  0.1954443E-01
  0.8185000E-01  0.1957578E-01
  0.8190000E-01  0.1960715E-01
  0.8195000E-01  0.1963855E-01
  0.8200000E-01  0.1967001E-01
  0.8205000E-01  0.1970151E-01
  0.8210000E-01  0.1973283E-01
  0.8215000E-01  0.1976386E-01
  0.8220000E-01  0.1979461E-01
  0.8225000E-01  0.1982519E-01
  0.8230000E-01  0.1985581E-01
  0.8235000E-01  0.1988664E-01
  0.8240000E-01  0.1991755E-01
  0.8245000E-01  0.1994851E-01
  0.8250000E-01  0.1997956E-01
  0.8255000E-01  0.2001076E-01
  0.8260000E-01  0.2004209E-01
  0.8265000E-01  0.2007347E-01
  0.8270000E-01  0.2010482E-01
  0.8275000E-01  0.2013590E-01
  0.8280000E-01  0.2016655E-01
  0.8285000E-01  0.2019665E-01
  0.8290000E-01  0.2022620E-01
  0.8295000E-01  0.2025530E-01
  0.8300000E-01  0.2028414E-01
  0.8305000E-01  0.2031291E-01
  0.8310000E-01  0.2034165E-01
  0.8315000E-01  0.2037034E-01
  0.8320000E-01  0.2039896E-01
  0.8325000E-01  0.2042774E-01
  0.8330000E-01  0.2045663E-01
  0.8335000E-01  0.2048547E-01
  0.8340000E-01  0.2051420E-01
  0.8345000E-01  0.2054300E-01
  0.8350000E-01  0.2057197E-01
  0.8355000E-01  0.2060118E-01
  0.8360000E-01  0.2063067E-01
  0.8365000E-01  0.2066042E-01
  0.8370000E-01  0.2069034E-01
  0.8375000E-01  0.2072037E-01
  0.8380000E-01  0.2075039E-01
  0.8385000E-01  0.2078041E-01
  0.8390000E-01  0.2081043E-01
  0.8395000E-01  0.2084038E-01
  0.8400000E-01  0.2087021E-01
  0.8405000E-01  0.2089992E-01
  0.8410000E-01  0.2092957E-01
  0.8415000E-01  0.2095919E-01
  0.8420000E-01  0.2098863E-01
  0.8425000E-01  0.2101796E-01
  0.8430000E-01  0.2104704E-01
  0.8435000E-01  0.2107580E-01
  0.8440000E-01  0.2110446E-01
  0.8445000E-01  0.2113310E-01
  0.8450000E-01  0.2116177E-01
  0.8455000E-01  0.2119048E-01
  0.8460000E-01  0.2121925E-01
  0.8465000E-01  0.2124810E-01
  0.8470000E-01  0.2127705E-01
  0.8475000E-01  0.2130607E-01
  0.8480000E-01  0.2133520E-01
  0.8485000E-01  0.2136434E-01
  0.8490000E-01  0.2139339E-01
  0.8495000E-01  0.2142242E-01
  0.8500000E-01  0.2145152E-01
  0.8505000E-01  0.2148079E-01
  0.8510000E-01  0.2151024E-01
  0.8515000E-01  0.2153967E-01
  0.8520000E-01  0.2156900E-01
  0.8525000E-01  0.2159838E-01
  0.8530000E-01  0.2162787E-01
  0.8535000E-01  0.2165745E-01
  0.8540000E-01  0.2168712E-01
  0.8545000E-01  0.2171687E-01
  0.8550000E-01  0.2174685E-01
  0.8555000E-01  0.2177702E-01
  0.8560000E-01  0.2180745E-01
  0.8565000E-01  0.2183822E-01
  0.8570000E-01  0.2186918E-01
  0.8575000E-01  0.2190027E-01
  0.8580000E-01  0.2193135E-01
  0.8585000E-01  0.2196246E-01
  0.8590000E-01  0.2199362E-01
  0.8595000E-01  0.2202460E-01
  0.8600000E-01  0.2205510E-01
  0.8605000E-01  0.2208515E-01
  0.8610000E-01  0.2211481E-01
  0.8615000E-01  0.2214426E-01
  0.8620000E-01  0.2217363E-01
  0.8625000E-01  0.2220302E-01
  0.8630000E-01  0.2223253E-01
  0.8635000E-01  0.2226198E-01
  0.8640000E-01  0.2229133E-01
  0.8645000E-01  0.2232067E-01
  0.8650000E-01  0.2235000E-01
  0.8655000E-01  0.2237926E-01
  0.8660000E-01  0.2240826E-01
  0.8665000E-01  0.2243699E-01
  0.8670000E-01  0.2246567E-01
  0.8675000E-01  0.2249461E-01
  0.8680000E-01  0.2252393E-01
  0.8685000E-01  0.2255362E-01
  0.8690000E-01  0.2258365E-01
  0.8695000E-01  0.2261398E-01
  0.8700000E-01  0.2264462E-01
  0.8705000E-01  0.2267559E-01
  0.8710000E-01  0.2270673E-01
  0.8715000E-01  0.2273775E-01
  0.8720000E-01  0.2276848E-01
  0.8725000E-01  0.2279888E-01
  0.8730000E-01  0.2282884E-01
  0.8735000E-01  0.2285831E-01
  0.8740000E-01  0.2288762E-01
  0.8745000E-01  0.2291697E-01
  0.8750000E-01  0.2294646E-01
  0.8755000E-01  0.2297585E-01
  0.8760000E-01  0.2300484E-01
  0.8765000E-01  0.2303335E-01
  0.8770000E-01  0.2306162E-01
  0.8775000E-01  0.2308979E-01
  0.8780000E-01  0.2311800E-01
  0.8785000E-01  0.2314626E-01
  0.8790000E-01  0.2317451E-01
  0.8795000E-01  0.2320274E-01
  0.8800000E-01  0.2323100E-01
  0.8805000E-01  0.2325929E-01
  0.8810000E-01  0.2328757E-01
  0.8815000E-01  0.2331588E-01
  0.8820000E-01  0.2334416E-01
  0.8825000E-01  0.2337243E-01
  0.8830000E-01  0.2340070E-01
  0.8835000E-01  0.2342889E-01
  0.8840000E-01  0.2345686E-01
  0.8845000E-01  0.2348453E-01
  0.8850000E-01  0.2351213E-01
  0.8855000E-01  0.2353993E-01
  0.8860000E-01  0.2356793E-01
  0.8865000E-01  0.2359597E-01
  0.8870000E-01  0.2362394E-01
  0.8875000E-01  0.2365194E-01
  0.8880000E-01  0.2367990E-01
  0.8885000E-01  0.2370782E-01
  0.8890000E-01  0.2373568E-01
  0.8895000E-01  0.2376354E-01
  0.8900000E-01  0.2379150E-01
  0.8905000E-01  0.2381955E-01
  0.8910000E-01  0.2384761E-01
  0.8915000E-01  0.2387554E-01
  0.8920000E-01  0.2390323E-01
  0.8925000E-01  0.2393076E-01
  0.8930000E-01  0.2395822E-01
  0.8935000E-01  0.2398577E-01
  0.8940000E-01  0.2401350E-01
  0.8945000E-01  0.2404160E-01
  0.8950000E-01  0.2407021E-01
  0.8955000E-01  0.2409934E-01
  0.8960000E-01  0.2412871E-01
  0.8965000E-01  0.2415825E-01
  0.8970000E-01  0.2418792E-01
  0.8975000E-01  0.2421757E-01
  0.8980000E-01  0.2424720E-01
  0.8985000E-01  0.2427664E-01
  0.8990000E-01  0.2430572E-01
  0.8995000E-01  0.2433452E-01
  0.9000000E-01  0.2436325E-01
  0.9005000E-01  0.2439198E-01
  0.9010000E-01  0.2442072E-01
  0.9015000E-01  0.2444945E-01
  0.9020000E-01  0.2447794E-01
  0.9025000E-01  0.2450613E-01
  0.9030000E-01  0.2453402E-01
  0.9035000E-01  0.2456158E-01
  0.9040000E-01  0.2458890E-01
  0.9045000E-01  0.2461596E-01
  0.9050000E-01  0.2464281E-01
  0.9055000E-01  0.2466952E-01
  0.9060000E-01  0.2469624E-01
  0.9065000E-01  0.2472314E-01
  0.9070000E-01  0.2475027E-01
  0.9075000E-01  0.2477781E-01
  0.9080000E-01  0.2480578E-01
  0.9085000E-01  0.2483408E-01
  0.9090000E-01  0.2486252E-01
  0.9095000E-01  0.2489101E-01
  0.9100000E-01  0.2491957E-01
  0.9105000E-01  0.2494828E-01
  0.9110000E-01  0.2497702E-01
  0.9115000E-01  0.2500566E-01
  0.9120000E-01  0.2503403E-01
  0.9125000E-01  0.2506199E-01
  0.9130000E-01  0.2508960E-01
  0.9135000E-01  0.2511700E-01
  0.9140000E-01  0.2514411E-01
  0.9145000E-01  0.2517100E-01
  0.9150000E-01  0.2519754E-01
  0.9155000E-01  0.2522379E-01
  0.9160000E-01  0.2524989E-01
  0.9165000E-01  0.2527584E-01
  0.9170000E-01  0.2530170E-01
  0.9175000E-01  0.2532749E-01
  0.9180000E-01  0.2535319E-01
  0.9185000E-01  0.2537871E-01
  0.9190000E-01  0.2540393E-01
  0.9195000E-01  0.2542879E-01
  0.9200000E-01  0.2545335E-01
  0.9205000E-01  0.2547763E-01
  0.9210000E-01  0.2550162E-01
  0.9215000E-01  0.2552525E-01
  0.9220000E-01  0.2554881E-01
  0.9225000E-01  0.2557249E-01
  0.9230000E-01  0.2559651E-01
  0.9235000E-01  0.2562090E-01
  0.9240000E-01  0.2564535E-01
  0.9245000E-01  0.2566981E-01
  0.9250000E-01  0.2569427E-01
  0.9255000E-01  0.2571893E-01
  0.9260000E-01  0.2574398E-01
  0.9265000E-01  0.2576957E-01
  0.9270000E-01  0.2579584E-01
  0.9275000E-01  0.2582275E-01
  0.9280000E-01  0.2585002E-01
  0.9285000E-01  0.2587724E-01
  0.9290000E-01  0.2590428E-01
  0.9295000E-01  0.2593115E-01
  0.9300000E-01  0.2595769E-01
  0.9305000E-01  0.2598395E-01
  0.9310000E-01  0.2600989E-01
  0.9315000E-01  0.2603548E-01
  0.9320000E-01  0.2606047E-01
  0.9325000E-01  0.2608479E-01
  0.9330000E-01  0.2610859E-01
  0.9335000E-01  0.2613199E-01
  0.9340000E-01  0.2615473E-01
  0.9345000E-01  0.2617668E-01
  0.9350000E-01  0.2619797E-01
  0.9355000E-01  0.2621876E-01
  0.9360000E-01  0.2623891E-01
  0.9365000E-01  0.2625876E-01
  0.9370000E-01  0.2627845E-01
  0.9375000E-01  0.2629779E-01
  0.9380000E-01  0.2631670E-01
  0.9385000E-01  0.2633558E-01
  0.9390000E-01  0.2635467E-01
  0.9395000E-01  0.2637400E-01
  0.9400000E-01  0.2639368E-01
  0.9405000E-01  0.2641376E-01
  0.9410000E-01  0.2643406E-01
  0.9415000E-01  0.2645458E-01
  0.9420000E-01  0.2647507E-01
  0.9425000E-01  0.2649551E-01
  0.9430000E-01  0.2651569E-01
  0.9435000E-01  0.2653571E-01
  0.9440000E-01  0.2655556E-01
  0.9445000E-01  0.2657524E-01
  0.9450000E-01  0.2659458E-01
  0.9455000E-01  0.2661351E-01
  0.9460000E-01  0.2663176E-01
  0.9465000E-01  0.2664916E-01
  0.9470000E-01  0.2666556E-01
  0.9475000E-01  0.2668111E-01
  0.9480000E-01  0.2669565E-01
  0.9485000E-01  0.2670958E-01
  0.9490000E-01  0.2672336E-01
  0.9495000E-01  0.2673704E-01
  0.9500000E-01  0.2675066E-01
  0.9505000E-01  0.2676413E-01
  0.9510000E-01  0.2677723E-01
  0.9515000E-01  0.2678987E-01
  0.9520000E-01  0.2680238E-01
  0.9525000E-01  0.2681473E-01
  0.9530000E-01  0.2682669E-01
  0.9535000E-01  0.2683866E-01
  0.9540000E-01  0.2685049E-01
  0.9545000E-01  0.2686236E-01
  0.9550000E-01  0.2687425E-01
  0.9555000E-01  0.2688615E-01
  0.9560000E-01  0.2689770E-01
  0.9565000E-01  0.2690851E-01
  0.9570000E-01  0.2691812E-01
  0.9575000E-01  0.2692678E-01
  0.9580000E-01  0.2693444E-01
  0.9585000E-01  0.2694131E-01
  0.9590000E-01  0.2694745E-01
  0.9595000E-01  0.2695282E-01
  0.9600000E-01  0.2695715E-01
  0.9605000E-01  0.2696108E-01
  0.9610000E-01  0.2696541E-01
  0.9615000E-01  0.2697002E-01
  0.9620000E-01  0.2697407E-01
  0.9625000E-01  0.2697735E-01
  0.9630000E-01  0.2698030E-01
  0.9635000E-01  0.2698331E-01
  0.9640000E-01  0.2698613E-01
  0.9645000E-01  0.2698882E-01
  0.9650000E-01  0.2699106E-01
  0.9655000E-01  0.2699265E-01
  0.9660000E-01  0.2699342E-01
  0.9665000E-01  0.2699356E-01
  0.9670000E-01  0.2699254E-01
  0.9675000E-01  0.2699049E-01
  0.9680000E-01  0.2698742E-01
  0.9685000E-01  0.2698351E-01
  0.9690000E-01  0.2697914E-01
  0.9695000E-01  0.2697493E-01
  0.9700000E-01  0.2697089E-01
  0.9705000E-01  0.2696735E-01
  0.9710000E-01  0.2696453E-01
  0.9715000E-01  0.2696305E-01
  0.9720000E-01  0.2696258E-01
  0.9725000E-01  0.2696263E-01
  0.9730000E-01  0.2696226E-01
  0.9735000E-01  0.2696106E-01
  0.9740000E-01  0.2695795E-01
  0.9745000E-01  0.2695241E-01
  0.9750000E-01  0.2694335E-01
  0.9755000E-01  0.2693002E-01
  0.9760000E-01  0.2691171E-01
  0.9765000E-01  0.2688779E-01
  0.9770000E-01  0.2685624E-01
  0.9775000E-01  0.2681526E-01
  0.9780000E-01  0.2676206E-01
  0.9785000E-01  0.2669474E-01
  0.9790000E-01  0.2661064E-01
  0.9795000E-01  0.2650745E-01
  0.9800000E-01  0.2638130E-01
  0.9805000E-01  0.2622932E-01
  0.9810000E-01  0.2604788E-01
  0.9815000E-01  0.2583438E-01
  0.9820000E-01  0.2558465E-01
  0.9825000E-01  0.2529553E-01
  0.9830000E-01  0.2496257E-01
  0.9835000E-01  0.2458312E-01
  0.9840000E-01  0.2415354E-01
  0.9845000E-01  0.2367205E-01
  0.9850000E-01  0.2313575E-01
  0.9855000E-01  0.2254394E-01
  0.9860000E-01  0.2189646E-01
  0.9865000E-01  0.2119501E-01
  0.9870000E-01  0.2044069E-01
  0.9875000E-01  0.1963579E-01
  0.9880000E-01  0.1878225E-01
  0.9885000E-01  0.1788274E-01
  0.9890000E-01  0.1694037E-01
  0.9895000E-01  0.1595851E-01
  0.9900000E-01  0.1494077E-01
  0.9905000E-01  0.1389091E-01
  0.9910000E-01  0.1281284E-01
  0.9915000E-01  0.1171161E-01
  0.9920000E-01  0.1059364E-01
  0.9925000E-01  0.9467327E-02
  0.9930000E-01  0.8342865E-02
  0.9935000E-01  0.7232213E-02
  0.9940000E-01  0.6149219E-02
  0.9945000E-01  0.5109323E-02
  0.9950000E-01  0.4129645E-02
  0.9955000E-01  0.3227890E-02
  0.9960000E-01  0.2420711E-02
  0.9965000E-01  0.1722790E-02
  0.9970000E-01  0.1144768E-02
  0.9975000E-01  0.6923814E-03
  0.9980000E-01  0.3648708E-03
  0.9985000E-01  0.1532275E-03
  0.9990000E-01  0.4011152E-04
  0.9995000E-01  0.0000000E+00
  0.1000000E+00  0.0000000E+00
