  0.0000000E+00  0.0000000E+00
  0.5000000E-04 -0.1101143E-16
  0.1000000E-03 -0.1101143E-16
  0.1500000E-03 -0.4052588E-04
  0.2000000E-03 -0.1549994E-03
  0.2500000E-03 -0.3693110E-03
  0.3000000E-03 -0.7005389E-03
  0.3500000E-03 -0.1157346E-02
  0.4000000E-03 -0.1740432E-02
  0.4500000E-03 -0.2444019E-02
  0.5000000E-03 -0.3256791E-02
  0.5500000E-03 -0.4163626E-02
  0.6000000E-03 -0.5147418E-02
  0.6500000E-03 -0.6190945E-02
  0.7000000E-03 -0.7277284E-02
  0.7500000E-03 -0.8391036E-02
  0.8000000E-03 -0.9518581E-02
  0.8500000E-03 -0.1064819E-01
  0.9000000E-03 -0.1177008E-01
  0.9500000E-03 -0.1287612E-01
  0.1000000E-02 -0.1395936E-01
  0.1050000E-02 -0.1501417E-01
  0.1100000E-02 -0.1603572E-01
  0.1150000E-02 -0.1702023E-01
  0.1200000E-02 -0.1796443E-01
  0.1250000E-02 -0.1886539E-01
  0.1300000E-02 -0.1972047E-01
  0.1350000E-02 -0.2052690E-01
  0.1400000E-02 -0.2128236E-01
  0.1450000E-02 -0.2198446E-01
  0.1500000E-02 -0.2263233E-01
  0.1550000E-02 -0.2322476E-01
  0.1600000E-02 -0.2376244E-01
  0.1650000E-02 -0.2424518E-01
  0.1700000E-02 -0.2467496E-01
  0.1750000E-02 -0.2505360E-01
  0.1800000E-02 -0.2538466E-01
  0.1850000E-02 -0.2567073E-01
  0.1900000E-02 -0.2591608E-01
  0.1950000E-02 -0.2612408E-01
  0.2000000E-02 -0.2629889E-01
  0.2050000E-02 -0.2644342E-01
  0.2100000E-02 -0.2656205E-01
  0.2150000E-02 -0.2665829E-01
  0.2200000E-02 -0.2673611E-01
  0.2250000E-02 -0.2679787E-01
  0.2300000E-02 -0.2684636E-01
  0.2350000E-02 -0.2688348E-01
  0.2400000E-02 -0.2691233E-01
  0.2450000E-02 -0.2693438E-01
  0.2500000E-02 -0.2695134E-01
  0.2550000E-02 -0.2696419E-01
  0.2600000E-02 -0.2697479E-01
  0.2650000E-02 -0.2698321E-01
  0.2700000E-02 -0.2698971E-01
  0.2750000E-02 -0.2699417E-01
  0.2800000E-02 -0.2699692E-01
  0.2850000E-02 -0.2699775E-01
  0.2900000E-02 -0.2699734E-01
  0.2950000E-02 -0.2699603E-01
  0.3000000E-02 -0.2699427E-01
  0.3050000E-02 -0.2699227E-01
  0.3100000E-02 -0.2699063E-01
  0.3150000E-02 -0.2698917E-01
  0.3200000E-02 -0.2698821E-01
  0.3250000E-02 -0.2698763E-01
  0.3300000E-02 -0.2698788E-01
  0.3350000E-02 -0.2698815E-01
  0.3400000E-02 -0.2698867E-01
  0.3450000E-02 -0.2698946E-01
  0.3500000E-02 -0.2699063E-01
  0.3550000E-02 -0.2699219E-01
  0.3600000E-02 -0.2699457E-01
  0.3650000E-02 -0.2699740E-01
  0.3700000E-02 -0.2700007E-01
  0.3750000E-02 -0.2700202E-01
  0.3800000E-02 -0.2700310E-01
  0.3850000E-02 -0.2700290E-01
  0.3900000E-02 -0.2700163E-01
  0.3950000E-02 -0.2699966E-01
  0.4000000E-02 -0.2699756E-01
  0.4050000E-02 -0.2699516E-01
  0.4100000E-02 -0.2699210E-01
  0.4150000E-02 -0.2698807E-01
  0.4200000E-02 -0.2698319E-01
  0.4250000E-02 -0.2697746E-01
  0.4300000E-02 -0.2697102E-01
  0.4350000E-02 -0.2696367E-01
  0.4400000E-02 -0.2695534E-01
  0.4450000E-02 -0.2694635E-01
  0.4500000E-02 -0.2693722E-01
  0.4550000E-02 -0.2692806E-01
  0.4600000E-02 -0.2691928E-01
  0.4650000E-02 -0.2691098E-01
  0.4700000E-02 -0.2690292E-01
  0.4750000E-02 -0.2689478E-01
  0.4800000E-02 -0.2688649E-01
  0.4850000E-02 -0.2687758E-01
  0.4900000E-02 -0.2686774E-01
  0.4950000E-02 -0.2685674E-01
  0.5000000E-02 -0.2684414E-01
  0.5050000E-02 -0.2682974E-01
  0.5100000E-02 -0.2681392E-01
  0.5150000E-02 -0.2679721E-01
  0.5200000E-02 -0.2678012E-01
  0.5250000E-02 -0.2676291E-01
  0.5300000E-02 -0.2674527E-01
  0.5350000E-02 -0.2672726E-01
  0.5400000E-02 -0.2670896E-01
  0.5450000E-02 -0.2669029E-01
  0.5500000E-02 -0.2667132E-01
  0.5550000E-02 -0.2665222E-01
  0.5600000E-02 -0.2663334E-01
  0.5650000E-02 -0.2661484E-01
  0.5700000E-02 -0.2659634E-01
  0.5750000E-02 -0.2657753E-01
  0.5800000E-02 -0.2655828E-01
  0.5850000E-02 -0.2653831E-01
  0.5900000E-02 -0.2651761E-01
  0.5950000E-02 -0.2649636E-01
  0.6000000E-02 -0.2647494E-01
  0.6050000E-02 -0.2645348E-01
  0.6100000E-02 -0.2643224E-01
  0.6150000E-02 -0.2641119E-01
  0.6200000E-02 -0.2639046E-01
  0.6250000E-02 -0.2636992E-01
  0.6300000E-02 -0.2634947E-01
  0.6350000E-02 -0.2632869E-01
  0.6400000E-02 -0.2630734E-01
  0.6450000E-02 -0.2628550E-01
  0.6500000E-02 -0.2626330E-01
  0.6550000E-02 -0.2624057E-01
  0.6600000E-02 -0.2621735E-01
  0.6650000E-02 -0.2619357E-01
  0.6700000E-02 -0.2616899E-01
  0.6750000E-02 -0.2614385E-01
  0.6800000E-02 -0.2611867E-01
  0.6850000E-02 -0.2609360E-01
  0.6900000E-02 -0.2606859E-01
  0.6950000E-02 -0.2604332E-01
  0.7000000E-02 -0.2601752E-01
  0.7050000E-02 -0.2599116E-01
  0.7100000E-02 -0.2596450E-01
  0.7150000E-02 -0.2593796E-01
  0.7200000E-02 -0.2591156E-01
  0.7250000E-02 -0.2588531E-01
  0.7300000E-02 -0.2585935E-01
  0.7350000E-02 -0.2583390E-01
  0.7400000E-02 -0.2580893E-01
  0.7450000E-02 -0.2578416E-01
  0.7500000E-02 -0.2575942E-01
  0.7550000E-02 -0.2573468E-01
  0.7600000E-02 -0.2571017E-01
  0.7650000E-02 -0.2568596E-01
  0.7700000E-02 -0.2566203E-01
  0.7750000E-02 -0.2563810E-01
  0.7800000E-02 -0.2561386E-01
  0.7850000E-02 -0.2558936E-01
  0.7900000E-02 -0.2556468E-01
  0.7950000E-02 -0.2553997E-01
  0.8000000E-02 -0.2551561E-01
  0.8050000E-02 -0.2549153E-01
  0.8100000E-02 -0.2546753E-01
  0.8150000E-02 -0.2544328E-01
  0.8200000E-02 -0.2541865E-01
  0.8250000E-02 -0.2539344E-01
  0.8300000E-02 -0.2536736E-01
  0.8350000E-02 -0.2534047E-01
  0.8400000E-02 -0.2531309E-01
  0.8450000E-02 -0.2528554E-01
  0.8500000E-02 -0.2525823E-01
  0.8550000E-02 -0.2523138E-01
  0.8600000E-02 -0.2520489E-01
  0.8650000E-02 -0.2517852E-01
  0.8700000E-02 -0.2515222E-01
  0.8750000E-02 -0.2512592E-01
  0.8800000E-02 -0.2509952E-01
  0.8850000E-02 -0.2507290E-01
  0.8900000E-02 -0.2504589E-01
  0.8950000E-02 -0.2501861E-01
  0.9000000E-02 -0.2499163E-01
  0.9050000E-02 -0.2496500E-01
  0.9100000E-02 -0.2493884E-01
  0.9150000E-02 -0.2491308E-01
  0.9200000E-02 -0.2488737E-01
  0.9250000E-02 -0.2486146E-01
  0.9300000E-02 -0.2483522E-01
  0.9350000E-02 -0.2480860E-01
  0.9400000E-02 -0.2478159E-01
  0.9450000E-02 -0.2475420E-01
  0.9500000E-02 -0.2472646E-01
  0.9550000E-02 -0.2469828E-01
  0.9600000E-02 -0.2466957E-01
  0.9650000E-02 -0.2464033E-01
  0.9700000E-02 -0.2461073E-01
  0.9750000E-02 -0.2458122E-01
  0.9800000E-02 -0.2455215E-01
  0.9850000E-02 -0.2452363E-01
  0.9900000E-02 -0.2449563E-01
  0.9950000E-02 -0.2446796E-01
  0.1000000E-01 -0.2444072E-01
  0.1005000E-01 -0.2441397E-01
  0.1010000E-01 -0.2438766E-01
  0.1015000E-01 -0.2436163E-01
  0.1020000E-01 -0.2433563E-01
  0.1025000E-01 -0.2430937E-01
  0.1030000E-01 -0.2428269E-01
  0.1035000E-01 -0.2425553E-01
  0.1040000E-01 -0.2422785E-01
  0.1045000E-01 -0.2419991E-01
  0.1050000E-01 -0.2417191E-01
  0.1055000E-01 -0.2414369E-01
  0.1060000E-01 -0.2411529E-01
  0.1065000E-01 -0.2408680E-01
  0.1070000E-01 -0.2405819E-01
  0.1075000E-01 -0.2402932E-01
  0.1080000E-01 -0.2400019E-01
  0.1085000E-01 -0.2397087E-01
  0.1090000E-01 -0.2394142E-01
  0.1095000E-01 -0.2391204E-01
  0.1100000E-01 -0.2388279E-01
  0.1105000E-01 -0.2385361E-01
  0.1110000E-01 -0.2382447E-01
  0.1115000E-01 -0.2379537E-01
  0.1120000E-01 -0.2376628E-01
  0.1125000E-01 -0.2373716E-01
  0.1130000E-01 -0.2370795E-01
  0.1135000E-01 -0.2367865E-01
  0.1140000E-01 -0.2364944E-01
  0.1145000E-01 -0.2362047E-01
  0.1150000E-01 -0.2359177E-01
  0.1155000E-01 -0.2356335E-01
  0.1160000E-01 -0.2353499E-01
  0.1165000E-01 -0.2350687E-01
  0.1170000E-01 -0.2347896E-01
  0.1175000E-01 -0.2345115E-01
  0.1180000E-01 -0.2342331E-01
  0.1185000E-01 -0.2339537E-01
  0.1190000E-01 -0.2336732E-01
  0.1195000E-01 -0.2333913E-01
  0.1200000E-01 -0.2331096E-01
  0.1205000E-01 -0.2328270E-01
  0.1210000E-01 -0.2325430E-01
  0.1215000E-01 -0.2322562E-01
  0.1220000E-01 -0.2319672E-01
  0.1225000E-01 -0.2316755E-01
  0.1230000E-01 -0.2313804E-01
  0.1235000E-01 -0.2310838E-01
  0.1240000E-01 -0.2307880E-01
  0.1245000E-01 -0.2304928E-01
  0.1250000E-01 -0.2301975E-01
  0.1255000E-01 -0.2299019E-01
  0.1260000E-01 -0.2296049E-01
  0.1265000E-01 -0.2293059E-01
  0.1270000E-01 -0.2290049E-01
  0.1275000E-01 -0.2287022E-01
  0.1280000E-01 -0.2283982E-01
  0.1285000E-01 -0.2280933E-01
  0.1290000E-01 -0.2277889E-01
  0.1295000E-01 -0.2274851E-01
  0.1300000E-01 -0.2271821E-01
  0.1305000E-01 -0.2268790E-01
  0.1310000E-01 -0.2265757E-01
  0.1315000E-01 -0.2262719E-01
  0.1320000E-01 -0.2259683E-01
  0.1325000E-01 -0.2256655E-01
  0.1330000E-01 -0.2253635E-01
  0.1335000E-01 -0.2250626E-01
  0.1340000E-01 -0.2247643E-01
  0.1345000E-01 -0.2244682E-01
  0.1350000E-01 -0.2241739E-01
  0.1355000E-01 -0.2238812E-01
  0.1360000E-01 -0.2235890E-01
  0.1365000E-01 -0.2232973E-01
  0.1370000E-01 -0.2230066E-01
  0.1375000E-01 -0.2227175E-01
  0.1380000E-01 -0.2224308E-01
  0.1385000E-01 -0.2221452E-01
  0.1390000E-01 -0.2218609E-01
  0.1395000E-01 -0.2215775E-01
  0.1400000E-01 -0.2212943E-01
  0.1405000E-01 -0.2210116E-01
  0.1410000E-01 -0.2207286E-01
  0.1415000E-01 -0.2204440E-01
  0.1420000E-01 -0.2201582E-01
  0.1425000E-01 -0.2198711E-01
  0.1430000E-01 -0.2195827E-01
  0.1435000E-01 -0.2192917E-01
  0.1440000E-01 -0.2189979E-01
  0.1445000E-01 -0.2187031E-01
  0.1450000E-01 -0.2184086E-01
  0.1455000E-01 -0.2181150E-01
  0.1460000E-01 -0.2178211E-01
  0.1465000E-01 -0.2175261E-01
  0.1470000E-01 -0.2172297E-01
  0.1475000E-01 -0.2169312E-01
  0.1480000E-01 -0.2166305E-01
  0.1485000E-01 -0.2163288E-01
  0.1490000E-01 -0.2160260E-01
  0.1495000E-01 -0.2157217E-01
  0.1500000E-01 -0.2154145E-01
  0.1505000E-01 -0.2151052E-01
  0.1510000E-01 -0.2147947E-01
  0.1515000E-01 -0.2144832E-01
  0.1520000E-01 -0.2141705E-01
  0.1525000E-01 -0.2138583E-01
  0.1530000E-01 -0.2135471E-01
  0.1535000E-01 -0.2132361E-01
  0.1540000E-01 -0.2129236E-01
  0.1545000E-01 -0.2126102E-01
  0.1550000E-01 -0.2122975E-01
  0.1555000E-01 -0.2119861E-01
  0.1560000E-01 -0.2116773E-01
  0.1565000E-01 -0.2113724E-01
  0.1570000E-01 -0.2110727E-01
  0.1575000E-01 -0.2107775E-01
  0.1580000E-01 -0.2104848E-01
  0.1585000E-01 -0.2101933E-01
  0.1590000E-01 -0.2099010E-01
  0.1595000E-01 -0.2096071E-01
  0.1600000E-01 -0.2093122E-01
  0.1605000E-01 -0.2090164E-01
  0.1610000E-01 -0.2087204E-01
  0.1615000E-01 -0.2084248E-01
  0.1620000E-01 -0.2081294E-01
  0.1625000E-01 -0.2078324E-01
  0.1630000E-01 -0.2075328E-01
  0.1635000E-01 -0.2072298E-01
  0.1640000E-01 -0.2069254E-01
  0.1645000E-01 -0.2066212E-01
  0.1650000E-01 -0.2063165E-01
  0.1655000E-01 -0.2060106E-01
  0.1660000E-01 -0.2057042E-01
  0.1665000E-01 -0.2053979E-01
  0.1670000E-01 -0.2050933E-01
  0.1675000E-01 -0.2047891E-01
  0.1680000E-01 -0.2044849E-01
  0.1685000E-01 -0.2041816E-01
  0.1690000E-01 -0.2038790E-01
  0.1695000E-01 -0.2035777E-01
  0.1700000E-01 -0.2032777E-01
  0.1705000E-01 -0.2029778E-01
  0.1710000E-01 -0.2026763E-01
  0.1715000E-01 -0.2023730E-01
  0.1720000E-01 -0.2020711E-01
  0.1725000E-01 -0.2017732E-01
  0.1730000E-01 -0.2014780E-01
  0.1735000E-01 -0.2011838E-01
  0.1740000E-01 -0.2008890E-01
  0.1745000E-01 -0.2005931E-01
  0.1750000E-01 -0.2002964E-01
  0.1755000E-01 -0.1999987E-01
  0.1760000E-01 -0.1996990E-01
  0.1765000E-01 -0.1993971E-01
  0.1770000E-01 -0.1990931E-01
  0.1775000E-01 -0.1987875E-01
  0.1780000E-01 -0.1984820E-01
  0.1785000E-01 -0.1981781E-01
  0.1790000E-01 -0.1978753E-01
  0.1795000E-01 -0.1975727E-01
  0.1800000E-01 -0.1972719E-01
  0.1805000E-01 -0.1969735E-01
  0.1810000E-01 -0.1966772E-01
  0.1815000E-01 -0.1963822E-01
  0.1820000E-01 -0.1960879E-01
  0.1825000E-01 -0.1957937E-01
  0.1830000E-01 -0.1954987E-01
  0.1835000E-01 -0.1952025E-01
  0.1840000E-01 -0.1949052E-01
  0.1845000E-01 -0.1946071E-01
  0.1850000E-01 -0.1943080E-01
  0.1855000E-01 -0.1940086E-01
  0.1860000E-01 -0.1937090E-01
  0.1865000E-01 -0.1934086E-01
  0.1870000E-01 -0.1931079E-01
  0.1875000E-01 -0.1928075E-01
  0.1880000E-01 -0.1925078E-01
  0.1885000E-01 -0.1922086E-01
  0.1890000E-01 -0.1919095E-01
  0.1895000E-01 -0.1916108E-01
  0.1900000E-01 -0.1913128E-01
  0.1905000E-01 -0.1910155E-01
  0.1910000E-01 -0.1907190E-01
  0.1915000E-01 -0.1904218E-01
  0.1920000E-01 -0.1901226E-01
  0.1925000E-01 -0.1898203E-01
  0.1930000E-01 -0.1895165E-01
  0.1935000E-01 -0.1892122E-01
  0.1940000E-01 -0.1889074E-01
  0.1945000E-01 -0.1886025E-01
  0.1950000E-01 -0.1882974E-01
  0.1955000E-01 -0.1879918E-01
  0.1960000E-01 -0.1876849E-01
  0.1965000E-01 -0.1873771E-01
  0.1970000E-01 -0.1870675E-01
  0.1975000E-01 -0.1867566E-01
  0.1980000E-01 -0.1864458E-01
  0.1985000E-01 -0.1861350E-01
  0.1990000E-01 -0.1858236E-01
  0.1995000E-01 -0.1855124E-01
  0.2000000E-01 -0.1852019E-01
  0.2005000E-01 -0.1848915E-01
  0.2010000E-01 -0.1845811E-01
  0.2015000E-01 -0.1842702E-01
  0.2020000E-01 -0.1839579E-01
  0.2025000E-01 -0.1836459E-01
  0.2030000E-01 -0.1833353E-01
  0.2035000E-01 -0.1830269E-01
  0.2040000E-01 -0.1827206E-01
  0.2045000E-01 -0.1824158E-01
  0.2050000E-01 -0.1821118E-01
  0.2055000E-01 -0.1818082E-01
  0.2060000E-01 -0.1815055E-01
  0.2065000E-01 -0.1812033E-01
  0.2070000E-01 -0.1809010E-01
  0.2075000E-01 -0.1805989E-01
  0.2080000E-01 -0.1802967E-01
  0.2085000E-01 -0.1799944E-01
  0.2090000E-01 -0.1796918E-01
  0.2095000E-01 -0.1793877E-01
  0.2100000E-01 -0.1790824E-01
  0.2105000E-01 -0.1787764E-01
  0.2110000E-01 -0.1784697E-01
  0.2115000E-01 -0.1781619E-01
  0.2120000E-01 -0.1778527E-01
  0.2125000E-01 -0.1775431E-01
  0.2130000E-01 -0.1772331E-01
  0.2135000E-01 -0.1769236E-01
  0.2140000E-01 -0.1766160E-01
  0.2145000E-01 -0.1763109E-01
  0.2150000E-01 -0.1760078E-01
  0.2155000E-01 -0.1757059E-01
  0.2160000E-01 -0.1754044E-01
  0.2165000E-01 -0.1751028E-01
  0.2170000E-01 -0.1748012E-01
  0.2175000E-01 -0.1745005E-01
  0.2180000E-01 -0.1742013E-01
  0.2185000E-01 -0.1739037E-01
  0.2190000E-01 -0.1736065E-01
  0.2195000E-01 -0.1733087E-01
  0.2200000E-01 -0.1730101E-01
  0.2205000E-01 -0.1727104E-01
  0.2210000E-01 -0.1724089E-01
  0.2215000E-01 -0.1721056E-01
  0.2220000E-01 -0.1718010E-01
  0.2225000E-01 -0.1714950E-01
  0.2230000E-01 -0.1711885E-01
  0.2235000E-01 -0.1708821E-01
  0.2240000E-01 -0.1705753E-01
  0.2245000E-01 -0.1702687E-01
  0.2250000E-01 -0.1699615E-01
  0.2255000E-01 -0.1696535E-01
  0.2260000E-01 -0.1693455E-01
  0.2265000E-01 -0.1690378E-01
  0.2270000E-01 -0.1687303E-01
  0.2275000E-01 -0.1684239E-01
  0.2280000E-01 -0.1681185E-01
  0.2285000E-01 -0.1678136E-01
  0.2290000E-01 -0.1675097E-01
  0.2295000E-01 -0.1672067E-01
  0.2300000E-01 -0.1669033E-01
  0.2305000E-01 -0.1665994E-01
  0.2310000E-01 -0.1662957E-01
  0.2315000E-01 -0.1659920E-01
  0.2320000E-01 -0.1656883E-01
  0.2325000E-01 -0.1653841E-01
  0.2330000E-01 -0.1650775E-01
  0.2335000E-01 -0.1647690E-01
  0.2340000E-01 -0.1644595E-01
  0.2345000E-01 -0.1641485E-01
  0.2350000E-01 -0.1638366E-01
  0.2355000E-01 -0.1635250E-01
  0.2360000E-01 -0.1632134E-01
  0.2365000E-01 -0.1629020E-01
  0.2370000E-01 -0.1625917E-01
  0.2375000E-01 -0.1622820E-01
  0.2380000E-01 -0.1619716E-01
  0.2385000E-01 -0.1616604E-01
  0.2390000E-01 -0.1613480E-01
  0.2395000E-01 -0.1610342E-01
  0.2400000E-01 -0.1607193E-01
  0.2405000E-01 -0.1604038E-01
  0.2410000E-01 -0.1600884E-01
  0.2415000E-01 -0.1597734E-01
  0.2420000E-01 -0.1594583E-01
  0.2425000E-01 -0.1591425E-01
  0.2430000E-01 -0.1588267E-01
  0.2435000E-01 -0.1585109E-01
  0.2440000E-01 -0.1581954E-01
  0.2445000E-01 -0.1578802E-01
  0.2450000E-01 -0.1575651E-01
  0.2455000E-01 -0.1572503E-01
  0.2460000E-01 -0.1569363E-01
  0.2465000E-01 -0.1566230E-01
  0.2470000E-01 -0.1563095E-01
  0.2475000E-01 -0.1559954E-01
  0.2480000E-01 -0.1556813E-01
  0.2485000E-01 -0.1553675E-01
  0.2490000E-01 -0.1550537E-01
  0.2495000E-01 -0.1547405E-01
  0.2500000E-01 -0.1544276E-01
  0.2505000E-01 -0.1541153E-01
  0.2510000E-01 -0.1538037E-01
  0.2515000E-01 -0.1534937E-01
  0.2520000E-01 -0.1531847E-01
  0.2525000E-01 -0.1528758E-01
  0.2530000E-01 -0.1525667E-01
  0.2535000E-01 -0.1522573E-01
  0.2540000E-01 -0.1519468E-01
  0.2545000E-01 -0.1516351E-01
  0.2550000E-01 -0.1513228E-01
  0.2555000E-01 -0.1510099E-01
  0.2560000E-01 -0.1506973E-01
  0.2565000E-01 -0.1503859E-01
  0.2570000E-01 -0.1500758E-01
  0.2575000E-01 -0.1497663E-01
  0.2580000E-01 -0.1494576E-01
  0.2585000E-01 -0.1491494E-01
  0.2590000E-01 -0.1488413E-01
  0.2595000E-01 -0.1485337E-01
  0.2600000E-01 -0.1482258E-01
  0.2605000E-01 -0.1479175E-01
  0.2610000E-01 -0.1476088E-01
  0.2615000E-01 -0.1472990E-01
  0.2620000E-01 -0.1469879E-01
  0.2625000E-01 -0.1466751E-01
  0.2630000E-01 -0.1463611E-01
  0.2635000E-01 -0.1460456E-01
  0.2640000E-01 -0.1457289E-01
  0.2645000E-01 -0.1454118E-01
  0.2650000E-01 -0.1450948E-01
  0.2655000E-01 -0.1447778E-01
  0.2660000E-01 -0.1444607E-01
  0.2665000E-01 -0.1441444E-01
  0.2670000E-01 -0.1438302E-01
  0.2675000E-01 -0.1435183E-01
  0.2680000E-01 -0.1432080E-01
  0.2685000E-01 -0.1428987E-01
  0.2690000E-01 -0.1425900E-01
  0.2695000E-01 -0.1422818E-01
  0.2700000E-01 -0.1419739E-01
  0.2705000E-01 -0.1416657E-01
  0.2710000E-01 -0.1413575E-01
  0.2715000E-01 -0.1410491E-01
  0.2720000E-01 -0.1407411E-01
  0.2725000E-01 -0.1404337E-01
  0.2730000E-01 -0.1401275E-01
  0.2735000E-01 -0.1398224E-01
  0.2740000E-01 -0.1395175E-01
  0.2745000E-01 -0.1392119E-01
  0.2750000E-01 -0.1389056E-01
  0.2755000E-01 -0.1385993E-01
  0.2760000E-01 -0.1382937E-01
  0.2765000E-01 -0.1379885E-01
  0.2770000E-01 -0.1376831E-01
  0.2775000E-01 -0.1373775E-01
  0.2780000E-01 -0.1370715E-01
  0.2785000E-01 -0.1367659E-01
  0.2790000E-01 -0.1364606E-01
  0.2795000E-01 -0.1361543E-01
  0.2800000E-01 -0.1358472E-01
  0.2805000E-01 -0.1355399E-01
  0.2810000E-01 -0.1352326E-01
  0.2815000E-01 -0.1349250E-01
  0.2820000E-01 -0.1346161E-01
  0.2825000E-01 -0.1343061E-01
  0.2830000E-01 -0.1339956E-01
  0.2835000E-01 -0.1336851E-01
  0.2840000E-01 -0.1333754E-01
  0.2845000E-01 -0.1330671E-01
  0.2850000E-01 -0.1327601E-01
  0.2855000E-01 -0.1324536E-01
  0.2860000E-01 -0.1321479E-01
  0.2865000E-01 -0.1318426E-01
  0.2870000E-01 -0.1315370E-01
  0.2875000E-01 -0.1312309E-01
  0.2880000E-01 -0.1309243E-01
  0.2885000E-01 -0.1306172E-01
  0.2890000E-01 -0.1303097E-01
  0.2895000E-01 -0.1300014E-01
  0.2900000E-01 -0.1296916E-01
  0.2905000E-01 -0.1293805E-01
  0.2910000E-01 -0.1290686E-01
  0.2915000E-01 -0.1287561E-01
  0.2920000E-01 -0.1284435E-01
  0.2925000E-01 -0.1281311E-01
  0.2930000E-01 -0.1278193E-01
  0.2935000E-01 -0.1275085E-01
  0.2940000E-01 -0.1271980E-01
  0.2945000E-01 -0.1268878E-01
  0.2950000E-01 -0.1265784E-01
  0.2955000E-01 -0.1262701E-01
  0.2960000E-01 -0.1259631E-01
  0.2965000E-01 -0.1256579E-01
  0.2970000E-01 -0.1253549E-01
  0.2975000E-01 -0.1250547E-01
  0.2980000E-01 -0.1247570E-01
  0.2985000E-01 -0.1244610E-01
  0.2990000E-01 -0.1241649E-01
  0.2995000E-01 -0.1238679E-01
  0.3000000E-01 -0.1235703E-01
  0.3005000E-01 -0.1232727E-01
  0.3010000E-01 -0.1229746E-01
  0.3015000E-01 -0.1226753E-01
  0.3020000E-01 -0.1223744E-01
  0.3025000E-01 -0.1220719E-01
  0.3030000E-01 -0.1217676E-01
  0.3035000E-01 -0.1214611E-01
  0.3040000E-01 -0.1211529E-01
  0.3045000E-01 -0.1208434E-01
  0.3050000E-01 -0.1205327E-01
  0.3055000E-01 -0.1202210E-01
  0.3060000E-01 -0.1199090E-01
  0.3065000E-01 -0.1195975E-01
  0.3070000E-01 -0.1192868E-01
  0.3075000E-01 -0.1189773E-01
  0.3080000E-01 -0.1186695E-01
  0.3085000E-01 -0.1183629E-01
  0.3090000E-01 -0.1180572E-01
  0.3095000E-01 -0.1177527E-01
  0.3100000E-01 -0.1174493E-01
  0.3105000E-01 -0.1171463E-01
  0.3110000E-01 -0.1168426E-01
  0.3115000E-01 -0.1165370E-01
  0.3120000E-01 -0.1162289E-01
  0.3125000E-01 -0.1159186E-01
  0.3130000E-01 -0.1156072E-01
  0.3135000E-01 -0.1152950E-01
  0.3140000E-01 -0.1149828E-01
  0.3145000E-01 -0.1146709E-01
  0.3150000E-01 -0.1143592E-01
  0.3155000E-01 -0.1140478E-01
  0.3160000E-01 -0.1137369E-01
  0.3165000E-01 -0.1134268E-01
  0.3170000E-01 -0.1131174E-01
  0.3175000E-01 -0.1128087E-01
  0.3180000E-01 -0.1125012E-01
  0.3185000E-01 -0.1121948E-01
  0.3190000E-01 -0.1118888E-01
  0.3195000E-01 -0.1115824E-01
  0.3200000E-01 -0.1112751E-01
  0.3205000E-01 -0.1109668E-01
  0.3210000E-01 -0.1106569E-01
  0.3215000E-01 -0.1103458E-01
  0.3220000E-01 -0.1100334E-01
  0.3225000E-01 -0.1097200E-01
  0.3230000E-01 -0.1094058E-01
  0.3235000E-01 -0.1090911E-01
  0.3240000E-01 -0.1087763E-01
  0.3245000E-01 -0.1084614E-01
  0.3250000E-01 -0.1081471E-01
  0.3255000E-01 -0.1078337E-01
  0.3260000E-01 -0.1075212E-01
  0.3265000E-01 -0.1072092E-01
  0.3270000E-01 -0.1068973E-01
  0.3275000E-01 -0.1065854E-01
  0.3280000E-01 -0.1062740E-01
  0.3285000E-01 -0.1059637E-01
  0.3290000E-01 -0.1056550E-01
  0.3295000E-01 -0.1053480E-01
  0.3300000E-01 -0.1050423E-01
  0.3305000E-01 -0.1047369E-01
  0.3310000E-01 -0.1044310E-01
  0.3315000E-01 -0.1041240E-01
  0.3320000E-01 -0.1038160E-01
  0.3325000E-01 -0.1035068E-01
  0.3330000E-01 -0.1031958E-01
  0.3335000E-01 -0.1028830E-01
  0.3340000E-01 -0.1025688E-01
  0.3345000E-01 -0.1022549E-01
  0.3350000E-01 -0.1019416E-01
  0.3355000E-01 -0.1016289E-01
  0.3360000E-01 -0.1013167E-01
  0.3365000E-01 -0.1010043E-01
  0.3370000E-01 -0.1006902E-01
  0.3375000E-01 -0.1003747E-01
  0.3380000E-01 -0.1000583E-01
  0.3385000E-01 -0.9974160E-02
  0.3390000E-01 -0.9942479E-02
  0.3395000E-01 -0.9910855E-02
  0.3400000E-01 -0.9879370E-02
  0.3405000E-01 -0.9848015E-02
  0.3410000E-01 -0.9816756E-02
  0.3415000E-01 -0.9785515E-02
  0.3420000E-01 -0.9754263E-02
  0.3425000E-01 -0.9722972E-02
  0.3430000E-01 -0.9691650E-02
  0.3435000E-01 -0.9660381E-02
  0.3440000E-01 -0.9629213E-02
  0.3445000E-01 -0.9598100E-02
  0.3450000E-01 -0.9567053E-02
  0.3455000E-01 -0.9536077E-02
  0.3460000E-01 -0.9505140E-02
  0.3465000E-01 -0.9474223E-02
  0.3470000E-01 -0.9443302E-02
  0.3475000E-01 -0.9412350E-02
  0.3480000E-01 -0.9381373E-02
  0.3485000E-01 -0.9350456E-02
  0.3490000E-01 -0.9319611E-02
  0.3495000E-01 -0.9288751E-02
  0.3500000E-01 -0.9257777E-02
  0.3505000E-01 -0.9226678E-02
  0.3510000E-01 -0.9195460E-02
  0.3515000E-01 -0.9164184E-02
  0.3520000E-01 -0.9132913E-02
  0.3525000E-01 -0.9101719E-02
  0.3530000E-01 -0.9070600E-02
  0.3535000E-01 -0.9039506E-02
  0.3540000E-01 -0.9008430E-02
  0.3545000E-01 -0.8977375E-02
  0.3550000E-01 -0.8946367E-02
  0.3555000E-01 -0.8915469E-02
  0.3560000E-01 -0.8884655E-02
  0.3565000E-01 -0.8853841E-02
  0.3570000E-01 -0.8822928E-02
  0.3575000E-01 -0.8791900E-02
  0.3580000E-01 -0.8760815E-02
  0.3585000E-01 -0.8729691E-02
  0.3590000E-01 -0.8698506E-02
  0.3595000E-01 -0.8667260E-02
  0.3600000E-01 -0.8635960E-02
  0.3605000E-01 -0.8604666E-02
  0.3610000E-01 -0.8573371E-02
  0.3615000E-01 -0.8542034E-02
  0.3620000E-01 -0.8510733E-02
  0.3625000E-01 -0.8479499E-02
  0.3630000E-01 -0.8448312E-02
  0.3635000E-01 -0.8417181E-02
  0.3640000E-01 -0.8386165E-02
  0.3645000E-01 -0.8355262E-02
  0.3650000E-01 -0.8324423E-02
  0.3655000E-01 -0.8293623E-02
  0.3660000E-01 -0.8262850E-02
  0.3665000E-01 -0.8232118E-02
  0.3670000E-01 -0.8201429E-02
  0.3675000E-01 -0.8170827E-02
  0.3680000E-01 -0.8140335E-02
  0.3685000E-01 -0.8109977E-02
  0.3690000E-01 -0.8079696E-02
  0.3695000E-01 -0.8049429E-02
  0.3700000E-01 -0.8019096E-02
  0.3705000E-01 -0.7988671E-02
  0.3710000E-01 -0.7958160E-02
  0.3715000E-01 -0.7927542E-02
  0.3720000E-01 -0.7896769E-02
  0.3725000E-01 -0.7865822E-02
  0.3730000E-01 -0.7834735E-02
  0.3735000E-01 -0.7803509E-02
  0.3740000E-01 -0.7772161E-02
  0.3745000E-01 -0.7740732E-02
  0.3750000E-01 -0.7709245E-02
  0.3755000E-01 -0.7677706E-02
  0.3760000E-01 -0.7646130E-02
  0.3765000E-01 -0.7614529E-02
  0.3770000E-01 -0.7582921E-02
  0.3775000E-01 -0.7551264E-02
  0.3780000E-01 -0.7519598E-02
  0.3785000E-01 -0.7487975E-02
  0.3790000E-01 -0.7456417E-02
  0.3795000E-01 -0.7424951E-02
  0.3800000E-01 -0.7393574E-02
  0.3805000E-01 -0.7362282E-02
  0.3810000E-01 -0.7331049E-02
  0.3815000E-01 -0.7299855E-02
  0.3820000E-01 -0.7268695E-02
  0.3825000E-01 -0.7237517E-02
  0.3830000E-01 -0.7206313E-02
  0.3835000E-01 -0.7175106E-02
  0.3840000E-01 -0.7143923E-02
  0.3845000E-01 -0.7112755E-02
  0.3850000E-01 -0.7081594E-02
  0.3855000E-01 -0.7050453E-02
  0.3860000E-01 -0.7019357E-02
  0.3865000E-01 -0.6988294E-02
  0.3870000E-01 -0.6957268E-02
  0.3875000E-01 -0.6926306E-02
  0.3880000E-01 -0.6895440E-02
  0.3885000E-01 -0.6864661E-02
  0.3890000E-01 -0.6833930E-02
  0.3895000E-01 -0.6803216E-02
  0.3900000E-01 -0.6772532E-02
  0.3905000E-01 -0.6741894E-02
  0.3910000E-01 -0.6711292E-02
  0.3915000E-01 -0.6680733E-02
  0.3920000E-01 -0.6650241E-02
  0.3925000E-01 -0.6619815E-02
  0.3930000E-01 -0.6589417E-02
  0.3935000E-01 -0.6559012E-02
  0.3940000E-01 -0.6528615E-02
  0.3945000E-01 -0.6498271E-02
  0.3950000E-01 -0.6468031E-02
  0.3955000E-01 -0.6437899E-02
  0.3960000E-01 -0.6407831E-02
  0.3965000E-01 -0.6377801E-02
  0.3970000E-01 -0.6347768E-02
  0.3975000E-01 -0.6317684E-02
  0.3980000E-01 -0.6287544E-02
  0.3985000E-01 -0.6257334E-02
  0.3990000E-01 -0.6227019E-02
  0.3995000E-01 -0.6196604E-02
  0.4000000E-01 -0.6166104E-02
  0.4005000E-01 -0.6135500E-02
  0.4010000E-01 -0.6104830E-02
  0.4015000E-01 -0.6074142E-02
  0.4020000E-01 -0.6043409E-02
  0.4025000E-01 -0.6012594E-02
  0.4030000E-01 -0.5981759E-02
  0.4035000E-01 -0.5951001E-02
  0.4040000E-01 -0.5920279E-02
  0.4045000E-01 -0.5889515E-02
  0.4050000E-01 -0.5858717E-02
  0.4055000E-01 -0.5827947E-02
  0.4060000E-01 -0.5797217E-02
  0.4065000E-01 -0.5766501E-02
  0.4070000E-01 -0.5735774E-02
  0.4075000E-01 -0.5705053E-02
  0.4080000E-01 -0.5674294E-02
  0.4085000E-01 -0.5643490E-02
  0.4090000E-01 -0.5612685E-02
  0.4095000E-01 -0.5581897E-02
  0.4100000E-01 -0.5551113E-02
  0.4105000E-01 -0.5520339E-02
  0.4110000E-01 -0.5489543E-02
  0.4115000E-01 -0.5458720E-02
  0.4120000E-01 -0.5427878E-02
  0.4125000E-01 -0.5397017E-02
  0.4130000E-01 -0.5366137E-02
  0.4135000E-01 -0.5335258E-02
  0.4140000E-01 -0.5304418E-02
  0.4145000E-01 -0.5273623E-02
  0.4150000E-01 -0.5242868E-02
  0.4155000E-01 -0.5212115E-02
  0.4160000E-01 -0.5181358E-02
  0.4165000E-01 -0.5150632E-02
  0.4170000E-01 -0.5119963E-02
  0.4175000E-01 -0.5089340E-02
  0.4180000E-01 -0.5058739E-02
  0.4185000E-01 -0.5028131E-02
  0.4190000E-01 -0.4997498E-02
  0.4195000E-01 -0.4966802E-02
  0.4200000E-01 -0.4936039E-02
  0.4205000E-01 -0.4905207E-02
  0.4210000E-01 -0.4874293E-02
  0.4215000E-01 -0.4843331E-02
  0.4220000E-01 -0.4812351E-02
  0.4225000E-01 -0.4781381E-02
  0.4230000E-01 -0.4750435E-02
  0.4235000E-01 -0.4719511E-02
  0.4240000E-01 -0.4688604E-02
  0.4245000E-01 -0.4657692E-02
  0.4250000E-01 -0.4626794E-02
  0.4255000E-01 -0.4595920E-02
  0.4260000E-01 -0.4565080E-02
  0.4265000E-01 -0.4534271E-02
  0.4270000E-01 -0.4503488E-02
  0.4275000E-01 -0.4472742E-02
  0.4280000E-01 -0.4442017E-02
  0.4285000E-01 -0.4411255E-02
  0.4290000E-01 -0.4380454E-02
  0.4295000E-01 -0.4349645E-02
  0.4300000E-01 -0.4318844E-02
  0.4305000E-01 -0.4288019E-02
  0.4310000E-01 -0.4257170E-02
  0.4315000E-01 -0.4226285E-02
  0.4320000E-01 -0.4195315E-02
  0.4325000E-01 -0.4164221E-02
  0.4330000E-01 -0.4133006E-02
  0.4335000E-01 -0.4101713E-02
  0.4340000E-01 -0.4070391E-02
  0.4345000E-01 -0.4039044E-02
  0.4350000E-01 -0.4007622E-02
  0.4355000E-01 -0.3976087E-02
  0.4360000E-01 -0.3944484E-02
  0.4365000E-01 -0.3912887E-02
  0.4370000E-01 -0.3881327E-02
  0.4375000E-01 -0.3849806E-02
  0.4380000E-01 -0.3818352E-02
  0.4385000E-01 -0.3787004E-02
  0.4390000E-01 -0.3755758E-02
  0.4395000E-01 -0.3724574E-02
  0.4400000E-01 -0.3693438E-02
  0.4405000E-01 -0.3662369E-02
  0.4410000E-01 -0.3631369E-02
  0.4415000E-01 -0.3600444E-02
  0.4420000E-01 -0.3569575E-02
  0.4425000E-01 -0.3538733E-02
  0.4430000E-01 -0.3507881E-02
  0.4435000E-01 -0.3476969E-02
  0.4440000E-01 -0.3445995E-02
  0.4445000E-01 -0.3414991E-02
  0.4450000E-01 -0.3383980E-02
  0.4455000E-01 -0.3352959E-02
  0.4460000E-01 -0.3321952E-02
  0.4465000E-01 -0.3290953E-02
  0.4470000E-01 -0.3259970E-02
  0.4475000E-01 -0.3229046E-02
  0.4480000E-01 -0.3198189E-02
  0.4485000E-01 -0.3167377E-02
  0.4490000E-01 -0.3136611E-02
  0.4495000E-01 -0.3105886E-02
  0.4500000E-01 -0.3075179E-02
  0.4505000E-01 -0.3044451E-02
  0.4510000E-01 -0.3013674E-02
  0.4515000E-01 -0.2982820E-02
  0.4520000E-01 -0.2951867E-02
  0.4525000E-01 -0.2920842E-02
  0.4530000E-01 -0.2889790E-02
  0.4535000E-01 -0.2858729E-02
  0.4540000E-01 -0.2827681E-02
  0.4545000E-01 -0.2796632E-02
  0.4550000E-01 -0.2765604E-02
  0.4555000E-01 -0.2734657E-02
  0.4560000E-01 -0.2703802E-02
  0.4565000E-01 -0.2673010E-02
  0.4570000E-01 -0.2642241E-02
  0.4575000E-01 -0.2611499E-02
  0.4580000E-01 -0.2580770E-02
  0.4585000E-01 -0.2550050E-02
  0.4590000E-01 -0.2519334E-02
  0.4595000E-01 -0.2488602E-02
  0.4600000E-01 -0.2457823E-02
  0.4605000E-01 -0.2427013E-02
  0.4610000E-01 -0.2396186E-02
  0.4615000E-01 -0.2365332E-02
  0.4620000E-01 -0.2334413E-02
  0.4625000E-01 -0.2303430E-02
  0.4630000E-01 -0.2272386E-02
  0.4635000E-01 -0.2241275E-02
  0.4640000E-01 -0.2210134E-02
  0.4645000E-01 -0.2179024E-02
  0.4650000E-01 -0.2148028E-02
  0.4655000E-01 -0.2117156E-02
  0.4660000E-01 -0.2086368E-02
  0.4665000E-01 -0.2055650E-02
  0.4670000E-01 -0.2024965E-02
  0.4675000E-01 -0.1994286E-02
  0.4680000E-01 -0.1963584E-02
  0.4685000E-01 -0.1932856E-02
  0.4690000E-01 -0.1902096E-02
  0.4695000E-01 -0.1871325E-02
  0.4700000E-01 -0.1840612E-02
  0.4705000E-01 -0.1810007E-02
  0.4710000E-01 -0.1779492E-02
  0.4715000E-01 -0.1749025E-02
  0.4720000E-01 -0.1718620E-02
  0.4725000E-01 -0.1688260E-02
  0.4730000E-01 -0.1657920E-02
  0.4735000E-01 -0.1627604E-02
  0.4740000E-01 -0.1597281E-02
  0.4745000E-01 -0.1566907E-02
  0.4750000E-01 -0.1536444E-02
  0.4755000E-01 -0.1505844E-02
  0.4760000E-01 -0.1475105E-02
  0.4765000E-01 -0.1444269E-02
  0.4770000E-01 -0.1413387E-02
  0.4775000E-01 -0.1382448E-02
  0.4780000E-01 -0.1351424E-02
  0.4785000E-01 -0.1320313E-02
  0.4790000E-01 -0.1289118E-02
  0.4795000E-01 -0.1257867E-02
  0.4800000E-01 -0.1226601E-02
  0.4805000E-01 -0.1195360E-02
  0.4810000E-01 -0.1164163E-02
  0.4815000E-01 -0.1133003E-02
  0.4820000E-01 -0.1101855E-02
  0.4825000E-01 -0.1070693E-02
  0.4830000E-01 -0.1039500E-02
  0.4835000E-01 -0.1008294E-02
  0.4840000E-01 -0.9770439E-03
  0.4845000E-01 -0.9457213E-03
  0.4850000E-01 -0.9143249E-03
  0.4855000E-01 -0.8828353E-03
  0.4860000E-01 -0.8513038E-03
  0.4865000E-01 -0.8197926E-03
  0.4870000E-01 -0.7882718E-03
  0.4875000E-01 -0.7567611E-03
  0.4880000E-01 -0.7252687E-03
  0.4885000E-01 -0.6937985E-03
  0.4890000E-01 -0.6623451E-03
  0.4895000E-01 -0.6308913E-03
  0.4900000E-01 -0.5994730E-03
  0.4905000E-01 -0.5681071E-03
  0.4910000E-01 -0.5368730E-03
  0.4915000E-01 -0.5057949E-03
  0.4920000E-01 -0.4748356E-03
  0.4925000E-01 -0.4439438E-03
  0.4930000E-01 -0.4131016E-03
  0.4935000E-01 -0.3823167E-03
  0.4940000E-01 -0.3516003E-03
  0.4945000E-01 -0.3209463E-03
  0.4950000E-01 -0.2903419E-03
  0.4955000E-01 -0.2597732E-03
  0.4960000E-01 -0.2292286E-03
  0.4965000E-01 -0.1986703E-03
  0.4970000E-01 -0.1680728E-03
  0.4975000E-01 -0.1374341E-03
  0.4980000E-01 -0.1067743E-03
  0.4985000E-01 -0.7613164E-04
  0.4990000E-01 -0.4551475E-04
  0.4995000E-01 -0.1488049E-04
  0.5000000E-01  0.1582436E-04
  0.5005000E-01  0.4662200E-04
  0.5010000E-01  0.7752188E-04
  0.5015000E-01  0.1085270E-03
  0.5020000E-01  0.1396247E-03
  0.5025000E-01  0.1707820E-03
  0.5030000E-01  0.2019624E-03
  0.5035000E-01  0.2331351E-03
  0.5040000E-01  0.2642913E-03
  0.5045000E-01  0.2954284E-03
  0.5050000E-01  0.3265413E-03
  0.5055000E-01  0.3576576E-03
  0.5060000E-01  0.3887679E-03
  0.5065000E-01  0.4198140E-03
  0.5070000E-01  0.4507907E-03
  0.5075000E-01  0.4817173E-03
  0.5080000E-01  0.5126152E-03
  0.5085000E-01  0.5434731E-03
  0.5090000E-01  0.5742665E-03
  0.5095000E-01  0.6050170E-03
  0.5100000E-01  0.6357236E-03
  0.5105000E-01  0.6663652E-03
  0.5110000E-01  0.6969365E-03
  0.5115000E-01  0.7274531E-03
  0.5120000E-01  0.7579409E-03
  0.5125000E-01  0.7884249E-03
  0.5130000E-01  0.8189334E-03
  0.5135000E-01  0.8494795E-03
  0.5140000E-01  0.8800640E-03
  0.5145000E-01  0.9106590E-03
  0.5150000E-01  0.9412421E-03
  0.5155000E-01  0.9718025E-03
  0.5160000E-01  0.1002312E-02
  0.5165000E-01  0.1032782E-02
  0.5170000E-01  0.1063202E-02
  0.5175000E-01  0.1093588E-02
  0.5180000E-01  0.1123968E-02
  0.5185000E-01  0.1154376E-02
  0.5190000E-01  0.1184833E-02
  0.5195000E-01  0.1215320E-02
  0.5200000E-01  0.1245789E-02
  0.5205000E-01  0.1276222E-02
  0.5210000E-01  0.1306609E-02
  0.5215000E-01  0.1336957E-02
  0.5220000E-01  0.1367276E-02
  0.5225000E-01  0.1397551E-02
  0.5230000E-01  0.1427789E-02
  0.5235000E-01  0.1458029E-02
  0.5240000E-01  0.1488303E-02
  0.5245000E-01  0.1518615E-02
  0.5250000E-01  0.1548921E-02
  0.5255000E-01  0.1579199E-02
  0.5260000E-01  0.1609420E-02
  0.5265000E-01  0.1639611E-02
  0.5270000E-01  0.1669769E-02
  0.5275000E-01  0.1699856E-02
  0.5280000E-01  0.1729905E-02
  0.5285000E-01  0.1759978E-02
  0.5290000E-01  0.1790134E-02
  0.5295000E-01  0.1820399E-02
  0.5300000E-01  0.1850791E-02
  0.5305000E-01  0.1881279E-02
  0.5310000E-01  0.1911829E-02
  0.5315000E-01  0.1942392E-02
  0.5320000E-01  0.1972959E-02
  0.5325000E-01  0.2003544E-02
  0.5330000E-01  0.2034171E-02
  0.5335000E-01  0.2064843E-02
  0.5340000E-01  0.2095540E-02
  0.5345000E-01  0.2126270E-02
  0.5350000E-01  0.2157025E-02
  0.5355000E-01  0.2187789E-02
  0.5360000E-01  0.2218557E-02
  0.5365000E-01  0.2249354E-02
  0.5370000E-01  0.2280194E-02
  0.5375000E-01  0.2311046E-02
  0.5380000E-01  0.2341893E-02
  0.5385000E-01  0.2372750E-02
  0.5390000E-01  0.2403638E-02
  0.5395000E-01  0.2434600E-02
  0.5400000E-01  0.2465653E-02
  0.5405000E-01  0.2496754E-02
  0.5410000E-01  0.2527865E-02
  0.5415000E-01  0.2558973E-02
  0.5420000E-01  0.2590103E-02
  0.5425000E-01  0.2621291E-02
  0.5430000E-01  0.2652537E-02
  0.5435000E-01  0.2683791E-02
  0.5440000E-01  0.2715011E-02
  0.5445000E-01  0.2746196E-02
  0.5450000E-01  0.2777391E-02
  0.5455000E-01  0.2808596E-02
  0.5460000E-01  0.2839777E-02
  0.5465000E-01  0.2870952E-02
  0.5470000E-01  0.2902128E-02
  0.5475000E-01  0.2933267E-02
  0.5480000E-01  0.2964348E-02
  0.5485000E-01  0.2995350E-02
  0.5490000E-01  0.3026280E-02
  0.5495000E-01  0.3057166E-02
  0.5500000E-01  0.3088010E-02
  0.5505000E-01  0.3118829E-02
  0.5510000E-01  0.3149634E-02
  0.5515000E-01  0.3180463E-02
  0.5520000E-01  0.3211328E-02
  0.5525000E-01  0.3242231E-02
  0.5530000E-01  0.3273151E-02
  0.5535000E-01  0.3304048E-02
  0.5540000E-01  0.3334889E-02
  0.5545000E-01  0.3365659E-02
  0.5550000E-01  0.3396356E-02
  0.5555000E-01  0.3426998E-02
  0.5560000E-01  0.3457619E-02
  0.5565000E-01  0.3488246E-02
  0.5570000E-01  0.3518903E-02
  0.5575000E-01  0.3549600E-02
  0.5580000E-01  0.3580339E-02
  0.5585000E-01  0.3611102E-02
  0.5590000E-01  0.3641887E-02
  0.5595000E-01  0.3672727E-02
  0.5600000E-01  0.3703649E-02
  0.5605000E-01  0.3734658E-02
  0.5610000E-01  0.3765752E-02
  0.5615000E-01  0.3796939E-02
  0.5620000E-01  0.3828199E-02
  0.5625000E-01  0.3859534E-02
  0.5630000E-01  0.3890877E-02
  0.5635000E-01  0.3922181E-02
  0.5640000E-01  0.3953472E-02
  0.5645000E-01  0.3984775E-02
  0.5650000E-01  0.4016084E-02
  0.5655000E-01  0.4047403E-02
  0.5660000E-01  0.4078749E-02
  0.5665000E-01  0.4110117E-02
  0.5670000E-01  0.4141477E-02
  0.5675000E-01  0.4172809E-02
  0.5680000E-01  0.4204134E-02
  0.5685000E-01  0.4235456E-02
  0.5690000E-01  0.4266740E-02
  0.5695000E-01  0.4297967E-02
  0.5700000E-01  0.4329166E-02
  0.5705000E-01  0.4360362E-02
  0.5710000E-01  0.4391541E-02
  0.5715000E-01  0.4422733E-02
  0.5720000E-01  0.4453923E-02
  0.5725000E-01  0.4485071E-02
  0.5730000E-01  0.4516153E-02
  0.5735000E-01  0.4547183E-02
  0.5740000E-01  0.4578156E-02
  0.5745000E-01  0.4609025E-02
  0.5750000E-01  0.4639780E-02
  0.5755000E-01  0.4670432E-02
  0.5760000E-01  0.4701023E-02
  0.5765000E-01  0.4731606E-02
  0.5770000E-01  0.4762213E-02
  0.5775000E-01  0.4792859E-02
  0.5780000E-01  0.4823516E-02
  0.5785000E-01  0.4854165E-02
  0.5790000E-01  0.4884807E-02
  0.5795000E-01  0.4915462E-02
  0.5800000E-01  0.4946158E-02
  0.5805000E-01  0.4976925E-02
  0.5810000E-01  0.5007755E-02
  0.5815000E-01  0.5038661E-02
  0.5820000E-01  0.5069647E-02
  0.5825000E-01  0.5100653E-02
  0.5830000E-01  0.5131625E-02
  0.5835000E-01  0.5162523E-02
  0.5840000E-01  0.5193299E-02
  0.5845000E-01  0.5223924E-02
  0.5850000E-01  0.5254446E-02
  0.5855000E-01  0.5284914E-02
  0.5860000E-01  0.5315359E-02
  0.5865000E-01  0.5345810E-02
  0.5870000E-01  0.5376292E-02
  0.5875000E-01  0.5406797E-02
  0.5880000E-01  0.5437297E-02
  0.5885000E-01  0.5467768E-02
  0.5890000E-01  0.5498246E-02
  0.5895000E-01  0.5528776E-02
  0.5900000E-01  0.5559368E-02
  0.5905000E-01  0.5590007E-02
  0.5910000E-01  0.5620683E-02
  0.5915000E-01  0.5651361E-02
  0.5920000E-01  0.5681997E-02
  0.5925000E-01  0.5712551E-02
  0.5930000E-01  0.5743036E-02
  0.5935000E-01  0.5773501E-02
  0.5940000E-01  0.5803966E-02
  0.5945000E-01  0.5834463E-02
  0.5950000E-01  0.5865055E-02
  0.5955000E-01  0.5895738E-02
  0.5960000E-01  0.5926462E-02
  0.5965000E-01  0.5957182E-02
  0.5970000E-01  0.5987910E-02
  0.5975000E-01  0.6018651E-02
  0.5980000E-01  0.6049407E-02
  0.5985000E-01  0.6080156E-02
  0.5990000E-01  0.6110909E-02
  0.5995000E-01  0.6141730E-02
  0.6000000E-01  0.6172638E-02
  0.6005000E-01  0.6203621E-02
  0.6010000E-01  0.6234654E-02
  0.6015000E-01  0.6265703E-02
  0.6020000E-01  0.6296748E-02
  0.6025000E-01  0.6327777E-02
  0.6030000E-01  0.6358797E-02
  0.6035000E-01  0.6389793E-02
  0.6040000E-01  0.6420781E-02
  0.6045000E-01  0.6451784E-02
  0.6050000E-01  0.6482797E-02
  0.6055000E-01  0.6513850E-02
  0.6060000E-01  0.6544956E-02
  0.6065000E-01  0.6576116E-02
  0.6070000E-01  0.6607332E-02
  0.6075000E-01  0.6638615E-02
  0.6080000E-01  0.6669961E-02
  0.6085000E-01  0.6701308E-02
  0.6090000E-01  0.6732661E-02
  0.6095000E-01  0.6764086E-02
  0.6100000E-01  0.6795600E-02
  0.6105000E-01  0.6827161E-02
  0.6110000E-01  0.6858726E-02
  0.6115000E-01  0.6890301E-02
  0.6120000E-01  0.6921915E-02
  0.6125000E-01  0.6953535E-02
  0.6130000E-01  0.6985111E-02
  0.6135000E-01  0.7016635E-02
  0.6140000E-01  0.7048104E-02
  0.6145000E-01  0.7079503E-02
  0.6150000E-01  0.7110854E-02
  0.6155000E-01  0.7142155E-02
  0.6160000E-01  0.7173398E-02
  0.6165000E-01  0.7204582E-02
  0.6170000E-01  0.7235674E-02
  0.6175000E-01  0.7266639E-02
  0.6180000E-01  0.7297503E-02
  0.6185000E-01  0.7328327E-02
  0.6190000E-01  0.7359137E-02
  0.6195000E-01  0.7389895E-02
  0.6200000E-01  0.7420550E-02
  0.6205000E-01  0.7451129E-02
  0.6210000E-01  0.7481714E-02
  0.6215000E-01  0.7512364E-02
  0.6220000E-01  0.7543087E-02
  0.6225000E-01  0.7573871E-02
  0.6230000E-01  0.7604691E-02
  0.6235000E-01  0.7635525E-02
  0.6240000E-01  0.7666352E-02
  0.6245000E-01  0.7697152E-02
  0.6250000E-01  0.7727919E-02
  0.6255000E-01  0.7758676E-02
  0.6260000E-01  0.7789412E-02
  0.6265000E-01  0.7820118E-02
  0.6270000E-01  0.7850791E-02
  0.6275000E-01  0.7881447E-02
  0.6280000E-01  0.7912088E-02
  0.6285000E-01  0.7942767E-02
  0.6290000E-01  0.7973542E-02
  0.6295000E-01  0.8004419E-02
  0.6300000E-01  0.8035358E-02
  0.6305000E-01  0.8066350E-02
  0.6310000E-01  0.8097401E-02
  0.6315000E-01  0.8128502E-02
  0.6320000E-01  0.8159594E-02
  0.6325000E-01  0.8190626E-02
  0.6330000E-01  0.8221595E-02
  0.6335000E-01  0.8252482E-02
  0.6340000E-01  0.8283293E-02
  0.6345000E-01  0.8314049E-02
  0.6350000E-01  0.8344745E-02
  0.6355000E-01  0.8375387E-02
  0.6360000E-01  0.8406006E-02
  0.6365000E-01  0.8436607E-02
  0.6370000E-01  0.8467197E-02
  0.6375000E-01  0.8497799E-02
  0.6380000E-01  0.8528443E-02
  0.6385000E-01  0.8559140E-02
  0.6390000E-01  0.8589897E-02
  0.6395000E-01  0.8620681E-02
  0.6400000E-01  0.8651525E-02
  0.6405000E-01  0.8682433E-02
  0.6410000E-01  0.8713406E-02
  0.6415000E-01  0.8744503E-02
  0.6420000E-01  0.8775773E-02
  0.6425000E-01  0.8807181E-02
  0.6430000E-01  0.8838659E-02
  0.6435000E-01  0.8870173E-02
  0.6440000E-01  0.8901697E-02
  0.6445000E-01  0.8933185E-02
  0.6450000E-01  0.8964572E-02
  0.6455000E-01  0.8995862E-02
  0.6460000E-01  0.9027052E-02
  0.6465000E-01  0.9058167E-02
  0.6470000E-01  0.9089245E-02
  0.6475000E-01  0.9120241E-02
  0.6480000E-01  0.9151122E-02
  0.6485000E-01  0.9181942E-02
  0.6490000E-01  0.9212771E-02
  0.6495000E-01  0.9243692E-02
  0.6500000E-01  0.9274670E-02
  0.6505000E-01  0.9305634E-02
  0.6510000E-01  0.9336559E-02
  0.6515000E-01  0.9367476E-02
  0.6520000E-01  0.9398421E-02
  0.6525000E-01  0.9429395E-02
  0.6530000E-01  0.9460375E-02
  0.6535000E-01  0.9491372E-02
  0.6540000E-01  0.9522416E-02
  0.6545000E-01  0.9553546E-02
  0.6550000E-01  0.9584758E-02
  0.6555000E-01  0.9616040E-02
  0.6560000E-01  0.9647398E-02
  0.6565000E-01  0.9678800E-02
  0.6570000E-01  0.9710209E-02
  0.6575000E-01  0.9741602E-02
  0.6580000E-01  0.9772979E-02
  0.6585000E-01  0.9804369E-02
  0.6590000E-01  0.9835737E-02
  0.6595000E-01  0.9867042E-02
  0.6600000E-01  0.9898292E-02
  0.6605000E-01  0.9929498E-02
  0.6610000E-01  0.9960654E-02
  0.6615000E-01  0.9991756E-02
  0.6620000E-01  0.1002277E-01
  0.6625000E-01  0.1005365E-01
  0.6630000E-01  0.1008440E-01
  0.6635000E-01  0.1011505E-01
  0.6640000E-01  0.1014560E-01
  0.6645000E-01  0.1017604E-01
  0.6650000E-01  0.1020636E-01
  0.6655000E-01  0.1023657E-01
  0.6660000E-01  0.1026678E-01
  0.6665000E-01  0.1029711E-01
  0.6670000E-01  0.1032765E-01
  0.6675000E-01  0.1035842E-01
  0.6680000E-01  0.1038931E-01
  0.6685000E-01  0.1042025E-01
  0.6690000E-01  0.1045123E-01
  0.6695000E-01  0.1048214E-01
  0.6700000E-01  0.1051293E-01
  0.6705000E-01  0.1054360E-01
  0.6710000E-01  0.1057422E-01
  0.6715000E-01  0.1060484E-01
  0.6720000E-01  0.1063547E-01
  0.6725000E-01  0.1066607E-01
  0.6730000E-01  0.1069671E-01
  0.6735000E-01  0.1072742E-01
  0.6740000E-01  0.1075818E-01
  0.6745000E-01  0.1078898E-01
  0.6750000E-01  0.1081980E-01
  0.6755000E-01  0.1085062E-01
  0.6760000E-01  0.1088145E-01
  0.6765000E-01  0.1091233E-01
  0.6770000E-01  0.1094326E-01
  0.6775000E-01  0.1097426E-01
  0.6780000E-01  0.1100533E-01
  0.6785000E-01  0.1103641E-01
  0.6790000E-01  0.1106745E-01
  0.6795000E-01  0.1109847E-01
  0.6800000E-01  0.1112947E-01
  0.6805000E-01  0.1116053E-01
  0.6810000E-01  0.1119167E-01
  0.6815000E-01  0.1122289E-01
  0.6820000E-01  0.1125418E-01
  0.6825000E-01  0.1128551E-01
  0.6830000E-01  0.1131687E-01
  0.6835000E-01  0.1134821E-01
  0.6840000E-01  0.1137945E-01
  0.6845000E-01  0.1141067E-01
  0.6850000E-01  0.1144194E-01
  0.6855000E-01  0.1147322E-01
  0.6860000E-01  0.1150450E-01
  0.6865000E-01  0.1153585E-01
  0.6870000E-01  0.1156730E-01
  0.6875000E-01  0.1159880E-01
  0.6880000E-01  0.1163034E-01
  0.6885000E-01  0.1166195E-01
  0.6890000E-01  0.1169365E-01
  0.6895000E-01  0.1172535E-01
  0.6900000E-01  0.1175702E-01
  0.6905000E-01  0.1178861E-01
  0.6910000E-01  0.1182012E-01
  0.6915000E-01  0.1185156E-01
  0.6920000E-01  0.1188292E-01
  0.6925000E-01  0.1191424E-01
  0.6930000E-01  0.1194556E-01
  0.6935000E-01  0.1197694E-01
  0.6940000E-01  0.1200841E-01
  0.6945000E-01  0.1203995E-01
  0.6950000E-01  0.1207155E-01
  0.6955000E-01  0.1210319E-01
  0.6960000E-01  0.1213478E-01
  0.6965000E-01  0.1216630E-01
  0.6970000E-01  0.1219773E-01
  0.6975000E-01  0.1222908E-01
  0.6980000E-01  0.1226033E-01
  0.6985000E-01  0.1229155E-01
  0.6990000E-01  0.1232280E-01
  0.6995000E-01  0.1235408E-01
  0.7000000E-01  0.1238536E-01
  0.7005000E-01  0.1241666E-01
  0.7010000E-01  0.1244795E-01
  0.7015000E-01  0.1247922E-01
  0.7020000E-01  0.1251049E-01
  0.7025000E-01  0.1254184E-01
  0.7030000E-01  0.1257330E-01
  0.7035000E-01  0.1260486E-01
  0.7040000E-01  0.1263653E-01
  0.7045000E-01  0.1266825E-01
  0.7050000E-01  0.1269996E-01
  0.7055000E-01  0.1273156E-01
  0.7060000E-01  0.1276301E-01
  0.7065000E-01  0.1279431E-01
  0.7070000E-01  0.1282551E-01
  0.7075000E-01  0.1285668E-01
  0.7080000E-01  0.1288786E-01
  0.7085000E-01  0.1291905E-01
  0.7090000E-01  0.1295021E-01
  0.7095000E-01  0.1298131E-01
  0.7100000E-01  0.1301242E-01
  0.7105000E-01  0.1304354E-01
  0.7110000E-01  0.1307465E-01
  0.7115000E-01  0.1310571E-01
  0.7120000E-01  0.1313675E-01
  0.7125000E-01  0.1316776E-01
  0.7130000E-01  0.1319870E-01
  0.7135000E-01  0.1322956E-01
  0.7140000E-01  0.1326031E-01
  0.7145000E-01  0.1329091E-01
  0.7150000E-01  0.1332136E-01
  0.7155000E-01  0.1335166E-01
  0.7160000E-01  0.1338187E-01
  0.7165000E-01  0.1341205E-01
  0.7170000E-01  0.1344234E-01
  0.7175000E-01  0.1347280E-01
  0.7180000E-01  0.1350346E-01
  0.7185000E-01  0.1353432E-01
  0.7190000E-01  0.1356531E-01
  0.7195000E-01  0.1359637E-01
  0.7200000E-01  0.1362749E-01
  0.7205000E-01  0.1365860E-01
  0.7210000E-01  0.1368965E-01
  0.7215000E-01  0.1372058E-01
  0.7220000E-01  0.1375137E-01
  0.7225000E-01  0.1378194E-01
  0.7230000E-01  0.1381233E-01
  0.7235000E-01  0.1384260E-01
  0.7240000E-01  0.1387281E-01
  0.7245000E-01  0.1390304E-01
  0.7250000E-01  0.1393329E-01
  0.7255000E-01  0.1396362E-01
  0.7260000E-01  0.1399400E-01
  0.7265000E-01  0.1402444E-01
  0.7270000E-01  0.1405488E-01
  0.7275000E-01  0.1408528E-01
  0.7280000E-01  0.1411561E-01
  0.7285000E-01  0.1414586E-01
  0.7290000E-01  0.1417601E-01
  0.7295000E-01  0.1420618E-01
  0.7300000E-01  0.1423639E-01
  0.7305000E-01  0.1426663E-01
  0.7310000E-01  0.1429695E-01
  0.7315000E-01  0.1432738E-01
  0.7320000E-01  0.1435795E-01
  0.7325000E-01  0.1438863E-01
  0.7330000E-01  0.1441938E-01
  0.7335000E-01  0.1445021E-01
  0.7340000E-01  0.1448112E-01
  0.7345000E-01  0.1451208E-01
  0.7350000E-01  0.1454305E-01
  0.7355000E-01  0.1457403E-01
  0.7360000E-01  0.1460503E-01
  0.7365000E-01  0.1463603E-01
  0.7370000E-01  0.1466701E-01
  0.7375000E-01  0.1469790E-01
  0.7380000E-01  0.1472866E-01
  0.7385000E-01  0.1475927E-01
  0.7390000E-01  0.1478977E-01
  0.7395000E-01  0.1482021E-01
  0.7400000E-01  0.1485069E-01
  0.7405000E-01  0.1488120E-01
  0.7410000E-01  0.1491167E-01
  0.7415000E-01  0.1494208E-01
  0.7420000E-01  0.1497253E-01
  0.7425000E-01  0.1500316E-01
  0.7430000E-01  0.1503389E-01
  0.7435000E-01  0.1506458E-01
  0.7440000E-01  0.1509525E-01
  0.7445000E-01  0.1512594E-01
  0.7450000E-01  0.1515664E-01
  0.7455000E-01  0.1518736E-01
  0.7460000E-01  0.1521807E-01
  0.7465000E-01  0.1524881E-01
  0.7470000E-01  0.1527964E-01
  0.7475000E-01  0.1531065E-01
  0.7480000E-01  0.1534188E-01
  0.7485000E-01  0.1537324E-01
  0.7490000E-01  0.1540460E-01
  0.7495000E-01  0.1543584E-01
  0.7500000E-01  0.1546688E-01
  0.7505000E-01  0.1549771E-01
  0.7510000E-01  0.1552835E-01
  0.7515000E-01  0.1555883E-01
  0.7520000E-01  0.1558919E-01
  0.7525000E-01  0.1561950E-01
  0.7530000E-01  0.1564991E-01
  0.7535000E-01  0.1568044E-01
  0.7540000E-01  0.1571108E-01
  0.7545000E-01  0.1574185E-01
  0.7550000E-01  0.1577280E-01
  0.7555000E-01  0.1580390E-01
  0.7560000E-01  0.1583512E-01
  0.7565000E-01  0.1586638E-01
  0.7570000E-01  0.1589772E-01
  0.7575000E-01  0.1592902E-01
  0.7580000E-01  0.1596024E-01
  0.7585000E-01  0.1599141E-01
  0.7590000E-01  0.1602252E-01
  0.7595000E-01  0.1605358E-01
  0.7600000E-01  0.1608463E-01
  0.7605000E-01  0.1611574E-01
  0.7610000E-01  0.1614694E-01
  0.7615000E-01  0.1617827E-01
  0.7620000E-01  0.1620967E-01
  0.7625000E-01  0.1624105E-01
  0.7630000E-01  0.1627227E-01
  0.7635000E-01  0.1630328E-01
  0.7640000E-01  0.1633413E-01
  0.7645000E-01  0.1636478E-01
  0.7650000E-01  0.1639522E-01
  0.7655000E-01  0.1642548E-01
  0.7660000E-01  0.1645559E-01
  0.7665000E-01  0.1648562E-01
  0.7670000E-01  0.1651564E-01
  0.7675000E-01  0.1654567E-01
  0.7680000E-01  0.1657572E-01
  0.7685000E-01  0.1660572E-01
  0.7690000E-01  0.1663571E-01
  0.7695000E-01  0.1666577E-01
  0.7700000E-01  0.1669586E-01
  0.7705000E-01  0.1672596E-01
  0.7710000E-01  0.1675615E-01
  0.7715000E-01  0.1678650E-01
  0.7720000E-01  0.1681700E-01
  0.7725000E-01  0.1684767E-01
  0.7730000E-01  0.1687849E-01
  0.7735000E-01  0.1690936E-01
  0.7740000E-01  0.1694027E-01
  0.7745000E-01  0.1697124E-01
  0.7750000E-01  0.1700226E-01
  0.7755000E-01  0.1703326E-01
  0.7760000E-01  0.1706416E-01
  0.7765000E-01  0.1709491E-01
  0.7770000E-01  0.1712550E-01
  0.7775000E-01  0.1715591E-01
  0.7780000E-01  0.1718610E-01
  0.7785000E-01  0.1721614E-01
  0.7790000E-01  0.1724613E-01
  0.7795000E-01  0.1727612E-01
  0.7800000E-01  0.1730613E-01
  0.7805000E-01  0.1733620E-01
  0.7810000E-01  0.1736640E-01
  0.7815000E-01  0.1739677E-01
  0.7820000E-01  0.1742718E-01
  0.7825000E-01  0.1745762E-01
  0.7830000E-01  0.1748797E-01
  0.7835000E-01  0.1751821E-01
  0.7840000E-01  0.1754844E-01
  0.7845000E-01  0.1757872E-01
  0.7850000E-01  0.1760900E-01
  0.7855000E-01  0.1763913E-01
  0.7860000E-01  0.1766913E-01
  0.7865000E-01  0.1769907E-01
  0.7870000E-01  0.1772902E-01
  0.7875000E-01  0.1775902E-01
  0.7880000E-01  0.1778919E-01
  0.7885000E-01  0.1781954E-01
  0.7890000E-01  0.1785003E-01
  0.7895000E-01  0.1788064E-01
  0.7900000E-01  0.1791142E-01
  0.7905000E-01  0.1794240E-01
  0.7910000E-01  0.1797353E-01
  0.7915000E-01  0.1800479E-01
  0.7920000E-01  0.1803609E-01
  0.7925000E-01  0.1806738E-01
  0.7930000E-01  0.1809873E-01
  0.7935000E-01  0.1813018E-01
  0.7940000E-01  0.1816166E-01
  0.7945000E-01  0.1819309E-01
  0.7950000E-01  0.1822438E-01
  0.7955000E-01  0.1825554E-01
  0.7960000E-01  0.1828665E-01
  0.7965000E-01  0.1831773E-01
  0.7970000E-01  0.1834874E-01
  0.7975000E-01  0.1837979E-01
  0.7980000E-01  0.1841091E-01
  0.7985000E-01  0.1844203E-01
  0.7990000E-01  0.1847320E-01
  0.7995000E-01  0.1850457E-01
  0.8000000E-01  0.1853628E-01
  0.8005000E-01  0.1856830E-01
  0.8010000E-01  0.1860047E-01
  0.8015000E-01  0.1863275E-01
  0.8020000E-01  0.1866503E-01
  0.8025000E-01  0.1869718E-01
  0.8030000E-01  0.1872920E-01
  0.8035000E-01  0.1876100E-01
  0.8040000E-01  0.1879258E-01
  0.8045000E-01  0.1882398E-01
  0.8050000E-01  0.1885518E-01
  0.8055000E-01  0.1888616E-01
  0.8060000E-01  0.1891686E-01
  0.8065000E-01  0.1894735E-01
  0.8070000E-01  0.1897768E-01
  0.8075000E-01  0.1900792E-01
  0.8080000E-01  0.1903811E-01
  0.8085000E-01  0.1906832E-01
  0.8090000E-01  0.1909872E-01
  0.8095000E-01  0.1912933E-01
  0.8100000E-01  0.1916003E-01
  0.8105000E-01  0.1919072E-01
  0.8110000E-01  0.1922140E-01
  0.8115000E-01  0.1925212E-01
  0.8120000E-01  0.1928278E-01
  0.8125000E-01  0.1931337E-01
  0.8130000E-01  0.1934395E-01
  0.8135000E-01  0.1937456E-01
  0.8140000E-01  0.1940511E-01
  0.8145000E-01  0.1943553E-01
  0.8150000E-01  0.1946582E-01
  0.8155000E-01  0.1949609E-01
  0.8160000E-01  0.1952657E-01
  0.8165000E-01  0.1955724E-01
  0.8170000E-01  0.1958802E-01
  0.8175000E-01  0.1961880E-01
  0.8180000E-01  0.1964954E-01
  0.8185000E-01  0.1968025E-01
  0.8190000E-01  0.1971088E-01
  0.8195000E-01  0.1974135E-01
  0.8200000E-01  0.1977161E-01
  0.8205000E-01  0.1980172E-01
  0.8210000E-01  0.1983166E-01
  0.8215000E-01  0.1986157E-01
  0.8220000E-01  0.1989159E-01
  0.8225000E-01  0.1992178E-01
  0.8230000E-01  0.1995208E-01
  0.8235000E-01  0.1998238E-01
  0.8240000E-01  0.2001266E-01
  0.8245000E-01  0.2004291E-01
  0.8250000E-01  0.2007317E-01
  0.8255000E-01  0.2010344E-01
  0.8260000E-01  0.2013360E-01
  0.8265000E-01  0.2016359E-01
  0.8270000E-01  0.2019333E-01
  0.8275000E-01  0.2022282E-01
  0.8280000E-01  0.2025214E-01
  0.8285000E-01  0.2028142E-01
  0.8290000E-01  0.2031074E-01
  0.8295000E-01  0.2034005E-01
  0.8300000E-01  0.2036934E-01
  0.8305000E-01  0.2039873E-01
  0.8310000E-01  0.2042821E-01
  0.8315000E-01  0.2045780E-01
  0.8320000E-01  0.2048758E-01
  0.8325000E-01  0.2051745E-01
  0.8330000E-01  0.2054748E-01
  0.8335000E-01  0.2057772E-01
  0.8340000E-01  0.2060791E-01
  0.8345000E-01  0.2063794E-01
  0.8350000E-01  0.2066778E-01
  0.8355000E-01  0.2069733E-01
  0.8360000E-01  0.2072663E-01
  0.8365000E-01  0.2075583E-01
  0.8370000E-01  0.2078483E-01
  0.8375000E-01  0.2081354E-01
  0.8380000E-01  0.2084203E-01
  0.8385000E-01  0.2087042E-01
  0.8390000E-01  0.2089892E-01
  0.8395000E-01  0.2092752E-01
  0.8400000E-01  0.2095619E-01
  0.8405000E-01  0.2098496E-01
  0.8410000E-01  0.2101381E-01
  0.8415000E-01  0.2104287E-01
  0.8420000E-01  0.2107217E-01
  0.8425000E-01  0.2110158E-01
  0.8430000E-01  0.2113091E-01
  0.8435000E-01  0.2116008E-01
  0.8440000E-01  0.2118926E-01
  0.8445000E-01  0.2121839E-01
  0.8450000E-01  0.2124748E-01
  0.8455000E-01  0.2127658E-01
  0.8460000E-01  0.2130582E-01
  0.8465000E-01  0.2133527E-01
  0.8470000E-01  0.2136497E-01
  0.8475000E-01  0.2139488E-01
  0.8480000E-01  0.2142505E-01
  0.8485000E-01  0.2145532E-01
  0.8490000E-01  0.2148552E-01
  0.8495000E-01  0.2151568E-01
  0.8500000E-01  0.2154589E-01
  0.8505000E-01  0.2157606E-01
  0.8510000E-01  0.2160611E-01
  0.8515000E-01  0.2163606E-01
  0.8520000E-01  0.2166601E-01
  0.8525000E-01  0.2169594E-01
  0.8530000E-01  0.2172597E-01
  0.8535000E-01  0.2175618E-01
  0.8540000E-01  0.2178660E-01
  0.8545000E-01  0.2181703E-01
  0.8550000E-01  0.2184735E-01
  0.8555000E-01  0.2187753E-01
  0.8560000E-01  0.2190756E-01
  0.8565000E-01  0.2193753E-01
  0.8570000E-01  0.2196741E-01
  0.8575000E-01  0.2199711E-01
  0.8580000E-01  0.2202669E-01
  0.8585000E-01  0.2205605E-01
  0.8590000E-01  0.2208515E-01
  0.8595000E-01  0.2211398E-01
  0.8600000E-01  0.2214254E-01
  0.8605000E-01  0.2217098E-01
  0.8610000E-01  0.2219934E-01
  0.8615000E-01  0.2222765E-01
  0.8620000E-01  0.2225579E-01
  0.8625000E-01  0.2228369E-01
  0.8630000E-01  0.2231131E-01
  0.8635000E-01  0.2233863E-01
  0.8640000E-01  0.2236591E-01
  0.8645000E-01  0.2239354E-01
  0.8650000E-01  0.2242161E-01
  0.8655000E-01  0.2244990E-01
  0.8660000E-01  0.2247841E-01
  0.8665000E-01  0.2250713E-01
  0.8670000E-01  0.2253599E-01
  0.8675000E-01  0.2256485E-01
  0.8680000E-01  0.2259372E-01
  0.8685000E-01  0.2262276E-01
  0.8690000E-01  0.2265183E-01
  0.8695000E-01  0.2268094E-01
  0.8700000E-01  0.2271021E-01
  0.8705000E-01  0.2273981E-01
  0.8710000E-01  0.2276984E-01
  0.8715000E-01  0.2280013E-01
  0.8720000E-01  0.2283041E-01
  0.8725000E-01  0.2286075E-01
  0.8730000E-01  0.2289110E-01
  0.8735000E-01  0.2292158E-01
  0.8740000E-01  0.2295252E-01
  0.8745000E-01  0.2298390E-01
  0.8750000E-01  0.2301549E-01
  0.8755000E-01  0.2304710E-01
  0.8760000E-01  0.2307873E-01
  0.8765000E-01  0.2311033E-01
  0.8770000E-01  0.2314187E-01
  0.8775000E-01  0.2317323E-01
  0.8780000E-01  0.2320438E-01
  0.8785000E-01  0.2323516E-01
  0.8790000E-01  0.2326548E-01
  0.8795000E-01  0.2329549E-01
  0.8800000E-01  0.2332548E-01
  0.8805000E-01  0.2335558E-01
  0.8810000E-01  0.2338557E-01
  0.8815000E-01  0.2341535E-01
  0.8820000E-01  0.2344502E-01
  0.8825000E-01  0.2347460E-01
  0.8830000E-01  0.2350426E-01
  0.8835000E-01  0.2353394E-01
  0.8840000E-01  0.2356366E-01
  0.8845000E-01  0.2359355E-01
  0.8850000E-01  0.2362346E-01
  0.8855000E-01  0.2365316E-01
  0.8860000E-01  0.2368250E-01
  0.8865000E-01  0.2371146E-01
  0.8870000E-01  0.2374011E-01
  0.8875000E-01  0.2376856E-01
  0.8880000E-01  0.2379684E-01
  0.8885000E-01  0.2382485E-01
  0.8890000E-01  0.2385266E-01
  0.8895000E-01  0.2388034E-01
  0.8900000E-01  0.2390773E-01
  0.8905000E-01  0.2393498E-01
  0.8910000E-01  0.2396226E-01
  0.8915000E-01  0.2398937E-01
  0.8920000E-01  0.2401638E-01
  0.8925000E-01  0.2404325E-01
  0.8930000E-01  0.2406992E-01
  0.8935000E-01  0.2409674E-01
  0.8940000E-01  0.2412387E-01
  0.8945000E-01  0.2415135E-01
  0.8950000E-01  0.2417914E-01
  0.8955000E-01  0.2420706E-01
  0.8960000E-01  0.2423496E-01
  0.8965000E-01  0.2426294E-01
  0.8970000E-01  0.2429105E-01
  0.8975000E-01  0.2431926E-01
  0.8980000E-01  0.2434755E-01
  0.8985000E-01  0.2437578E-01
  0.8990000E-01  0.2440383E-01
  0.8995000E-01  0.2443187E-01
  0.9000000E-01  0.2445990E-01
  0.9005000E-01  0.2448798E-01
  0.9010000E-01  0.2451627E-01
  0.9015000E-01  0.2454485E-01
  0.9020000E-01  0.2457378E-01
  0.9025000E-01  0.2460285E-01
  0.9030000E-01  0.2463187E-01
  0.9035000E-01  0.2466062E-01
  0.9040000E-01  0.2468892E-01
  0.9045000E-01  0.2471690E-01
  0.9050000E-01  0.2474460E-01
  0.9055000E-01  0.2477212E-01
  0.9060000E-01  0.2479938E-01
  0.9065000E-01  0.2482660E-01
  0.9070000E-01  0.2485392E-01
  0.9075000E-01  0.2488138E-01
  0.9080000E-01  0.2490893E-01
  0.9085000E-01  0.2493623E-01
  0.9090000E-01  0.2496307E-01
  0.9095000E-01  0.2498955E-01
  0.9100000E-01  0.2501558E-01
  0.9105000E-01  0.2504122E-01
  0.9110000E-01  0.2506662E-01
  0.9115000E-01  0.2509189E-01
  0.9120000E-01  0.2511722E-01
  0.9125000E-01  0.2514269E-01
  0.9130000E-01  0.2516822E-01
  0.9135000E-01  0.2519384E-01
  0.9140000E-01  0.2521955E-01
  0.9145000E-01  0.2524536E-01
  0.9150000E-01  0.2527124E-01
  0.9155000E-01  0.2529705E-01
  0.9160000E-01  0.2532286E-01
  0.9165000E-01  0.2534888E-01
  0.9170000E-01  0.2537510E-01
  0.9175000E-01  0.2540146E-01
  0.9180000E-01  0.2542793E-01
  0.9185000E-01  0.2545457E-01
  0.9190000E-01  0.2548139E-01
  0.9195000E-01  0.2550841E-01
  0.9200000E-01  0.2553543E-01
  0.9205000E-01  0.2556238E-01
  0.9210000E-01  0.2558920E-01
  0.9215000E-01  0.2561574E-01
  0.9220000E-01  0.2564196E-01
  0.9225000E-01  0.2566774E-01
  0.9230000E-01  0.2569325E-01
  0.9235000E-01  0.2571868E-01
  0.9240000E-01  0.2574417E-01
  0.9245000E-01  0.2576977E-01
  0.9250000E-01  0.2579542E-01
  0.9255000E-01  0.2582135E-01
  0.9260000E-01  0.2584772E-01
  0.9265000E-01  0.2587441E-01
  0.9270000E-01  0.2590122E-01
  0.9275000E-01  0.2592789E-01
  0.9280000E-01  0.2595442E-01
  0.9285000E-01  0.2598075E-01
  0.9290000E-01  0.2600653E-01
  0.9295000E-01  0.2603178E-01
  0.9300000E-01  0.2605669E-01
  0.9305000E-01  0.2608154E-01
  0.9310000E-01  0.2610677E-01
  0.9315000E-01  0.2613236E-01
  0.9320000E-01  0.2615815E-01
  0.9325000E-01  0.2618379E-01
  0.9330000E-01  0.2620873E-01
  0.9335000E-01  0.2623268E-01
  0.9340000E-01  0.2625576E-01
  0.9345000E-01  0.2627811E-01
  0.9350000E-01  0.2629975E-01
  0.9355000E-01  0.2632080E-01
  0.9360000E-01  0.2634139E-01
  0.9365000E-01  0.2636185E-01
  0.9370000E-01  0.2638239E-01
  0.9375000E-01  0.2640339E-01
  0.9380000E-01  0.2642455E-01
  0.9385000E-01  0.2644559E-01
  0.9390000E-01  0.2646644E-01
  0.9395000E-01  0.2648718E-01
  0.9400000E-01  0.2650761E-01
  0.9405000E-01  0.2652759E-01
  0.9410000E-01  0.2654730E-01
  0.9415000E-01  0.2656716E-01
  0.9420000E-01  0.2658729E-01
  0.9425000E-01  0.2660765E-01
  0.9430000E-01  0.2662823E-01
  0.9435000E-01  0.2664875E-01
  0.9440000E-01  0.2666904E-01
  0.9445000E-01  0.2668930E-01
  0.9450000E-01  0.2670941E-01
  0.9455000E-01  0.2672927E-01
  0.9460000E-01  0.2674845E-01
  0.9465000E-01  0.2676665E-01
  0.9470000E-01  0.2678409E-01
  0.9475000E-01  0.2680088E-01
  0.9480000E-01  0.2681667E-01
  0.9485000E-01  0.2683155E-01
  0.9490000E-01  0.2684594E-01
  0.9495000E-01  0.2686009E-01
  0.9500000E-01  0.2687340E-01
  0.9505000E-01  0.2688553E-01
  0.9510000E-01  0.2689668E-01
  0.9515000E-01  0.2690692E-01
  0.9520000E-01  0.2691654E-01
  0.9525000E-01  0.2692585E-01
  0.9530000E-01  0.2693492E-01
  0.9535000E-01  0.2694391E-01
  0.9540000E-01  0.2695261E-01
  0.9545000E-01  0.2696127E-01
  0.9550000E-01  0.2696930E-01
  0.9555000E-01  0.2697658E-01
  0.9560000E-01  0.2698294E-01
  0.9565000E-01  0.2698831E-01
  0.9570000E-01  0.2699294E-01
  0.9575000E-01  0.2699699E-01
  0.9580000E-01  0.2700026E-01
  0.9585000E-01  0.2700316E-01
  0.9590000E-01  0.2700616E-01
  0.9595000E-01  0.2700955E-01
  0.9600000E-01  0.2701324E-01
  0.9605000E-01  0.2701681E-01
  0.9610000E-01  0.2701961E-01
  0.9615000E-01  0.2702197E-01
  0.9620000E-01  0.2702423E-01
  0.9625000E-01  0.2702685E-01
  0.9630000E-01  0.2702953E-01
  0.9635000E-01  0.2703235E-01
  0.9640000E-01  0.2703502E-01
  0.9645000E-01  0.2703759E-01
  0.9650000E-01  0.2703998E-01
  0.9655000E-01  0.2704238E-01
  0.9660000E-01  0.2704475E-01
  0.9665000E-01  0.2704718E-01
  0.9670000E-01  0.2704961E-01
  0.9675000E-01  0.2705182E-01
  0.9680000E-01  0.2705337E-01
  0.9685000E-01  0.2705450E-01
  0.9690000E-01  0.2705549E-01
  0.9695000E-01  0.2705658E-01
  0.9700000E-01  0.2705778E-01
  0.9705000E-01  0.2705906E-01
  0.9710000E-01  0.2705982E-01
  0.9715000E-01  0.2705975E-01
  0.9720000E-01  0.2705826E-01
  0.9725000E-01  0.2705538E-01
  0.9730000E-01  0.2705067E-01
  0.9735000E-01  0.2704469E-01
  0.9740000E-01  0.2703721E-01
  0.9745000E-01  0.2702830E-01
  0.9750000E-01  0.2701694E-01
  0.9755000E-01  0.2700267E-01
  0.9760000E-01  0.2698432E-01
  0.9765000E-01  0.2696054E-01
  0.9770000E-01  0.2692923E-01
  0.9775000E-01  0.2688975E-01
  0.9780000E-01  0.2684036E-01
  0.9785000E-01  0.2677873E-01
  0.9790000E-01  0.2670124E-01
  0.9795000E-01  0.2660545E-01
  0.9800000E-01  0.2648782E-01
  0.9805000E-01  0.2634518E-01
  0.9810000E-01  0.2617293E-01
  0.9815000E-01  0.2596748E-01
  0.9820000E-01  0.2572438E-01
  0.9825000E-01  0.2544031E-01
  0.9830000E-01  0.2511072E-01
  0.9835000E-01  0.2473299E-01
  0.9840000E-01  0.2430353E-01
  0.9845000E-01  0.2382072E-01
  0.9850000E-01  0.2328187E-01
  0.9855000E-01  0.2268692E-01
  0.9860000E-01  0.2203606E-01
  0.9865000E-01  0.2133126E-01
  0.9870000E-01  0.2057365E-01
  0.9875000E-01  0.1976536E-01
  0.9880000E-01  0.1890859E-01
  0.9885000E-01  0.1800596E-01
  0.9890000E-01  0.1706010E-01
  0.9895000E-01  0.1607383E-01
  0.9900000E-01  0.1505044E-01
  0.9905000E-01  0.1399343E-01
  0.9910000E-01  0.1290743E-01
  0.9915000E-01  0.1179820E-01
  0.9920000E-01  0.1067267E-01
  0.9925000E-01  0.9539058E-02
  0.9930000E-01  0.8407357E-02
  0.9935000E-01  0.7289474E-02
  0.9940000E-01  0.6199126E-02
  0.9945000E-01  0.5151996E-02
  0.9950000E-01  0.4165480E-02
  0.9955000E-01  0.3257296E-02
  0.9960000E-01  0.2443806E-02
  0.9965000E-01  0.1739887E-02
  0.9970000E-01  0.1156651E-02
  0.9975000E-01  0.7000401E-03
  0.9980000E-01  0.3691339E-03
  0.9985000E-01  0.1551370E-03
  0.9990000E-01  0.4059013E-04
  0.9995000E-01  0.0000000E+00
  0.1000000E+00  0.0000000E+00
