  0.0000000E+00  0.0000000E+00
  0.5000000E-04  0.2362883E-16
  0.1000000E-03  0.2362883E-16
  0.1500000E-03 -0.4106743E-04
  0.2000000E-03 -0.1566795E-03
  0.2500000E-03 -0.3719621E-03
  0.3000000E-03 -0.7044015E-03
  0.3500000E-03 -0.1163373E-02
  0.4000000E-03 -0.1749051E-02
  0.4500000E-03 -0.2455037E-02
  0.5000000E-03 -0.3270292E-02
  0.5500000E-03 -0.4179887E-02
  0.6000000E-03 -0.5166828E-02
  0.6500000E-03 -0.6213758E-02
  0.7000000E-03 -0.7303694E-02
  0.7500000E-03 -0.8420970E-02
  0.8000000E-03 -0.9551783E-02
  0.8500000E-03 -0.1068402E-01
  0.9000000E-03 -0.1180770E-01
  0.9500000E-03 -0.1291464E-01
  0.1000000E-02 -0.1399830E-01
  0.1050000E-02 -0.1505325E-01
  0.1100000E-02 -0.1607500E-01
  0.1150000E-02 -0.1705974E-01
  0.1200000E-02 -0.1800431E-01
  0.1250000E-02 -0.1890562E-01
  0.1300000E-02 -0.1976089E-01
  0.1350000E-02 -0.2056737E-01
  0.1400000E-02 -0.2132267E-01
  0.1450000E-02 -0.2202426E-01
  0.1500000E-02 -0.2267092E-01
  0.1550000E-02 -0.2326138E-01
  0.1600000E-02 -0.2379636E-01
  0.1650000E-02 -0.2427602E-01
  0.1700000E-02 -0.2470254E-01
  0.1750000E-02 -0.2507762E-01
  0.1800000E-02 -0.2540519E-01
  0.1850000E-02 -0.2568814E-01
  0.1900000E-02 -0.2593084E-01
  0.1950000E-02 -0.2613660E-01
  0.2000000E-02 -0.2630969E-01
  0.2050000E-02 -0.2645356E-01
  0.2100000E-02 -0.2657265E-01
  0.2150000E-02 -0.2667013E-01
  0.2200000E-02 -0.2675019E-01
  0.2250000E-02 -0.2681585E-01
  0.2300000E-02 -0.2687022E-01
  0.2350000E-02 -0.2691479E-01
  0.2400000E-02 -0.2695085E-01
  0.2450000E-02 -0.2697911E-01
  0.2500000E-02 -0.2700113E-01
  0.2550000E-02 -0.2701775E-01
  0.2600000E-02 -0.2703033E-01
  0.2650000E-02 -0.2703941E-01
  0.2700000E-02 -0.2704618E-01
  0.2750000E-02 -0.2705097E-01
  0.2800000E-02 -0.2705445E-01
  0.2850000E-02 -0.2705625E-01
  0.2900000E-02 -0.2705689E-01
  0.2950000E-02 -0.2705644E-01
  0.3000000E-02 -0.2705560E-01
  0.3050000E-02 -0.2705420E-01
  0.3100000E-02 -0.2705237E-01
  0.3150000E-02 -0.2705030E-01
  0.3200000E-02 -0.2704845E-01
  0.3250000E-02 -0.2704670E-01
  0.3300000E-02 -0.2704521E-01
  0.3350000E-02 -0.2704364E-01
  0.3400000E-02 -0.2704201E-01
  0.3450000E-02 -0.2704032E-01
  0.3500000E-02 -0.2703916E-01
  0.3550000E-02 -0.2703859E-01
  0.3600000E-02 -0.2703862E-01
  0.3650000E-02 -0.2703879E-01
  0.3700000E-02 -0.2703916E-01
  0.3750000E-02 -0.2703961E-01
  0.3800000E-02 -0.2704015E-01
  0.3850000E-02 -0.2704009E-01
  0.3900000E-02 -0.2703930E-01
  0.3950000E-02 -0.2703733E-01
  0.4000000E-02 -0.2703406E-01
  0.4050000E-02 -0.2702980E-01
  0.4100000E-02 -0.2702529E-01
  0.4150000E-02 -0.2702050E-01
  0.4200000E-02 -0.2701482E-01
  0.4250000E-02 -0.2700810E-01
  0.4300000E-02 -0.2700053E-01
  0.4350000E-02 -0.2699249E-01
  0.4400000E-02 -0.2698426E-01
  0.4450000E-02 -0.2697577E-01
  0.4500000E-02 -0.2696724E-01
  0.4550000E-02 -0.2695860E-01
  0.4600000E-02 -0.2694993E-01
  0.4650000E-02 -0.2694078E-01
  0.4700000E-02 -0.2693122E-01
  0.4750000E-02 -0.2692136E-01
  0.4800000E-02 -0.2691139E-01
  0.4850000E-02 -0.2690136E-01
  0.4900000E-02 -0.2689112E-01
  0.4950000E-02 -0.2688009E-01
  0.5000000E-02 -0.2686837E-01
  0.5050000E-02 -0.2685613E-01
  0.5100000E-02 -0.2684326E-01
  0.5150000E-02 -0.2682976E-01
  0.5200000E-02 -0.2681529E-01
  0.5250000E-02 -0.2679969E-01
  0.5300000E-02 -0.2678344E-01
  0.5350000E-02 -0.2676635E-01
  0.5400000E-02 -0.2674831E-01
  0.5450000E-02 -0.2672931E-01
  0.5500000E-02 -0.2670944E-01
  0.5550000E-02 -0.2668900E-01
  0.5600000E-02 -0.2666832E-01
  0.5650000E-02 -0.2664752E-01
  0.5700000E-02 -0.2662659E-01
  0.5750000E-02 -0.2660543E-01
  0.5800000E-02 -0.2658371E-01
  0.5850000E-02 -0.2656126E-01
  0.5900000E-02 -0.2653824E-01
  0.5950000E-02 -0.2651498E-01
  0.6000000E-02 -0.2649163E-01
  0.6050000E-02 -0.2646830E-01
  0.6100000E-02 -0.2644542E-01
  0.6150000E-02 -0.2642290E-01
  0.6200000E-02 -0.2640060E-01
  0.6250000E-02 -0.2637853E-01
  0.6300000E-02 -0.2635671E-01
  0.6350000E-02 -0.2633491E-01
  0.6400000E-02 -0.2631331E-01
  0.6450000E-02 -0.2629200E-01
  0.6500000E-02 -0.2627072E-01
  0.6550000E-02 -0.2624927E-01
  0.6600000E-02 -0.2622749E-01
  0.6650000E-02 -0.2620554E-01
  0.6700000E-02 -0.2618378E-01
  0.6750000E-02 -0.2616203E-01
  0.6800000E-02 -0.2614007E-01
  0.6850000E-02 -0.2611784E-01
  0.6900000E-02 -0.2609520E-01
  0.6950000E-02 -0.2607189E-01
  0.7000000E-02 -0.2604808E-01
  0.7050000E-02 -0.2602376E-01
  0.7100000E-02 -0.2599913E-01
  0.7150000E-02 -0.2597448E-01
  0.7200000E-02 -0.2595004E-01
  0.7250000E-02 -0.2592586E-01
  0.7300000E-02 -0.2590201E-01
  0.7350000E-02 -0.2587837E-01
  0.7400000E-02 -0.2585466E-01
  0.7450000E-02 -0.2583082E-01
  0.7500000E-02 -0.2580691E-01
  0.7550000E-02 -0.2578293E-01
  0.7600000E-02 -0.2575891E-01
  0.7650000E-02 -0.2573471E-01
  0.7700000E-02 -0.2571048E-01
  0.7750000E-02 -0.2568628E-01
  0.7800000E-02 -0.2566180E-01
  0.7850000E-02 -0.2563690E-01
  0.7900000E-02 -0.2561206E-01
  0.7950000E-02 -0.2558767E-01
  0.8000000E-02 -0.2556370E-01
  0.8050000E-02 -0.2553989E-01
  0.8100000E-02 -0.2551607E-01
  0.8150000E-02 -0.2549242E-01
  0.8200000E-02 -0.2546896E-01
  0.8250000E-02 -0.2544531E-01
  0.8300000E-02 -0.2542117E-01
  0.8350000E-02 -0.2539648E-01
  0.8400000E-02 -0.2537134E-01
  0.8450000E-02 -0.2534566E-01
  0.8500000E-02 -0.2531951E-01
  0.8550000E-02 -0.2529306E-01
  0.8600000E-02 -0.2526631E-01
  0.8650000E-02 -0.2523935E-01
  0.8700000E-02 -0.2521221E-01
  0.8750000E-02 -0.2518472E-01
  0.8800000E-02 -0.2515713E-01
  0.8850000E-02 -0.2512967E-01
  0.8900000E-02 -0.2510224E-01
  0.8950000E-02 -0.2507460E-01
  0.9000000E-02 -0.2504657E-01
  0.9050000E-02 -0.2501794E-01
  0.9100000E-02 -0.2498870E-01
  0.9150000E-02 -0.2495910E-01
  0.9200000E-02 -0.2492934E-01
  0.9250000E-02 -0.2489954E-01
  0.9300000E-02 -0.2486980E-01
  0.9350000E-02 -0.2484027E-01
  0.9400000E-02 -0.2481096E-01
  0.9450000E-02 -0.2478204E-01
  0.9500000E-02 -0.2475358E-01
  0.9550000E-02 -0.2472537E-01
  0.9600000E-02 -0.2469751E-01
  0.9650000E-02 -0.2466982E-01
  0.9700000E-02 -0.2464229E-01
  0.9750000E-02 -0.2461457E-01
  0.9800000E-02 -0.2458648E-01
  0.9850000E-02 -0.2455803E-01
  0.9900000E-02 -0.2452928E-01
  0.9950000E-02 -0.2450041E-01
  0.1000000E-01 -0.2447142E-01
  0.1005000E-01 -0.2444221E-01
  0.1010000E-01 -0.2441281E-01
  0.1015000E-01 -0.2438344E-01
  0.1020000E-01 -0.2435415E-01
  0.1025000E-01 -0.2432488E-01
  0.1030000E-01 -0.2429551E-01
  0.1035000E-01 -0.2426600E-01
  0.1040000E-01 -0.2423647E-01
  0.1045000E-01 -0.2420702E-01
  0.1050000E-01 -0.2417779E-01
  0.1055000E-01 -0.2414887E-01
  0.1060000E-01 -0.2412038E-01
  0.1065000E-01 -0.2409232E-01
  0.1070000E-01 -0.2406452E-01
  0.1075000E-01 -0.2403665E-01
  0.1080000E-01 -0.2400866E-01
  0.1085000E-01 -0.2398051E-01
  0.1090000E-01 -0.2395233E-01
  0.1095000E-01 -0.2392424E-01
  0.1100000E-01 -0.2389616E-01
  0.1105000E-01 -0.2386803E-01
  0.1110000E-01 -0.2383983E-01
  0.1115000E-01 -0.2381145E-01
  0.1120000E-01 -0.2378287E-01
  0.1125000E-01 -0.2375418E-01
  0.1130000E-01 -0.2372548E-01
  0.1135000E-01 -0.2369691E-01
  0.1140000E-01 -0.2366842E-01
  0.1145000E-01 -0.2364012E-01
  0.1150000E-01 -0.2361207E-01
  0.1155000E-01 -0.2358425E-01
  0.1160000E-01 -0.2355669E-01
  0.1165000E-01 -0.2352937E-01
  0.1170000E-01 -0.2350210E-01
  0.1175000E-01 -0.2347465E-01
  0.1180000E-01 -0.2344681E-01
  0.1185000E-01 -0.2341848E-01
  0.1190000E-01 -0.2338974E-01
  0.1195000E-01 -0.2336082E-01
  0.1200000E-01 -0.2333180E-01
  0.1205000E-01 -0.2330268E-01
  0.1210000E-01 -0.2327353E-01
  0.1215000E-01 -0.2324442E-01
  0.1220000E-01 -0.2321538E-01
  0.1225000E-01 -0.2318631E-01
  0.1230000E-01 -0.2315715E-01
  0.1235000E-01 -0.2312782E-01
  0.1240000E-01 -0.2309840E-01
  0.1245000E-01 -0.2306886E-01
  0.1250000E-01 -0.2303921E-01
  0.1255000E-01 -0.2300945E-01
  0.1260000E-01 -0.2297957E-01
  0.1265000E-01 -0.2294959E-01
  0.1270000E-01 -0.2291963E-01
  0.1275000E-01 -0.2288978E-01
  0.1280000E-01 -0.2286026E-01
  0.1285000E-01 -0.2283135E-01
  0.1290000E-01 -0.2280301E-01
  0.1295000E-01 -0.2277490E-01
  0.1300000E-01 -0.2274697E-01
  0.1305000E-01 -0.2271916E-01
  0.1310000E-01 -0.2269140E-01
  0.1315000E-01 -0.2266363E-01
  0.1320000E-01 -0.2263585E-01
  0.1325000E-01 -0.2260818E-01
  0.1330000E-01 -0.2258063E-01
  0.1335000E-01 -0.2255313E-01
  0.1340000E-01 -0.2252559E-01
  0.1345000E-01 -0.2249784E-01
  0.1350000E-01 -0.2246965E-01
  0.1355000E-01 -0.2244094E-01
  0.1360000E-01 -0.2241185E-01
  0.1365000E-01 -0.2238247E-01
  0.1370000E-01 -0.2235287E-01
  0.1375000E-01 -0.2232308E-01
  0.1380000E-01 -0.2229324E-01
  0.1385000E-01 -0.2226358E-01
  0.1390000E-01 -0.2223419E-01
  0.1395000E-01 -0.2220510E-01
  0.1400000E-01 -0.2217629E-01
  0.1405000E-01 -0.2214781E-01
  0.1410000E-01 -0.2211968E-01
  0.1415000E-01 -0.2209175E-01
  0.1420000E-01 -0.2206369E-01
  0.1425000E-01 -0.2203510E-01
  0.1430000E-01 -0.2200586E-01
  0.1435000E-01 -0.2197604E-01
  0.1440000E-01 -0.2194565E-01
  0.1445000E-01 -0.2191473E-01
  0.1450000E-01 -0.2188335E-01
  0.1455000E-01 -0.2185174E-01
  0.1460000E-01 -0.2182003E-01
  0.1465000E-01 -0.2178832E-01
  0.1470000E-01 -0.2175683E-01
  0.1475000E-01 -0.2172558E-01
  0.1480000E-01 -0.2169442E-01
  0.1485000E-01 -0.2166327E-01
  0.1490000E-01 -0.2163203E-01
  0.1495000E-01 -0.2160070E-01
  0.1500000E-01 -0.2156945E-01
  0.1505000E-01 -0.2153840E-01
  0.1510000E-01 -0.2150761E-01
  0.1515000E-01 -0.2147711E-01
  0.1520000E-01 -0.2144699E-01
  0.1525000E-01 -0.2141727E-01
  0.1530000E-01 -0.2138785E-01
  0.1535000E-01 -0.2135865E-01
  0.1540000E-01 -0.2132961E-01
  0.1545000E-01 -0.2130073E-01
  0.1550000E-01 -0.2127180E-01
  0.1555000E-01 -0.2124276E-01
  0.1560000E-01 -0.2121370E-01
  0.1565000E-01 -0.2118481E-01
  0.1570000E-01 -0.2115628E-01
  0.1575000E-01 -0.2112803E-01
  0.1580000E-01 -0.2110000E-01
  0.1585000E-01 -0.2107196E-01
  0.1590000E-01 -0.2104363E-01
  0.1595000E-01 -0.2101498E-01
  0.1600000E-01 -0.2098608E-01
  0.1605000E-01 -0.2095695E-01
  0.1610000E-01 -0.2092762E-01
  0.1615000E-01 -0.2089798E-01
  0.1620000E-01 -0.2086810E-01
  0.1625000E-01 -0.2083806E-01
  0.1630000E-01 -0.2080799E-01
  0.1635000E-01 -0.2077793E-01
  0.1640000E-01 -0.2074784E-01
  0.1645000E-01 -0.2071777E-01
  0.1650000E-01 -0.2068756E-01
  0.1655000E-01 -0.2065709E-01
  0.1660000E-01 -0.2062639E-01
  0.1665000E-01 -0.2059556E-01
  0.1670000E-01 -0.2056471E-01
  0.1675000E-01 -0.2053383E-01
  0.1680000E-01 -0.2050305E-01
  0.1685000E-01 -0.2047224E-01
  0.1690000E-01 -0.2044139E-01
  0.1695000E-01 -0.2041078E-01
  0.1700000E-01 -0.2038039E-01
  0.1705000E-01 -0.2035016E-01
  0.1710000E-01 -0.2032009E-01
  0.1715000E-01 -0.2029001E-01
  0.1720000E-01 -0.2025987E-01
  0.1725000E-01 -0.2022963E-01
  0.1730000E-01 -0.2019934E-01
  0.1735000E-01 -0.2016896E-01
  0.1740000E-01 -0.2013847E-01
  0.1745000E-01 -0.2010788E-01
  0.1750000E-01 -0.2007727E-01
  0.1755000E-01 -0.2004669E-01
  0.1760000E-01 -0.2001613E-01
  0.1765000E-01 -0.1998568E-01
  0.1770000E-01 -0.1995529E-01
  0.1775000E-01 -0.1992495E-01
  0.1780000E-01 -0.1989468E-01
  0.1785000E-01 -0.1986450E-01
  0.1790000E-01 -0.1983431E-01
  0.1795000E-01 -0.1980398E-01
  0.1800000E-01 -0.1977344E-01
  0.1805000E-01 -0.1974264E-01
  0.1810000E-01 -0.1971166E-01
  0.1815000E-01 -0.1968068E-01
  0.1820000E-01 -0.1964976E-01
  0.1825000E-01 -0.1961885E-01
  0.1830000E-01 -0.1958789E-01
  0.1835000E-01 -0.1955683E-01
  0.1840000E-01 -0.1952575E-01
  0.1845000E-01 -0.1949466E-01
  0.1850000E-01 -0.1946351E-01
  0.1855000E-01 -0.1943231E-01
  0.1860000E-01 -0.1940103E-01
  0.1865000E-01 -0.1936984E-01
  0.1870000E-01 -0.1933878E-01
  0.1875000E-01 -0.1930788E-01
  0.1880000E-01 -0.1927704E-01
  0.1885000E-01 -0.1924621E-01
  0.1890000E-01 -0.1921534E-01
  0.1895000E-01 -0.1918447E-01
  0.1900000E-01 -0.1915367E-01
  0.1905000E-01 -0.1912304E-01
  0.1910000E-01 -0.1909254E-01
  0.1915000E-01 -0.1906222E-01
  0.1920000E-01 -0.1903207E-01
  0.1925000E-01 -0.1900213E-01
  0.1930000E-01 -0.1897235E-01
  0.1935000E-01 -0.1894253E-01
  0.1940000E-01 -0.1891259E-01
  0.1945000E-01 -0.1888242E-01
  0.1950000E-01 -0.1885200E-01
  0.1955000E-01 -0.1882137E-01
  0.1960000E-01 -0.1879056E-01
  0.1965000E-01 -0.1875967E-01
  0.1970000E-01 -0.1872875E-01
  0.1975000E-01 -0.1869777E-01
  0.1980000E-01 -0.1866664E-01
  0.1985000E-01 -0.1863515E-01
  0.1990000E-01 -0.1860331E-01
  0.1995000E-01 -0.1857131E-01
  0.2000000E-01 -0.1853937E-01
  0.2005000E-01 -0.1850768E-01
  0.2010000E-01 -0.1847632E-01
  0.2015000E-01 -0.1844532E-01
  0.2020000E-01 -0.1841467E-01
  0.2025000E-01 -0.1838425E-01
  0.2030000E-01 -0.1835391E-01
  0.2035000E-01 -0.1832364E-01
  0.2040000E-01 -0.1829354E-01
  0.2045000E-01 -0.1826363E-01
  0.2050000E-01 -0.1823384E-01
  0.2055000E-01 -0.1820413E-01
  0.2060000E-01 -0.1817446E-01
  0.2065000E-01 -0.1814483E-01
  0.2070000E-01 -0.1811513E-01
  0.2075000E-01 -0.1808523E-01
  0.2080000E-01 -0.1805518E-01
  0.2085000E-01 -0.1802501E-01
  0.2090000E-01 -0.1799480E-01
  0.2095000E-01 -0.1796465E-01
  0.2100000E-01 -0.1793453E-01
  0.2105000E-01 -0.1790433E-01
  0.2110000E-01 -0.1787389E-01
  0.2115000E-01 -0.1784315E-01
  0.2120000E-01 -0.1781221E-01
  0.2125000E-01 -0.1778119E-01
  0.2130000E-01 -0.1775033E-01
  0.2135000E-01 -0.1771985E-01
  0.2140000E-01 -0.1768973E-01
  0.2145000E-01 -0.1765983E-01
  0.2150000E-01 -0.1763003E-01
  0.2155000E-01 -0.1760026E-01
  0.2160000E-01 -0.1757052E-01
  0.2165000E-01 -0.1754084E-01
  0.2170000E-01 -0.1751126E-01
  0.2175000E-01 -0.1748179E-01
  0.2180000E-01 -0.1745232E-01
  0.2185000E-01 -0.1742275E-01
  0.2190000E-01 -0.1739314E-01
  0.2195000E-01 -0.1736346E-01
  0.2200000E-01 -0.1733371E-01
  0.2205000E-01 -0.1730390E-01
  0.2210000E-01 -0.1727393E-01
  0.2215000E-01 -0.1724369E-01
  0.2220000E-01 -0.1721322E-01
  0.2225000E-01 -0.1718261E-01
  0.2230000E-01 -0.1715192E-01
  0.2235000E-01 -0.1712112E-01
  0.2240000E-01 -0.1709017E-01
  0.2245000E-01 -0.1705905E-01
  0.2250000E-01 -0.1702779E-01
  0.2255000E-01 -0.1699643E-01
  0.2260000E-01 -0.1696502E-01
  0.2265000E-01 -0.1693363E-01
  0.2270000E-01 -0.1690232E-01
  0.2275000E-01 -0.1687106E-01
  0.2280000E-01 -0.1683987E-01
  0.2285000E-01 -0.1680890E-01
  0.2290000E-01 -0.1677807E-01
  0.2295000E-01 -0.1674734E-01
  0.2300000E-01 -0.1671667E-01
  0.2305000E-01 -0.1668609E-01
  0.2310000E-01 -0.1665556E-01
  0.2315000E-01 -0.1662508E-01
  0.2320000E-01 -0.1659464E-01
  0.2325000E-01 -0.1656420E-01
  0.2330000E-01 -0.1653373E-01
  0.2335000E-01 -0.1650326E-01
  0.2340000E-01 -0.1647273E-01
  0.2345000E-01 -0.1644212E-01
  0.2350000E-01 -0.1641146E-01
  0.2355000E-01 -0.1638079E-01
  0.2360000E-01 -0.1634996E-01
  0.2365000E-01 -0.1631885E-01
  0.2370000E-01 -0.1628746E-01
  0.2375000E-01 -0.1625595E-01
  0.2380000E-01 -0.1622446E-01
  0.2385000E-01 -0.1619303E-01
  0.2390000E-01 -0.1616177E-01
  0.2395000E-01 -0.1613067E-01
  0.2400000E-01 -0.1609963E-01
  0.2405000E-01 -0.1606870E-01
  0.2410000E-01 -0.1603784E-01
  0.2415000E-01 -0.1600702E-01
  0.2420000E-01 -0.1597621E-01
  0.2425000E-01 -0.1594538E-01
  0.2430000E-01 -0.1591442E-01
  0.2435000E-01 -0.1588331E-01
  0.2440000E-01 -0.1585216E-01
  0.2445000E-01 -0.1582104E-01
  0.2450000E-01 -0.1579002E-01
  0.2455000E-01 -0.1575898E-01
  0.2460000E-01 -0.1572788E-01
  0.2465000E-01 -0.1569680E-01
  0.2470000E-01 -0.1566577E-01
  0.2475000E-01 -0.1563473E-01
  0.2480000E-01 -0.1560366E-01
  0.2485000E-01 -0.1557266E-01
  0.2490000E-01 -0.1554172E-01
  0.2495000E-01 -0.1551078E-01
  0.2500000E-01 -0.1547979E-01
  0.2505000E-01 -0.1544877E-01
  0.2510000E-01 -0.1541778E-01
  0.2515000E-01 -0.1538686E-01
  0.2520000E-01 -0.1535604E-01
  0.2525000E-01 -0.1532524E-01
  0.2530000E-01 -0.1529441E-01
  0.2535000E-01 -0.1526348E-01
  0.2540000E-01 -0.1523256E-01
  0.2545000E-01 -0.1520171E-01
  0.2550000E-01 -0.1517089E-01
  0.2555000E-01 -0.1514006E-01
  0.2560000E-01 -0.1510919E-01
  0.2565000E-01 -0.1507832E-01
  0.2570000E-01 -0.1504746E-01
  0.2575000E-01 -0.1501660E-01
  0.2580000E-01 -0.1498571E-01
  0.2585000E-01 -0.1495478E-01
  0.2590000E-01 -0.1492377E-01
  0.2595000E-01 -0.1489270E-01
  0.2600000E-01 -0.1486162E-01
  0.2605000E-01 -0.1483058E-01
  0.2610000E-01 -0.1479963E-01
  0.2615000E-01 -0.1476876E-01
  0.2620000E-01 -0.1473795E-01
  0.2625000E-01 -0.1470723E-01
  0.2630000E-01 -0.1467656E-01
  0.2635000E-01 -0.1464589E-01
  0.2640000E-01 -0.1461519E-01
  0.2645000E-01 -0.1458452E-01
  0.2650000E-01 -0.1455391E-01
  0.2655000E-01 -0.1452330E-01
  0.2660000E-01 -0.1449260E-01
  0.2665000E-01 -0.1446189E-01
  0.2670000E-01 -0.1443130E-01
  0.2675000E-01 -0.1440076E-01
  0.2680000E-01 -0.1437021E-01
  0.2685000E-01 -0.1433970E-01
  0.2690000E-01 -0.1430917E-01
  0.2695000E-01 -0.1427852E-01
  0.2700000E-01 -0.1424774E-01
  0.2705000E-01 -0.1421692E-01
  0.2710000E-01 -0.1418603E-01
  0.2715000E-01 -0.1415511E-01
  0.2720000E-01 -0.1412418E-01
  0.2725000E-01 -0.1409328E-01
  0.2730000E-01 -0.1406237E-01
  0.2735000E-01 -0.1403154E-01
  0.2740000E-01 -0.1400078E-01
  0.2745000E-01 -0.1397005E-01
  0.2750000E-01 -0.1393939E-01
  0.2755000E-01 -0.1390878E-01
  0.2760000E-01 -0.1387825E-01
  0.2765000E-01 -0.1384785E-01
  0.2770000E-01 -0.1381751E-01
  0.2775000E-01 -0.1378724E-01
  0.2780000E-01 -0.1375699E-01
  0.2785000E-01 -0.1372677E-01
  0.2790000E-01 -0.1369660E-01
  0.2795000E-01 -0.1366652E-01
  0.2800000E-01 -0.1363643E-01
  0.2805000E-01 -0.1360628E-01
  0.2810000E-01 -0.1357607E-01
  0.2815000E-01 -0.1354579E-01
  0.2820000E-01 -0.1351542E-01
  0.2825000E-01 -0.1348493E-01
  0.2830000E-01 -0.1345441E-01
  0.2835000E-01 -0.1342392E-01
  0.2840000E-01 -0.1339346E-01
  0.2845000E-01 -0.1336300E-01
  0.2850000E-01 -0.1333254E-01
  0.2855000E-01 -0.1330209E-01
  0.2860000E-01 -0.1327165E-01
  0.2865000E-01 -0.1324126E-01
  0.2870000E-01 -0.1321091E-01
  0.2875000E-01 -0.1318050E-01
  0.2880000E-01 -0.1315000E-01
  0.2885000E-01 -0.1311933E-01
  0.2890000E-01 -0.1308847E-01
  0.2895000E-01 -0.1305744E-01
  0.2900000E-01 -0.1302631E-01
  0.2905000E-01 -0.1299508E-01
  0.2910000E-01 -0.1296371E-01
  0.2915000E-01 -0.1293225E-01
  0.2920000E-01 -0.1290074E-01
  0.2925000E-01 -0.1286914E-01
  0.2930000E-01 -0.1283749E-01
  0.2935000E-01 -0.1280583E-01
  0.2940000E-01 -0.1277417E-01
  0.2945000E-01 -0.1274242E-01
  0.2950000E-01 -0.1271063E-01
  0.2955000E-01 -0.1267887E-01
  0.2960000E-01 -0.1264715E-01
  0.2965000E-01 -0.1261554E-01
  0.2970000E-01 -0.1258401E-01
  0.2975000E-01 -0.1255253E-01
  0.2980000E-01 -0.1252116E-01
  0.2985000E-01 -0.1248995E-01
  0.2990000E-01 -0.1245887E-01
  0.2995000E-01 -0.1242787E-01
  0.3000000E-01 -0.1239691E-01
  0.3005000E-01 -0.1236594E-01
  0.3010000E-01 -0.1233495E-01
  0.3015000E-01 -0.1230396E-01
  0.3020000E-01 -0.1227303E-01
  0.3025000E-01 -0.1224213E-01
  0.3030000E-01 -0.1221132E-01
  0.3035000E-01 -0.1218054E-01
  0.3040000E-01 -0.1214974E-01
  0.3045000E-01 -0.1211891E-01
  0.3050000E-01 -0.1208813E-01
  0.3055000E-01 -0.1205731E-01
  0.3060000E-01 -0.1202644E-01
  0.3065000E-01 -0.1199541E-01
  0.3070000E-01 -0.1196419E-01
  0.3075000E-01 -0.1193286E-01
  0.3080000E-01 -0.1190149E-01
  0.3085000E-01 -0.1187006E-01
  0.3090000E-01 -0.1183855E-01
  0.3095000E-01 -0.1180700E-01
  0.3100000E-01 -0.1177542E-01
  0.3105000E-01 -0.1174379E-01
  0.3110000E-01 -0.1171212E-01
  0.3115000E-01 -0.1168040E-01
  0.3120000E-01 -0.1164863E-01
  0.3125000E-01 -0.1161689E-01
  0.3130000E-01 -0.1158519E-01
  0.3135000E-01 -0.1155354E-01
  0.3140000E-01 -0.1152191E-01
  0.3145000E-01 -0.1149023E-01
  0.3150000E-01 -0.1145855E-01
  0.3155000E-01 -0.1142689E-01
  0.3160000E-01 -0.1139529E-01
  0.3165000E-01 -0.1136371E-01
  0.3170000E-01 -0.1133219E-01
  0.3175000E-01 -0.1130081E-01
  0.3180000E-01 -0.1126959E-01
  0.3185000E-01 -0.1123849E-01
  0.3190000E-01 -0.1120742E-01
  0.3195000E-01 -0.1117635E-01
  0.3200000E-01 -0.1114528E-01
  0.3205000E-01 -0.1111418E-01
  0.3210000E-01 -0.1108302E-01
  0.3215000E-01 -0.1105182E-01
  0.3220000E-01 -0.1102068E-01
  0.3225000E-01 -0.1098963E-01
  0.3230000E-01 -0.1095864E-01
  0.3235000E-01 -0.1092765E-01
  0.3240000E-01 -0.1089664E-01
  0.3245000E-01 -0.1086558E-01
  0.3250000E-01 -0.1083443E-01
  0.3255000E-01 -0.1080316E-01
  0.3260000E-01 -0.1077176E-01
  0.3265000E-01 -0.1074027E-01
  0.3270000E-01 -0.1070870E-01
  0.3275000E-01 -0.1067711E-01
  0.3280000E-01 -0.1064558E-01
  0.3285000E-01 -0.1061415E-01
  0.3290000E-01 -0.1058284E-01
  0.3295000E-01 -0.1055164E-01
  0.3300000E-01 -0.1052057E-01
  0.3305000E-01 -0.1048955E-01
  0.3310000E-01 -0.1045860E-01
  0.3315000E-01 -0.1042770E-01
  0.3320000E-01 -0.1039679E-01
  0.3325000E-01 -0.1036591E-01
  0.3330000E-01 -0.1033509E-01
  0.3335000E-01 -0.1030430E-01
  0.3340000E-01 -0.1027353E-01
  0.3345000E-01 -0.1024279E-01
  0.3350000E-01 -0.1021214E-01
  0.3355000E-01 -0.1018154E-01
  0.3360000E-01 -0.1015099E-01
  0.3365000E-01 -0.1012051E-01
  0.3370000E-01 -0.1009005E-01
  0.3375000E-01 -0.1005955E-01
  0.3380000E-01 -0.1002905E-01
  0.3385000E-01 -0.9998598E-02
  0.3390000E-01 -0.9968153E-02
  0.3395000E-01 -0.9937728E-02
  0.3400000E-01 -0.9907357E-02
  0.3405000E-01 -0.9877056E-02
  0.3410000E-01 -0.9846824E-02
  0.3415000E-01 -0.9816639E-02
  0.3420000E-01 -0.9786464E-02
  0.3425000E-01 -0.9756278E-02
  0.3430000E-01 -0.9726086E-02
  0.3435000E-01 -0.9695862E-02
  0.3440000E-01 -0.9665574E-02
  0.3445000E-01 -0.9635203E-02
  0.3450000E-01 -0.9604782E-02
  0.3455000E-01 -0.9574304E-02
  0.3460000E-01 -0.9543715E-02
  0.3465000E-01 -0.9513053E-02
  0.3470000E-01 -0.9482412E-02
  0.3475000E-01 -0.9451829E-02
  0.3480000E-01 -0.9421316E-02
  0.3485000E-01 -0.9390856E-02
  0.3490000E-01 -0.9360483E-02
  0.3495000E-01 -0.9330181E-02
  0.3500000E-01 -0.9299880E-02
  0.3505000E-01 -0.9269579E-02
  0.3510000E-01 -0.9239279E-02
  0.3515000E-01 -0.9208944E-02
  0.3520000E-01 -0.9178591E-02
  0.3525000E-01 -0.9148247E-02
  0.3530000E-01 -0.9117877E-02
  0.3535000E-01 -0.9087466E-02
  0.3540000E-01 -0.9056985E-02
  0.3545000E-01 -0.9026407E-02
  0.3550000E-01 -0.8995669E-02
  0.3555000E-01 -0.8964760E-02
  0.3560000E-01 -0.8933676E-02
  0.3565000E-01 -0.8902422E-02
  0.3570000E-01 -0.8870982E-02
  0.3575000E-01 -0.8839370E-02
  0.3580000E-01 -0.8807657E-02
  0.3585000E-01 -0.8775909E-02
  0.3590000E-01 -0.8744186E-02
  0.3595000E-01 -0.8712556E-02
  0.3600000E-01 -0.8681080E-02
  0.3605000E-01 -0.8649803E-02
  0.3610000E-01 -0.8618667E-02
  0.3615000E-01 -0.8587559E-02
  0.3620000E-01 -0.8556441E-02
  0.3625000E-01 -0.8525294E-02
  0.3630000E-01 -0.8494103E-02
  0.3635000E-01 -0.8462852E-02
  0.3640000E-01 -0.8431604E-02
  0.3645000E-01 -0.8400428E-02
  0.3650000E-01 -0.8369322E-02
  0.3655000E-01 -0.8338275E-02
  0.3660000E-01 -0.8307287E-02
  0.3665000E-01 -0.8276340E-02
  0.3670000E-01 -0.8245442E-02
  0.3675000E-01 -0.8214611E-02
  0.3680000E-01 -0.8183864E-02
  0.3685000E-01 -0.8153234E-02
  0.3690000E-01 -0.8122699E-02
  0.3695000E-01 -0.8092182E-02
  0.3700000E-01 -0.8061662E-02
  0.3705000E-01 -0.8031148E-02
  0.3710000E-01 -0.8000644E-02
  0.3715000E-01 -0.7970217E-02
  0.3720000E-01 -0.7939905E-02
  0.3725000E-01 -0.7909681E-02
  0.3730000E-01 -0.7879366E-02
  0.3735000E-01 -0.7848904E-02
  0.3740000E-01 -0.7818286E-02
  0.3745000E-01 -0.7787517E-02
  0.3750000E-01 -0.7756685E-02
  0.3755000E-01 -0.7725860E-02
  0.3760000E-01 -0.7695039E-02
  0.3765000E-01 -0.7664214E-02
  0.3770000E-01 -0.7633408E-02
  0.3775000E-01 -0.7602668E-02
  0.3780000E-01 -0.7572005E-02
  0.3785000E-01 -0.7541363E-02
  0.3790000E-01 -0.7510726E-02
  0.3795000E-01 -0.7480096E-02
  0.3800000E-01 -0.7449483E-02
  0.3805000E-01 -0.7418870E-02
  0.3810000E-01 -0.7388188E-02
  0.3815000E-01 -0.7357402E-02
  0.3820000E-01 -0.7326526E-02
  0.3825000E-01 -0.7295598E-02
  0.3830000E-01 -0.7264681E-02
  0.3835000E-01 -0.7233773E-02
  0.3840000E-01 -0.7202857E-02
  0.3845000E-01 -0.7171848E-02
  0.3850000E-01 -0.7140719E-02
  0.3855000E-01 -0.7109500E-02
  0.3860000E-01 -0.7078244E-02
  0.3865000E-01 -0.7046961E-02
  0.3870000E-01 -0.7015622E-02
  0.3875000E-01 -0.6984201E-02
  0.3880000E-01 -0.6952721E-02
  0.3885000E-01 -0.6921198E-02
  0.3890000E-01 -0.6889646E-02
  0.3895000E-01 -0.6858054E-02
  0.3900000E-01 -0.6826406E-02
  0.3905000E-01 -0.6794737E-02
  0.3910000E-01 -0.6763090E-02
  0.3915000E-01 -0.6731444E-02
  0.3920000E-01 -0.6699776E-02
  0.3925000E-01 -0.6668132E-02
  0.3930000E-01 -0.6636592E-02
  0.3935000E-01 -0.6605186E-02
  0.3940000E-01 -0.6573905E-02
  0.3945000E-01 -0.6542763E-02
  0.3950000E-01 -0.6511743E-02
  0.3955000E-01 -0.6480773E-02
  0.3960000E-01 -0.6449858E-02
  0.3965000E-01 -0.6419032E-02
  0.3970000E-01 -0.6388260E-02
  0.3975000E-01 -0.6357522E-02
  0.3980000E-01 -0.6326834E-02
  0.3985000E-01 -0.6296210E-02
  0.3990000E-01 -0.6265622E-02
  0.3995000E-01 -0.6235018E-02
  0.4000000E-01 -0.6204368E-02
  0.4005000E-01 -0.6173662E-02
  0.4010000E-01 -0.6142880E-02
  0.4015000E-01 -0.6112003E-02
  0.4020000E-01 -0.6081011E-02
  0.4025000E-01 -0.6049902E-02
  0.4030000E-01 -0.6018676E-02
  0.4035000E-01 -0.5987347E-02
  0.4040000E-01 -0.5955932E-02
  0.4045000E-01 -0.5924463E-02
  0.4050000E-01 -0.5892955E-02
  0.4055000E-01 -0.5861422E-02
  0.4060000E-01 -0.5829876E-02
  0.4065000E-01 -0.5798319E-02
  0.4070000E-01 -0.5766703E-02
  0.4075000E-01 -0.5734971E-02
  0.4080000E-01 -0.5703147E-02
  0.4085000E-01 -0.5671262E-02
  0.4090000E-01 -0.5639371E-02
  0.4095000E-01 -0.5607522E-02
  0.4100000E-01 -0.5575721E-02
  0.4105000E-01 -0.5543963E-02
  0.4110000E-01 -0.5512295E-02
  0.4115000E-01 -0.5480722E-02
  0.4120000E-01 -0.5449225E-02
  0.4125000E-01 -0.5417786E-02
  0.4130000E-01 -0.5386385E-02
  0.4135000E-01 -0.5354994E-02
  0.4140000E-01 -0.5323599E-02
  0.4145000E-01 -0.5292176E-02
  0.4150000E-01 -0.5260737E-02
  0.4155000E-01 -0.5229340E-02
  0.4160000E-01 -0.5198025E-02
  0.4165000E-01 -0.5166794E-02
  0.4170000E-01 -0.5135652E-02
  0.4175000E-01 -0.5104599E-02
  0.4180000E-01 -0.5073592E-02
  0.4185000E-01 -0.5042605E-02
  0.4190000E-01 -0.5011674E-02
  0.4195000E-01 -0.4980793E-02
  0.4200000E-01 -0.4949930E-02
  0.4205000E-01 -0.4919076E-02
  0.4210000E-01 -0.4888197E-02
  0.4215000E-01 -0.4857277E-02
  0.4220000E-01 -0.4826314E-02
  0.4225000E-01 -0.4795323E-02
  0.4230000E-01 -0.4764360E-02
  0.4235000E-01 -0.4733472E-02
  0.4240000E-01 -0.4702643E-02
  0.4245000E-01 -0.4671828E-02
  0.4250000E-01 -0.4640999E-02
  0.4255000E-01 -0.4610141E-02
  0.4260000E-01 -0.4579232E-02
  0.4265000E-01 -0.4548266E-02
  0.4270000E-01 -0.4517239E-02
  0.4275000E-01 -0.4486178E-02
  0.4280000E-01 -0.4455103E-02
  0.4285000E-01 -0.4424024E-02
  0.4290000E-01 -0.4392956E-02
  0.4295000E-01 -0.4361930E-02
  0.4300000E-01 -0.4331016E-02
  0.4305000E-01 -0.4300229E-02
  0.4310000E-01 -0.4269552E-02
  0.4315000E-01 -0.4238925E-02
  0.4320000E-01 -0.4208295E-02
  0.4325000E-01 -0.4177654E-02
  0.4330000E-01 -0.4147001E-02
  0.4335000E-01 -0.4116380E-02
  0.4340000E-01 -0.4085807E-02
  0.4345000E-01 -0.4055257E-02
  0.4350000E-01 -0.4024727E-02
  0.4355000E-01 -0.3994242E-02
  0.4360000E-01 -0.3963840E-02
  0.4365000E-01 -0.3933549E-02
  0.4370000E-01 -0.3903354E-02
  0.4375000E-01 -0.3873233E-02
  0.4380000E-01 -0.3843178E-02
  0.4385000E-01 -0.3813161E-02
  0.4390000E-01 -0.3783145E-02
  0.4395000E-01 -0.3753095E-02
  0.4400000E-01 -0.3722986E-02
  0.4405000E-01 -0.3692801E-02
  0.4410000E-01 -0.3662488E-02
  0.4415000E-01 -0.3632050E-02
  0.4420000E-01 -0.3601493E-02
  0.4425000E-01 -0.3570815E-02
  0.4430000E-01 -0.3540051E-02
  0.4435000E-01 -0.3509252E-02
  0.4440000E-01 -0.3478484E-02
  0.4445000E-01 -0.3447782E-02
  0.4450000E-01 -0.3417129E-02
  0.4455000E-01 -0.3386519E-02
  0.4460000E-01 -0.3355927E-02
  0.4465000E-01 -0.3325359E-02
  0.4470000E-01 -0.3294810E-02
  0.4475000E-01 -0.3264237E-02
  0.4480000E-01 -0.3233733E-02
  0.4485000E-01 -0.3203309E-02
  0.4490000E-01 -0.3172939E-02
  0.4495000E-01 -0.3142560E-02
  0.4500000E-01 -0.3112162E-02
  0.4505000E-01 -0.3081779E-02
  0.4510000E-01 -0.3051416E-02
  0.4515000E-01 -0.3021041E-02
  0.4520000E-01 -0.2990577E-02
  0.4525000E-01 -0.2960011E-02
  0.4530000E-01 -0.2929335E-02
  0.4535000E-01 -0.2898532E-02
  0.4540000E-01 -0.2867591E-02
  0.4545000E-01 -0.2836521E-02
  0.4550000E-01 -0.2805357E-02
  0.4555000E-01 -0.2774181E-02
  0.4560000E-01 -0.2743055E-02
  0.4565000E-01 -0.2711955E-02
  0.4570000E-01 -0.2680868E-02
  0.4575000E-01 -0.2649839E-02
  0.4580000E-01 -0.2618862E-02
  0.4585000E-01 -0.2587921E-02
  0.4590000E-01 -0.2557029E-02
  0.4595000E-01 -0.2526191E-02
  0.4600000E-01 -0.2495410E-02
  0.4605000E-01 -0.2464645E-02
  0.4610000E-01 -0.2433855E-02
  0.4615000E-01 -0.2402999E-02
  0.4620000E-01 -0.2372044E-02
  0.4625000E-01 -0.2341002E-02
  0.4630000E-01 -0.2309931E-02
  0.4635000E-01 -0.2278867E-02
  0.4640000E-01 -0.2247828E-02
  0.4645000E-01 -0.2216813E-02
  0.4650000E-01 -0.2185847E-02
  0.4655000E-01 -0.2154920E-02
  0.4660000E-01 -0.2123986E-02
  0.4665000E-01 -0.2093071E-02
  0.4670000E-01 -0.2062204E-02
  0.4675000E-01 -0.2031370E-02
  0.4680000E-01 -0.2000523E-02
  0.4685000E-01 -0.1969629E-02
  0.4690000E-01 -0.1938720E-02
  0.4695000E-01 -0.1907853E-02
  0.4700000E-01 -0.1877053E-02
  0.4705000E-01 -0.1846298E-02
  0.4710000E-01 -0.1815580E-02
  0.4715000E-01 -0.1784893E-02
  0.4720000E-01 -0.1754269E-02
  0.4725000E-01 -0.1723711E-02
  0.4730000E-01 -0.1693188E-02
  0.4735000E-01 -0.1662643E-02
  0.4740000E-01 -0.1632014E-02
  0.4745000E-01 -0.1601291E-02
  0.4750000E-01 -0.1570471E-02
  0.4755000E-01 -0.1539585E-02
  0.4760000E-01 -0.1508662E-02
  0.4765000E-01 -0.1477710E-02
  0.4770000E-01 -0.1446681E-02
  0.4775000E-01 -0.1415526E-02
  0.4780000E-01 -0.1384272E-02
  0.4785000E-01 -0.1352949E-02
  0.4790000E-01 -0.1321625E-02
  0.4795000E-01 -0.1290363E-02
  0.4800000E-01 -0.1259166E-02
  0.4805000E-01 -0.1228042E-02
  0.4810000E-01 -0.1196964E-02
  0.4815000E-01 -0.1165871E-02
  0.4820000E-01 -0.1134708E-02
  0.4825000E-01 -0.1103505E-02
  0.4830000E-01 -0.1072291E-02
  0.4835000E-01 -0.1041056E-02
  0.4840000E-01 -0.1009795E-02
  0.4845000E-01 -0.9785242E-03
  0.4850000E-01 -0.9472521E-03
  0.4855000E-01 -0.9159711E-03
  0.4860000E-01 -0.8846840E-03
  0.4865000E-01 -0.8534220E-03
  0.4870000E-01 -0.8222457E-03
  0.4875000E-01 -0.7911963E-03
  0.4880000E-01 -0.7602408E-03
  0.4885000E-01 -0.7293343E-03
  0.4890000E-01 -0.6984701E-03
  0.4895000E-01 -0.6676117E-03
  0.4900000E-01 -0.6367173E-03
  0.4905000E-01 -0.6057803E-03
  0.4910000E-01 -0.5748045E-03
  0.4915000E-01 -0.5438226E-03
  0.4920000E-01 -0.5128582E-03
  0.4925000E-01 -0.4819127E-03
  0.4930000E-01 -0.4509128E-03
  0.4935000E-01 -0.4199000E-03
  0.4940000E-01 -0.3888860E-03
  0.4945000E-01 -0.3578920E-03
  0.4950000E-01 -0.3269671E-03
  0.4955000E-01 -0.2961240E-03
  0.4960000E-01 -0.2653344E-03
  0.4965000E-01 -0.2346125E-03
  0.4970000E-01 -0.2039377E-03
  0.4975000E-01 -0.1732885E-03
  0.4980000E-01 -0.1426654E-03
  0.4985000E-01 -0.1120539E-03
  0.4990000E-01 -0.8152084E-04
  0.4995000E-01 -0.5106242E-04
  0.5000000E-01 -0.2061427E-04
  0.5005000E-01  0.9880206E-05
  0.5010000E-01  0.4044679E-04
  0.5015000E-01  0.7105360E-04
  0.5020000E-01  0.1016745E-03
  0.5025000E-01  0.1322794E-03
  0.5030000E-01  0.1628673E-03
  0.5035000E-01  0.1934496E-03
  0.5040000E-01  0.2240364E-03
  0.5045000E-01  0.2546345E-03
  0.5050000E-01  0.2852877E-03
  0.5055000E-01  0.3160056E-03
  0.5060000E-01  0.3467818E-03
  0.5065000E-01  0.3776132E-03
  0.5070000E-01  0.4084936E-03
  0.5075000E-01  0.4394040E-03
  0.5080000E-01  0.4703102E-03
  0.5085000E-01  0.5012054E-03
  0.5090000E-01  0.5321123E-03
  0.5095000E-01  0.5630380E-03
  0.5100000E-01  0.5939665E-03
  0.5105000E-01  0.6248974E-03
  0.5110000E-01  0.6558668E-03
  0.5115000E-01  0.6868800E-03
  0.5120000E-01  0.7179450E-03
  0.5125000E-01  0.7490747E-03
  0.5130000E-01  0.7802207E-03
  0.5135000E-01  0.8113534E-03
  0.5140000E-01  0.8424853E-03
  0.5145000E-01  0.8736193E-03
  0.5150000E-01  0.9047506E-03
  0.5155000E-01  0.9358531E-03
  0.5160000E-01  0.9669100E-03
  0.5165000E-01  0.9979305E-03
  0.5170000E-01  0.1028913E-02
  0.5175000E-01  0.1059850E-02
  0.5180000E-01  0.1090746E-02
  0.5185000E-01  0.1121587E-02
  0.5190000E-01  0.1152363E-02
  0.5195000E-01  0.1183076E-02
  0.5200000E-01  0.1213712E-02
  0.5205000E-01  0.1244279E-02
  0.5210000E-01  0.1274790E-02
  0.5215000E-01  0.1305245E-02
  0.5220000E-01  0.1335668E-02
  0.5225000E-01  0.1366103E-02
  0.5230000E-01  0.1396552E-02
  0.5235000E-01  0.1426984E-02
  0.5240000E-01  0.1457411E-02
  0.5245000E-01  0.1487854E-02
  0.5250000E-01  0.1518332E-02
  0.5255000E-01  0.1548828E-02
  0.5260000E-01  0.1579334E-02
  0.5265000E-01  0.1609891E-02
  0.5270000E-01  0.1640523E-02
  0.5275000E-01  0.1671235E-02
  0.5280000E-01  0.1702022E-02
  0.5285000E-01  0.1732876E-02
  0.5290000E-01  0.1763827E-02
  0.5295000E-01  0.1794889E-02
  0.5300000E-01  0.1825983E-02
  0.5305000E-01  0.1857083E-02
  0.5310000E-01  0.1888168E-02
  0.5315000E-01  0.1919180E-02
  0.5320000E-01  0.1950082E-02
  0.5325000E-01  0.1980897E-02
  0.5330000E-01  0.2011676E-02
  0.5335000E-01  0.2042463E-02
  0.5340000E-01  0.2073266E-02
  0.5345000E-01  0.2104090E-02
  0.5350000E-01  0.2134925E-02
  0.5355000E-01  0.2165813E-02
  0.5360000E-01  0.2196780E-02
  0.5365000E-01  0.2227794E-02
  0.5370000E-01  0.2258846E-02
  0.5375000E-01  0.2289921E-02
  0.5380000E-01  0.2321002E-02
  0.5385000E-01  0.2352046E-02
  0.5390000E-01  0.2383013E-02
  0.5395000E-01  0.2413877E-02
  0.5400000E-01  0.2444651E-02
  0.5405000E-01  0.2475374E-02
  0.5410000E-01  0.2506110E-02
  0.5415000E-01  0.2536859E-02
  0.5420000E-01  0.2567582E-02
  0.5425000E-01  0.2598279E-02
  0.5430000E-01  0.2628952E-02
  0.5435000E-01  0.2659624E-02
  0.5440000E-01  0.2690293E-02
  0.5445000E-01  0.2720936E-02
  0.5450000E-01  0.2751508E-02
  0.5455000E-01  0.2781990E-02
  0.5460000E-01  0.2812387E-02
  0.5465000E-01  0.2842677E-02
  0.5470000E-01  0.2872903E-02
  0.5475000E-01  0.2903080E-02
  0.5480000E-01  0.2933198E-02
  0.5485000E-01  0.2963226E-02
  0.5490000E-01  0.2993170E-02
  0.5495000E-01  0.3023057E-02
  0.5500000E-01  0.3052925E-02
  0.5505000E-01  0.3082809E-02
  0.5510000E-01  0.3112774E-02
  0.5515000E-01  0.3142873E-02
  0.5520000E-01  0.3173096E-02
  0.5525000E-01  0.3203401E-02
  0.5530000E-01  0.3233753E-02
  0.5535000E-01  0.3264167E-02
  0.5540000E-01  0.3294643E-02
  0.5545000E-01  0.3325153E-02
  0.5550000E-01  0.3355689E-02
  0.5555000E-01  0.3386286E-02
  0.5560000E-01  0.3416962E-02
  0.5565000E-01  0.3447722E-02
  0.5570000E-01  0.3478546E-02
  0.5575000E-01  0.3509403E-02
  0.5580000E-01  0.3540292E-02
  0.5585000E-01  0.3571205E-02
  0.5590000E-01  0.3602168E-02
  0.5595000E-01  0.3633194E-02
  0.5600000E-01  0.3664276E-02
  0.5605000E-01  0.3695401E-02
  0.5610000E-01  0.3726577E-02
  0.5615000E-01  0.3757802E-02
  0.5620000E-01  0.3789060E-02
  0.5625000E-01  0.3820336E-02
  0.5630000E-01  0.3851617E-02
  0.5635000E-01  0.3882890E-02
  0.5640000E-01  0.3914126E-02
  0.5645000E-01  0.3945329E-02
  0.5650000E-01  0.3976488E-02
  0.5655000E-01  0.4007557E-02
  0.5660000E-01  0.4038508E-02
  0.5665000E-01  0.4069358E-02
  0.5670000E-01  0.4100161E-02
  0.5675000E-01  0.4130969E-02
  0.5680000E-01  0.4161804E-02
  0.5685000E-01  0.4192672E-02
  0.5690000E-01  0.4223590E-02
  0.5695000E-01  0.4254567E-02
  0.5700000E-01  0.4285554E-02
  0.5705000E-01  0.4316507E-02
  0.5710000E-01  0.4347425E-02
  0.5715000E-01  0.4378361E-02
  0.5720000E-01  0.4409352E-02
  0.5725000E-01  0.4440419E-02
  0.5730000E-01  0.4471553E-02
  0.5735000E-01  0.4502722E-02
  0.5740000E-01  0.4533883E-02
  0.5745000E-01  0.4565017E-02
  0.5750000E-01  0.4596105E-02
  0.5755000E-01  0.4627146E-02
  0.5760000E-01  0.4658150E-02
  0.5765000E-01  0.4689125E-02
  0.5770000E-01  0.4720122E-02
  0.5775000E-01  0.4751178E-02
  0.5780000E-01  0.4782271E-02
  0.5785000E-01  0.4813369E-02
  0.5790000E-01  0.4844457E-02
  0.5795000E-01  0.4875509E-02
  0.5800000E-01  0.4906523E-02
  0.5805000E-01  0.4937497E-02
  0.5810000E-01  0.4968450E-02
  0.5815000E-01  0.4999419E-02
  0.5820000E-01  0.5030397E-02
  0.5825000E-01  0.5061342E-02
  0.5830000E-01  0.5092227E-02
  0.5835000E-01  0.5123031E-02
  0.5840000E-01  0.5153761E-02
  0.5845000E-01  0.5184457E-02
  0.5850000E-01  0.5215155E-02
  0.5855000E-01  0.5245872E-02
  0.5860000E-01  0.5276600E-02
  0.5865000E-01  0.5307338E-02
  0.5870000E-01  0.5338079E-02
  0.5875000E-01  0.5368819E-02
  0.5880000E-01  0.5399518E-02
  0.5885000E-01  0.5430221E-02
  0.5890000E-01  0.5460931E-02
  0.5895000E-01  0.5491641E-02
  0.5900000E-01  0.5522324E-02
  0.5905000E-01  0.5552952E-02
  0.5910000E-01  0.5583558E-02
  0.5915000E-01  0.5614166E-02
  0.5920000E-01  0.5644801E-02
  0.5925000E-01  0.5675482E-02
  0.5930000E-01  0.5706197E-02
  0.5935000E-01  0.5736923E-02
  0.5940000E-01  0.5767651E-02
  0.5945000E-01  0.5798394E-02
  0.5950000E-01  0.5829154E-02
  0.5955000E-01  0.5859943E-02
  0.5960000E-01  0.5890798E-02
  0.5965000E-01  0.5921701E-02
  0.5970000E-01  0.5952633E-02
  0.5975000E-01  0.5983577E-02
  0.5980000E-01  0.6014499E-02
  0.5985000E-01  0.6045370E-02
  0.5990000E-01  0.6076166E-02
  0.5995000E-01  0.6106900E-02
  0.6000000E-01  0.6137609E-02
  0.6005000E-01  0.6168334E-02
  0.6010000E-01  0.6199104E-02
  0.6015000E-01  0.6229990E-02
  0.6020000E-01  0.6260973E-02
  0.6025000E-01  0.6292015E-02
  0.6030000E-01  0.6323073E-02
  0.6035000E-01  0.6354118E-02
  0.6040000E-01  0.6385130E-02
  0.6045000E-01  0.6416127E-02
  0.6050000E-01  0.6447106E-02
  0.6055000E-01  0.6478043E-02
  0.6060000E-01  0.6508935E-02
  0.6065000E-01  0.6539738E-02
  0.6070000E-01  0.6570450E-02
  0.6075000E-01  0.6601119E-02
  0.6080000E-01  0.6631756E-02
  0.6085000E-01  0.6662386E-02
  0.6090000E-01  0.6693028E-02
  0.6095000E-01  0.6723698E-02
  0.6100000E-01  0.6754457E-02
  0.6105000E-01  0.6785320E-02
  0.6110000E-01  0.6816255E-02
  0.6115000E-01  0.6847247E-02
  0.6120000E-01  0.6878284E-02
  0.6125000E-01  0.6909346E-02
  0.6130000E-01  0.6940394E-02
  0.6135000E-01  0.6971387E-02
  0.6140000E-01  0.7002335E-02
  0.6145000E-01  0.7033318E-02
  0.6150000E-01  0.7064390E-02
  0.6155000E-01  0.7095578E-02
  0.6160000E-01  0.7126868E-02
  0.6165000E-01  0.7158220E-02
  0.6170000E-01  0.7189597E-02
  0.6175000E-01  0.7220992E-02
  0.6180000E-01  0.7252442E-02
  0.6185000E-01  0.7283929E-02
  0.6190000E-01  0.7315405E-02
  0.6195000E-01  0.7346838E-02
  0.6200000E-01  0.7378229E-02
  0.6205000E-01  0.7409618E-02
  0.6210000E-01  0.7441052E-02
  0.6215000E-01  0.7472550E-02
  0.6220000E-01  0.7504103E-02
  0.6225000E-01  0.7535688E-02
  0.6230000E-01  0.7567291E-02
  0.6235000E-01  0.7598946E-02
  0.6240000E-01  0.7630672E-02
  0.6245000E-01  0.7662423E-02
  0.6250000E-01  0.7694192E-02
  0.6255000E-01  0.7725961E-02
  0.6260000E-01  0.7757745E-02
  0.6265000E-01  0.7789524E-02
  0.6270000E-01  0.7821268E-02
  0.6275000E-01  0.7852982E-02
  0.6280000E-01  0.7884580E-02
  0.6285000E-01  0.7915975E-02
  0.6290000E-01  0.7947195E-02
  0.6295000E-01  0.7978265E-02
  0.6300000E-01  0.8009194E-02
  0.6305000E-01  0.8039984E-02
  0.6310000E-01  0.8070689E-02
  0.6315000E-01  0.8101338E-02
  0.6320000E-01  0.8131962E-02
  0.6325000E-01  0.8162612E-02
  0.6330000E-01  0.8193308E-02
  0.6335000E-01  0.8224043E-02
  0.6340000E-01  0.8254827E-02
  0.6345000E-01  0.8285676E-02
  0.6350000E-01  0.8316570E-02
  0.6355000E-01  0.8347482E-02
  0.6360000E-01  0.8378469E-02
  0.6365000E-01  0.8409606E-02
  0.6370000E-01  0.8440884E-02
  0.6375000E-01  0.8472288E-02
  0.6380000E-01  0.8503750E-02
  0.6385000E-01  0.8535204E-02
  0.6390000E-01  0.8566569E-02
  0.6395000E-01  0.8597812E-02
  0.6400000E-01  0.8628974E-02
  0.6405000E-01  0.8660059E-02
  0.6410000E-01  0.8691014E-02
  0.6415000E-01  0.8721828E-02
  0.6420000E-01  0.8752521E-02
  0.6425000E-01  0.8783148E-02
  0.6430000E-01  0.8813767E-02
  0.6435000E-01  0.8844438E-02
  0.6440000E-01  0.8875195E-02
  0.6445000E-01  0.8906052E-02
  0.6450000E-01  0.8937025E-02
  0.6455000E-01  0.8968060E-02
  0.6460000E-01  0.8999102E-02
  0.6465000E-01  0.9030132E-02
  0.6470000E-01  0.9061134E-02
  0.6475000E-01  0.9092121E-02
  0.6480000E-01  0.9123157E-02
  0.6485000E-01  0.9154270E-02
  0.6490000E-01  0.9185505E-02
  0.6495000E-01  0.9216862E-02
  0.6500000E-01  0.9248299E-02
  0.6505000E-01  0.9279801E-02
  0.6510000E-01  0.9311341E-02
  0.6515000E-01  0.9342865E-02
  0.6520000E-01  0.9374329E-02
  0.6525000E-01  0.9405747E-02
  0.6530000E-01  0.9437159E-02
  0.6535000E-01  0.9468581E-02
  0.6540000E-01  0.9499981E-02
  0.6545000E-01  0.9531327E-02
  0.6550000E-01  0.9562562E-02
  0.6555000E-01  0.9593666E-02
  0.6560000E-01  0.9624629E-02
  0.6565000E-01  0.9655487E-02
  0.6570000E-01  0.9686303E-02
  0.6575000E-01  0.9717076E-02
  0.6580000E-01  0.9747802E-02
  0.6585000E-01  0.9778469E-02
  0.6590000E-01  0.9809080E-02
  0.6595000E-01  0.9839646E-02
  0.6600000E-01  0.9870114E-02
  0.6605000E-01  0.9900419E-02
  0.6610000E-01  0.9930552E-02
  0.6615000E-01  0.9960561E-02
  0.6620000E-01  0.9990497E-02
  0.6625000E-01  0.1002038E-01
  0.6630000E-01  0.1005021E-01
  0.6635000E-01  0.1008008E-01
  0.6640000E-01  0.1010998E-01
  0.6645000E-01  0.1013990E-01
  0.6650000E-01  0.1016990E-01
  0.6655000E-01  0.1019999E-01
  0.6660000E-01  0.1023013E-01
  0.6665000E-01  0.1026031E-01
  0.6670000E-01  0.1029051E-01
  0.6675000E-01  0.1032068E-01
  0.6680000E-01  0.1035086E-01
  0.6685000E-01  0.1038111E-01
  0.6690000E-01  0.1041146E-01
  0.6695000E-01  0.1044190E-01
  0.6700000E-01  0.1047238E-01
  0.6705000E-01  0.1050287E-01
  0.6710000E-01  0.1053330E-01
  0.6715000E-01  0.1056367E-01
  0.6720000E-01  0.1059405E-01
  0.6725000E-01  0.1062451E-01
  0.6730000E-01  0.1065507E-01
  0.6735000E-01  0.1068575E-01
  0.6740000E-01  0.1071651E-01
  0.6745000E-01  0.1074733E-01
  0.6750000E-01  0.1077815E-01
  0.6755000E-01  0.1080896E-01
  0.6760000E-01  0.1083978E-01
  0.6765000E-01  0.1087065E-01
  0.6770000E-01  0.1090155E-01
  0.6775000E-01  0.1093248E-01
  0.6780000E-01  0.1096343E-01
  0.6785000E-01  0.1099446E-01
  0.6790000E-01  0.1102555E-01
  0.6795000E-01  0.1105671E-01
  0.6800000E-01  0.1108793E-01
  0.6805000E-01  0.1111923E-01
  0.6810000E-01  0.1115059E-01
  0.6815000E-01  0.1118191E-01
  0.6820000E-01  0.1121309E-01
  0.6825000E-01  0.1124422E-01
  0.6830000E-01  0.1127534E-01
  0.6835000E-01  0.1130643E-01
  0.6840000E-01  0.1133746E-01
  0.6845000E-01  0.1136844E-01
  0.6850000E-01  0.1139941E-01
  0.6855000E-01  0.1143040E-01
  0.6860000E-01  0.1146142E-01
  0.6865000E-01  0.1149250E-01
  0.6870000E-01  0.1152363E-01
  0.6875000E-01  0.1155481E-01
  0.6880000E-01  0.1158609E-01
  0.6885000E-01  0.1161747E-01
  0.6890000E-01  0.1164894E-01
  0.6895000E-01  0.1168039E-01
  0.6900000E-01  0.1171172E-01
  0.6905000E-01  0.1174295E-01
  0.6910000E-01  0.1177411E-01
  0.6915000E-01  0.1180518E-01
  0.6920000E-01  0.1183616E-01
  0.6925000E-01  0.1186707E-01
  0.6930000E-01  0.1189794E-01
  0.6935000E-01  0.1192883E-01
  0.6940000E-01  0.1195977E-01
  0.6945000E-01  0.1199074E-01
  0.6950000E-01  0.1202171E-01
  0.6955000E-01  0.1205262E-01
  0.6960000E-01  0.1208346E-01
  0.6965000E-01  0.1211428E-01
  0.6970000E-01  0.1214511E-01
  0.6975000E-01  0.1217598E-01
  0.6980000E-01  0.1220691E-01
  0.6985000E-01  0.1223791E-01
  0.6990000E-01  0.1226900E-01
  0.6995000E-01  0.1230016E-01
  0.7000000E-01  0.1233134E-01
  0.7005000E-01  0.1236260E-01
  0.7010000E-01  0.1239400E-01
  0.7015000E-01  0.1242558E-01
  0.7020000E-01  0.1245735E-01
  0.7025000E-01  0.1248925E-01
  0.7030000E-01  0.1252123E-01
  0.7035000E-01  0.1255321E-01
  0.7040000E-01  0.1258520E-01
  0.7045000E-01  0.1261721E-01
  0.7050000E-01  0.1264926E-01
  0.7055000E-01  0.1268130E-01
  0.7060000E-01  0.1271330E-01
  0.7065000E-01  0.1274520E-01
  0.7070000E-01  0.1277702E-01
  0.7075000E-01  0.1280878E-01
  0.7080000E-01  0.1284052E-01
  0.7085000E-01  0.1287226E-01
  0.7090000E-01  0.1290397E-01
  0.7095000E-01  0.1293570E-01
  0.7100000E-01  0.1296742E-01
  0.7105000E-01  0.1299907E-01
  0.7110000E-01  0.1303059E-01
  0.7115000E-01  0.1306194E-01
  0.7120000E-01  0.1309310E-01
  0.7125000E-01  0.1312407E-01
  0.7130000E-01  0.1315486E-01
  0.7135000E-01  0.1318556E-01
  0.7140000E-01  0.1321621E-01
  0.7145000E-01  0.1324688E-01
  0.7150000E-01  0.1327764E-01
  0.7155000E-01  0.1330848E-01
  0.7160000E-01  0.1333936E-01
  0.7165000E-01  0.1337027E-01
  0.7170000E-01  0.1340115E-01
  0.7175000E-01  0.1343192E-01
  0.7180000E-01  0.1346258E-01
  0.7185000E-01  0.1349312E-01
  0.7190000E-01  0.1352357E-01
  0.7195000E-01  0.1355398E-01
  0.7200000E-01  0.1358434E-01
  0.7205000E-01  0.1361467E-01
  0.7210000E-01  0.1364497E-01
  0.7215000E-01  0.1367530E-01
  0.7220000E-01  0.1370561E-01
  0.7225000E-01  0.1373594E-01
  0.7230000E-01  0.1376626E-01
  0.7235000E-01  0.1379661E-01
  0.7240000E-01  0.1382710E-01
  0.7245000E-01  0.1385778E-01
  0.7250000E-01  0.1388862E-01
  0.7255000E-01  0.1391960E-01
  0.7260000E-01  0.1395069E-01
  0.7265000E-01  0.1398184E-01
  0.7270000E-01  0.1401301E-01
  0.7275000E-01  0.1404414E-01
  0.7280000E-01  0.1407533E-01
  0.7285000E-01  0.1410655E-01
  0.7290000E-01  0.1413779E-01
  0.7295000E-01  0.1416905E-01
  0.7300000E-01  0.1420035E-01
  0.7305000E-01  0.1423166E-01
  0.7310000E-01  0.1426297E-01
  0.7315000E-01  0.1429423E-01
  0.7320000E-01  0.1432541E-01
  0.7325000E-01  0.1435638E-01
  0.7330000E-01  0.1438710E-01
  0.7335000E-01  0.1441754E-01
  0.7340000E-01  0.1444779E-01
  0.7345000E-01  0.1447789E-01
  0.7350000E-01  0.1450793E-01
  0.7355000E-01  0.1453793E-01
  0.7360000E-01  0.1456793E-01
  0.7365000E-01  0.1459794E-01
  0.7370000E-01  0.1462797E-01
  0.7375000E-01  0.1465801E-01
  0.7380000E-01  0.1468806E-01
  0.7385000E-01  0.1471817E-01
  0.7390000E-01  0.1474838E-01
  0.7395000E-01  0.1477865E-01
  0.7400000E-01  0.1480899E-01
  0.7405000E-01  0.1483950E-01
  0.7410000E-01  0.1487019E-01
  0.7415000E-01  0.1490109E-01
  0.7420000E-01  0.1493214E-01
  0.7425000E-01  0.1496332E-01
  0.7430000E-01  0.1499461E-01
  0.7435000E-01  0.1502598E-01
  0.7440000E-01  0.1505734E-01
  0.7445000E-01  0.1508867E-01
  0.7450000E-01  0.1511995E-01
  0.7455000E-01  0.1515118E-01
  0.7460000E-01  0.1518234E-01
  0.7465000E-01  0.1521346E-01
  0.7470000E-01  0.1524459E-01
  0.7475000E-01  0.1527568E-01
  0.7480000E-01  0.1530674E-01
  0.7485000E-01  0.1533772E-01
  0.7490000E-01  0.1536863E-01
  0.7495000E-01  0.1539944E-01
  0.7500000E-01  0.1543012E-01
  0.7505000E-01  0.1546072E-01
  0.7510000E-01  0.1549123E-01
  0.7515000E-01  0.1552164E-01
  0.7520000E-01  0.1555186E-01
  0.7525000E-01  0.1558188E-01
  0.7530000E-01  0.1561179E-01
  0.7535000E-01  0.1564176E-01
  0.7540000E-01  0.1567179E-01
  0.7545000E-01  0.1570190E-01
  0.7550000E-01  0.1573220E-01
  0.7555000E-01  0.1576277E-01
  0.7560000E-01  0.1579364E-01
  0.7565000E-01  0.1582462E-01
  0.7570000E-01  0.1585558E-01
  0.7575000E-01  0.1588650E-01
  0.7580000E-01  0.1591751E-01
  0.7585000E-01  0.1594866E-01
  0.7590000E-01  0.1597989E-01
  0.7595000E-01  0.1601110E-01
  0.7600000E-01  0.1604216E-01
  0.7605000E-01  0.1607308E-01
  0.7610000E-01  0.1610383E-01
  0.7615000E-01  0.1613444E-01
  0.7620000E-01  0.1616496E-01
  0.7625000E-01  0.1619546E-01
  0.7630000E-01  0.1622602E-01
  0.7635000E-01  0.1625675E-01
  0.7640000E-01  0.1628771E-01
  0.7645000E-01  0.1631892E-01
  0.7650000E-01  0.1635016E-01
  0.7655000E-01  0.1638131E-01
  0.7660000E-01  0.1641242E-01
  0.7665000E-01  0.1644345E-01
  0.7670000E-01  0.1647434E-01
  0.7675000E-01  0.1650516E-01
  0.7680000E-01  0.1653590E-01
  0.7685000E-01  0.1656661E-01
  0.7690000E-01  0.1659729E-01
  0.7695000E-01  0.1662804E-01
  0.7700000E-01  0.1665886E-01
  0.7705000E-01  0.1668973E-01
  0.7710000E-01  0.1672062E-01
  0.7715000E-01  0.1675156E-01
  0.7720000E-01  0.1678256E-01
  0.7725000E-01  0.1681347E-01
  0.7730000E-01  0.1684423E-01
  0.7735000E-01  0.1687483E-01
  0.7740000E-01  0.1690536E-01
  0.7745000E-01  0.1693578E-01
  0.7750000E-01  0.1696607E-01
  0.7755000E-01  0.1699632E-01
  0.7760000E-01  0.1702665E-01
  0.7765000E-01  0.1705709E-01
  0.7770000E-01  0.1708758E-01
  0.7775000E-01  0.1711814E-01
  0.7780000E-01  0.1714887E-01
  0.7785000E-01  0.1717976E-01
  0.7790000E-01  0.1721078E-01
  0.7795000E-01  0.1724188E-01
  0.7800000E-01  0.1727304E-01
  0.7805000E-01  0.1730428E-01
  0.7810000E-01  0.1733563E-01
  0.7815000E-01  0.1736713E-01
  0.7820000E-01  0.1739870E-01
  0.7825000E-01  0.1743025E-01
  0.7830000E-01  0.1746173E-01
  0.7835000E-01  0.1749311E-01
  0.7840000E-01  0.1752442E-01
  0.7845000E-01  0.1755566E-01
  0.7850000E-01  0.1758690E-01
  0.7855000E-01  0.1761814E-01
  0.7860000E-01  0.1764935E-01
  0.7865000E-01  0.1768056E-01
  0.7870000E-01  0.1771182E-01
  0.7875000E-01  0.1774317E-01
  0.7880000E-01  0.1777465E-01
  0.7885000E-01  0.1780632E-01
  0.7890000E-01  0.1783809E-01
  0.7895000E-01  0.1786979E-01
  0.7900000E-01  0.1790132E-01
  0.7905000E-01  0.1793265E-01
  0.7910000E-01  0.1796377E-01
  0.7915000E-01  0.1799476E-01
  0.7920000E-01  0.1802562E-01
  0.7925000E-01  0.1805631E-01
  0.7930000E-01  0.1808683E-01
  0.7935000E-01  0.1811718E-01
  0.7940000E-01  0.1814747E-01
  0.7945000E-01  0.1817769E-01
  0.7950000E-01  0.1820780E-01
  0.7955000E-01  0.1823783E-01
  0.7960000E-01  0.1826783E-01
  0.7965000E-01  0.1829775E-01
  0.7970000E-01  0.1832753E-01
  0.7975000E-01  0.1835703E-01
  0.7980000E-01  0.1838621E-01
  0.7985000E-01  0.1841521E-01
  0.7990000E-01  0.1844431E-01
  0.7995000E-01  0.1847363E-01
  0.8000000E-01  0.1850316E-01
  0.8005000E-01  0.1853277E-01
  0.8010000E-01  0.1856236E-01
  0.8015000E-01  0.1859199E-01
  0.8020000E-01  0.1862172E-01
  0.8025000E-01  0.1865155E-01
  0.8030000E-01  0.1868144E-01
  0.8035000E-01  0.1871135E-01
  0.8040000E-01  0.1874118E-01
  0.8045000E-01  0.1877093E-01
  0.8050000E-01  0.1880065E-01
  0.8055000E-01  0.1883030E-01
  0.8060000E-01  0.1885979E-01
  0.8065000E-01  0.1888910E-01
  0.8070000E-01  0.1891832E-01
  0.8075000E-01  0.1894763E-01
  0.8080000E-01  0.1897721E-01
  0.8085000E-01  0.1900706E-01
  0.8090000E-01  0.1903707E-01
  0.8095000E-01  0.1906718E-01
  0.8100000E-01  0.1909737E-01
  0.8105000E-01  0.1912768E-01
  0.8110000E-01  0.1915814E-01
  0.8115000E-01  0.1918865E-01
  0.8120000E-01  0.1921911E-01
  0.8125000E-01  0.1924945E-01
  0.8130000E-01  0.1927968E-01
  0.8135000E-01  0.1930978E-01
  0.8140000E-01  0.1933980E-01
  0.8145000E-01  0.1936976E-01
  0.8150000E-01  0.1939981E-01
  0.8155000E-01  0.1943001E-01
  0.8160000E-01  0.1946026E-01
  0.8165000E-01  0.1949048E-01
  0.8170000E-01  0.1952064E-01
  0.8175000E-01  0.1955071E-01
  0.8180000E-01  0.1958055E-01
  0.8185000E-01  0.1961022E-01
  0.8190000E-01  0.1963984E-01
  0.8195000E-01  0.1966953E-01
  0.8200000E-01  0.1969927E-01
  0.8205000E-01  0.1972903E-01
  0.8210000E-01  0.1975883E-01
  0.8215000E-01  0.1978877E-01
  0.8220000E-01  0.1981898E-01
  0.8225000E-01  0.1984945E-01
  0.8230000E-01  0.1988009E-01
  0.8235000E-01  0.1991079E-01
  0.8240000E-01  0.1994155E-01
  0.8245000E-01  0.1997229E-01
  0.8250000E-01  0.2000299E-01
  0.8255000E-01  0.2003368E-01
  0.8260000E-01  0.2006438E-01
  0.8265000E-01  0.2009512E-01
  0.8270000E-01  0.2012587E-01
  0.8275000E-01  0.2015643E-01
  0.8280000E-01  0.2018665E-01
  0.8285000E-01  0.2021663E-01
  0.8290000E-01  0.2024650E-01
  0.8295000E-01  0.2027649E-01
  0.8300000E-01  0.2030678E-01
  0.8305000E-01  0.2033741E-01
  0.8310000E-01  0.2036837E-01
  0.8315000E-01  0.2039967E-01
  0.8320000E-01  0.2043109E-01
  0.8325000E-01  0.2046244E-01
  0.8330000E-01  0.2049376E-01
  0.8335000E-01  0.2052517E-01
  0.8340000E-01  0.2055666E-01
  0.8345000E-01  0.2058822E-01
  0.8350000E-01  0.2061975E-01
  0.8355000E-01  0.2065115E-01
  0.8360000E-01  0.2068249E-01
  0.8365000E-01  0.2071388E-01
  0.8370000E-01  0.2074525E-01
  0.8375000E-01  0.2077660E-01
  0.8380000E-01  0.2080799E-01
  0.8385000E-01  0.2083944E-01
  0.8390000E-01  0.2087087E-01
  0.8395000E-01  0.2090217E-01
  0.8400000E-01  0.2093341E-01
  0.8405000E-01  0.2096454E-01
  0.8410000E-01  0.2099556E-01
  0.8415000E-01  0.2102652E-01
  0.8420000E-01  0.2105736E-01
  0.8425000E-01  0.2108806E-01
  0.8430000E-01  0.2111867E-01
  0.8435000E-01  0.2114907E-01
  0.8440000E-01  0.2117927E-01
  0.8445000E-01  0.2120928E-01
  0.8450000E-01  0.2123905E-01
  0.8455000E-01  0.2126867E-01
  0.8460000E-01  0.2129803E-01
  0.8465000E-01  0.2132722E-01
  0.8470000E-01  0.2135633E-01
  0.8475000E-01  0.2138544E-01
  0.8480000E-01  0.2141445E-01
  0.8485000E-01  0.2144337E-01
  0.8490000E-01  0.2147234E-01
  0.8495000E-01  0.2150139E-01
  0.8500000E-01  0.2153071E-01
  0.8505000E-01  0.2156033E-01
  0.8510000E-01  0.2159013E-01
  0.8515000E-01  0.2162014E-01
  0.8520000E-01  0.2165028E-01
  0.8525000E-01  0.2168031E-01
  0.8530000E-01  0.2171009E-01
  0.8535000E-01  0.2173964E-01
  0.8540000E-01  0.2176887E-01
  0.8545000E-01  0.2179777E-01
  0.8550000E-01  0.2182639E-01
  0.8555000E-01  0.2185476E-01
  0.8560000E-01  0.2188302E-01
  0.8565000E-01  0.2191135E-01
  0.8570000E-01  0.2193971E-01
  0.8575000E-01  0.2196814E-01
  0.8580000E-01  0.2199669E-01
  0.8585000E-01  0.2202540E-01
  0.8590000E-01  0.2205442E-01
  0.8595000E-01  0.2208374E-01
  0.8600000E-01  0.2211303E-01
  0.8605000E-01  0.2214230E-01
  0.8610000E-01  0.2217168E-01
  0.8615000E-01  0.2220114E-01
  0.8620000E-01  0.2223055E-01
  0.8625000E-01  0.2226008E-01
  0.8630000E-01  0.2228969E-01
  0.8635000E-01  0.2231937E-01
  0.8640000E-01  0.2234899E-01
  0.8645000E-01  0.2237865E-01
  0.8650000E-01  0.2240858E-01
  0.8655000E-01  0.2243857E-01
  0.8660000E-01  0.2246841E-01
  0.8665000E-01  0.2249795E-01
  0.8670000E-01  0.2252713E-01
  0.8675000E-01  0.2255601E-01
  0.8680000E-01  0.2258465E-01
  0.8685000E-01  0.2261298E-01
  0.8690000E-01  0.2264111E-01
  0.8695000E-01  0.2266922E-01
  0.8700000E-01  0.2269753E-01
  0.8705000E-01  0.2272613E-01
  0.8710000E-01  0.2275498E-01
  0.8715000E-01  0.2278400E-01
  0.8720000E-01  0.2281315E-01
  0.8725000E-01  0.2284238E-01
  0.8730000E-01  0.2287176E-01
  0.8735000E-01  0.2290131E-01
  0.8740000E-01  0.2293101E-01
  0.8745000E-01  0.2296077E-01
  0.8750000E-01  0.2299053E-01
  0.8755000E-01  0.2302041E-01
  0.8760000E-01  0.2305051E-01
  0.8765000E-01  0.2308095E-01
  0.8770000E-01  0.2311167E-01
  0.8775000E-01  0.2314253E-01
  0.8780000E-01  0.2317333E-01
  0.8785000E-01  0.2320383E-01
  0.8790000E-01  0.2323389E-01
  0.8795000E-01  0.2326373E-01
  0.8800000E-01  0.2329352E-01
  0.8805000E-01  0.2332332E-01
  0.8810000E-01  0.2335307E-01
  0.8815000E-01  0.2338266E-01
  0.8820000E-01  0.2341200E-01
  0.8825000E-01  0.2344087E-01
  0.8830000E-01  0.2346929E-01
  0.8835000E-01  0.2349732E-01
  0.8840000E-01  0.2352520E-01
  0.8845000E-01  0.2355333E-01
  0.8850000E-01  0.2358170E-01
  0.8855000E-01  0.2361025E-01
  0.8860000E-01  0.2363905E-01
  0.8865000E-01  0.2366794E-01
  0.8870000E-01  0.2369683E-01
  0.8875000E-01  0.2372583E-01
  0.8880000E-01  0.2375503E-01
  0.8885000E-01  0.2378455E-01
  0.8890000E-01  0.2381432E-01
  0.8895000E-01  0.2384420E-01
  0.8900000E-01  0.2387408E-01
  0.8905000E-01  0.2390380E-01
  0.8910000E-01  0.2393350E-01
  0.8915000E-01  0.2396315E-01
  0.8920000E-01  0.2399284E-01
  0.8925000E-01  0.2402258E-01
  0.8930000E-01  0.2405222E-01
  0.8935000E-01  0.2408159E-01
  0.8940000E-01  0.2411052E-01
  0.8945000E-01  0.2413887E-01
  0.8950000E-01  0.2416663E-01
  0.8955000E-01  0.2419400E-01
  0.8960000E-01  0.2422105E-01
  0.8965000E-01  0.2424803E-01
  0.8970000E-01  0.2427498E-01
  0.8975000E-01  0.2430188E-01
  0.8980000E-01  0.2432885E-01
  0.8985000E-01  0.2435573E-01
  0.8990000E-01  0.2438238E-01
  0.8995000E-01  0.2440881E-01
  0.9000000E-01  0.2443501E-01
  0.9005000E-01  0.2446102E-01
  0.9010000E-01  0.2448721E-01
  0.9015000E-01  0.2451379E-01
  0.9020000E-01  0.2454069E-01
  0.9025000E-01  0.2456787E-01
  0.9030000E-01  0.2459530E-01
  0.9035000E-01  0.2462288E-01
  0.9040000E-01  0.2465042E-01
  0.9045000E-01  0.2467773E-01
  0.9050000E-01  0.2470451E-01
  0.9055000E-01  0.2473063E-01
  0.9060000E-01  0.2475608E-01
  0.9065000E-01  0.2478102E-01
  0.9070000E-01  0.2480560E-01
  0.9075000E-01  0.2483017E-01
  0.9080000E-01  0.2485506E-01
  0.9085000E-01  0.2488019E-01
  0.9090000E-01  0.2490573E-01
  0.9095000E-01  0.2493186E-01
  0.9100000E-01  0.2495852E-01
  0.9105000E-01  0.2498565E-01
  0.9110000E-01  0.2501313E-01
  0.9115000E-01  0.2504067E-01
  0.9120000E-01  0.2506830E-01
  0.9125000E-01  0.2509601E-01
  0.9130000E-01  0.2512379E-01
  0.9135000E-01  0.2515182E-01
  0.9140000E-01  0.2518023E-01
  0.9145000E-01  0.2520887E-01
  0.9150000E-01  0.2523739E-01
  0.9155000E-01  0.2526544E-01
  0.9160000E-01  0.2529302E-01
  0.9165000E-01  0.2532023E-01
  0.9170000E-01  0.2534714E-01
  0.9175000E-01  0.2537357E-01
  0.9180000E-01  0.2539969E-01
  0.9185000E-01  0.2542581E-01
  0.9190000E-01  0.2545202E-01
  0.9195000E-01  0.2547859E-01
  0.9200000E-01  0.2550577E-01
  0.9205000E-01  0.2553329E-01
  0.9210000E-01  0.2556075E-01
  0.9215000E-01  0.2558825E-01
  0.9220000E-01  0.2561598E-01
  0.9225000E-01  0.2564392E-01
  0.9230000E-01  0.2567171E-01
  0.9235000E-01  0.2569942E-01
  0.9240000E-01  0.2572676E-01
  0.9245000E-01  0.2575370E-01
  0.9250000E-01  0.2578004E-01
  0.9255000E-01  0.2580587E-01
  0.9260000E-01  0.2583130E-01
  0.9265000E-01  0.2585649E-01
  0.9270000E-01  0.2588192E-01
  0.9275000E-01  0.2590773E-01
  0.9280000E-01  0.2593364E-01
  0.9285000E-01  0.2595932E-01
  0.9290000E-01  0.2598451E-01
  0.9295000E-01  0.2600930E-01
  0.9300000E-01  0.2603375E-01
  0.9305000E-01  0.2605800E-01
  0.9310000E-01  0.2608193E-01
  0.9315000E-01  0.2610555E-01
  0.9320000E-01  0.2612872E-01
  0.9325000E-01  0.2615116E-01
  0.9330000E-01  0.2617298E-01
  0.9335000E-01  0.2619433E-01
  0.9340000E-01  0.2621563E-01
  0.9345000E-01  0.2623722E-01
  0.9350000E-01  0.2625903E-01
  0.9355000E-01  0.2628087E-01
  0.9360000E-01  0.2630266E-01
  0.9365000E-01  0.2632424E-01
  0.9370000E-01  0.2634570E-01
  0.9375000E-01  0.2636718E-01
  0.9380000E-01  0.2638864E-01
  0.9385000E-01  0.2640987E-01
  0.9390000E-01  0.2643099E-01
  0.9395000E-01  0.2645228E-01
  0.9400000E-01  0.2647365E-01
  0.9405000E-01  0.2649490E-01
  0.9410000E-01  0.2651550E-01
  0.9415000E-01  0.2653532E-01
  0.9420000E-01  0.2655469E-01
  0.9425000E-01  0.2657412E-01
  0.9430000E-01  0.2659402E-01
  0.9435000E-01  0.2661447E-01
  0.9440000E-01  0.2663496E-01
  0.9445000E-01  0.2665475E-01
  0.9450000E-01  0.2667383E-01
  0.9455000E-01  0.2669250E-01
  0.9460000E-01  0.2671069E-01
  0.9465000E-01  0.2672842E-01
  0.9470000E-01  0.2674556E-01
  0.9475000E-01  0.2676204E-01
  0.9480000E-01  0.2677731E-01
  0.9485000E-01  0.2679142E-01
  0.9490000E-01  0.2680465E-01
  0.9495000E-01  0.2681723E-01
  0.9500000E-01  0.2682970E-01
  0.9505000E-01  0.2684230E-01
  0.9510000E-01  0.2685493E-01
  0.9515000E-01  0.2686773E-01
  0.9520000E-01  0.2688062E-01
  0.9525000E-01  0.2689374E-01
  0.9530000E-01  0.2690697E-01
  0.9535000E-01  0.2691995E-01
  0.9540000E-01  0.2693177E-01
  0.9545000E-01  0.2694231E-01
  0.9550000E-01  0.2695166E-01
  0.9555000E-01  0.2695982E-01
  0.9560000E-01  0.2696665E-01
  0.9565000E-01  0.2697230E-01
  0.9570000E-01  0.2697684E-01
  0.9575000E-01  0.2698072E-01
  0.9580000E-01  0.2698411E-01
  0.9585000E-01  0.2698737E-01
  0.9590000E-01  0.2699075E-01
  0.9595000E-01  0.2699449E-01
  0.9600000E-01  0.2699838E-01
  0.9605000E-01  0.2700247E-01
  0.9610000E-01  0.2700684E-01
  0.9615000E-01  0.2701113E-01
  0.9620000E-01  0.2701474E-01
  0.9625000E-01  0.2701768E-01
  0.9630000E-01  0.2701995E-01
  0.9635000E-01  0.2702221E-01
  0.9640000E-01  0.2702418E-01
  0.9645000E-01  0.2702607E-01
  0.9650000E-01  0.2702739E-01
  0.9655000E-01  0.2702832E-01
  0.9660000E-01  0.2702872E-01
  0.9665000E-01  0.2702877E-01
  0.9670000E-01  0.2702858E-01
  0.9675000E-01  0.2702870E-01
  0.9680000E-01  0.2702941E-01
  0.9685000E-01  0.2703102E-01
  0.9690000E-01  0.2703326E-01
  0.9695000E-01  0.2703593E-01
  0.9700000E-01  0.2703873E-01
  0.9705000E-01  0.2704167E-01
  0.9710000E-01  0.2704416E-01
  0.9715000E-01  0.2704611E-01
  0.9720000E-01  0.2704688E-01
  0.9725000E-01  0.2704643E-01
  0.9730000E-01  0.2704423E-01
  0.9735000E-01  0.2704005E-01
  0.9740000E-01  0.2703262E-01
  0.9745000E-01  0.2702195E-01
  0.9750000E-01  0.2700716E-01
  0.9755000E-01  0.2698855E-01
  0.9760000E-01  0.2696557E-01
  0.9765000E-01  0.2693722E-01
  0.9770000E-01  0.2690111E-01
  0.9775000E-01  0.2685587E-01
  0.9780000E-01  0.2679913E-01
  0.9785000E-01  0.2672936E-01
  0.9790000E-01  0.2664365E-01
  0.9795000E-01  0.2653983E-01
  0.9800000E-01  0.2641472E-01
  0.9805000E-01  0.2626545E-01
  0.9810000E-01  0.2608802E-01
  0.9815000E-01  0.2587926E-01
  0.9820000E-01  0.2563466E-01
  0.9825000E-01  0.2535072E-01
  0.9830000E-01  0.2502304E-01
  0.9835000E-01  0.2464861E-01
  0.9840000E-01  0.2422368E-01
  0.9845000E-01  0.2374623E-01
  0.9850000E-01  0.2321369E-01
  0.9855000E-01  0.2262558E-01
  0.9860000E-01  0.2198099E-01
  0.9865000E-01  0.2128146E-01
  0.9870000E-01  0.2052826E-01
  0.9875000E-01  0.1972395E-01
  0.9880000E-01  0.1887087E-01
  0.9885000E-01  0.1797175E-01
  0.9890000E-01  0.1702926E-01
  0.9895000E-01  0.1604656E-01
  0.9900000E-01  0.1502698E-01
  0.9905000E-01  0.1397413E-01
  0.9910000E-01  0.1289221E-01
  0.9915000E-01  0.1178664E-01
  0.9920000E-01  0.1066414E-01
  0.9925000E-01  0.9532919E-02
  0.9930000E-01  0.8403252E-02
  0.9935000E-01  0.7287119E-02
  0.9940000E-01  0.6198418E-02
  0.9945000E-01  0.5152827E-02
  0.9950000E-01  0.4167445E-02
  0.9955000E-01  0.3259577E-02
  0.9960000E-01  0.2446032E-02
  0.9965000E-01  0.1741446E-02
  0.9970000E-01  0.1157562E-02
  0.9975000E-01  0.7002509E-03
  0.9980000E-01  0.3690280E-03
  0.9985000E-01  0.1550275E-03
  0.9990000E-01  0.4054329E-04
  0.9995000E-01  0.0000000E+00
  0.1000000E+00  0.0000000E+00
