  0.0000000E+00  0.0000000E+00
  0.5000000E-04 -0.3968180E-16
  0.1000000E-03 -0.3968180E-16
  0.1500000E-03 -0.4095531E-04
  0.2000000E-03 -0.1562956E-03
  0.2500000E-03 -0.3722657E-03
  0.3000000E-03 -0.7057000E-03
  0.3500000E-03 -0.1165430E-02
  0.4000000E-03 -0.1752150E-02
  0.4500000E-03 -0.2459646E-02
  0.5000000E-03 -0.3276244E-02
  0.5500000E-03 -0.4187213E-02
  0.6000000E-03 -0.5175629E-02
  0.6500000E-03 -0.6223764E-02
  0.7000000E-03 -0.7314400E-02
  0.7500000E-03 -0.8431980E-02
  0.8000000E-03 -0.9562490E-02
  0.8500000E-03 -0.1069429E-01
  0.9000000E-03 -0.1181804E-01
  0.9500000E-03 -0.1292544E-01
  0.1000000E-02 -0.1400954E-01
  0.1050000E-02 -0.1506496E-01
  0.1100000E-02 -0.1608722E-01
  0.1150000E-02 -0.1707239E-01
  0.1200000E-02 -0.1801677E-01
  0.1250000E-02 -0.1891725E-01
  0.1300000E-02 -0.1977120E-01
  0.1350000E-02 -0.2057633E-01
  0.1400000E-02 -0.2133052E-01
  0.1450000E-02 -0.2203125E-01
  0.1500000E-02 -0.2267731E-01
  0.1550000E-02 -0.2326710E-01
  0.1600000E-02 -0.2380161E-01
  0.1650000E-02 -0.2428122E-01
  0.1700000E-02 -0.2470798E-01
  0.1750000E-02 -0.2508320E-01
  0.1800000E-02 -0.2541090E-01
  0.1850000E-02 -0.2569432E-01
  0.1900000E-02 -0.2593817E-01
  0.1950000E-02 -0.2614621E-01
  0.2000000E-02 -0.2632297E-01
  0.2050000E-02 -0.2647164E-01
  0.2100000E-02 -0.2659605E-01
  0.2150000E-02 -0.2669886E-01
  0.2200000E-02 -0.2678395E-01
  0.2250000E-02 -0.2685352E-01
  0.2300000E-02 -0.2691033E-01
  0.2350000E-02 -0.2695596E-01
  0.2400000E-02 -0.2699246E-01
  0.2450000E-02 -0.2702067E-01
  0.2500000E-02 -0.2704252E-01
  0.2550000E-02 -0.2705912E-01
  0.2600000E-02 -0.2707215E-01
  0.2650000E-02 -0.2708187E-01
  0.2700000E-02 -0.2708887E-01
  0.2750000E-02 -0.2709336E-01
  0.2800000E-02 -0.2709588E-01
  0.2850000E-02 -0.2709641E-01
  0.2900000E-02 -0.2709554E-01
  0.2950000E-02 -0.2709316E-01
  0.3000000E-02 -0.2708990E-01
  0.3050000E-02 -0.2708609E-01
  0.3100000E-02 -0.2708233E-01
  0.3150000E-02 -0.2707859E-01
  0.3200000E-02 -0.2707562E-01
  0.3250000E-02 -0.2707334E-01
  0.3300000E-02 -0.2707205E-01
  0.3350000E-02 -0.2707132E-01
  0.3400000E-02 -0.2707075E-01
  0.3450000E-02 -0.2706975E-01
  0.3500000E-02 -0.2706848E-01
  0.3550000E-02 -0.2706664E-01
  0.3600000E-02 -0.2706398E-01
  0.3650000E-02 -0.2706048E-01
  0.3700000E-02 -0.2705710E-01
  0.3750000E-02 -0.2705415E-01
  0.3800000E-02 -0.2705174E-01
  0.3850000E-02 -0.2704971E-01
  0.3900000E-02 -0.2704777E-01
  0.3950000E-02 -0.2704553E-01
  0.4000000E-02 -0.2704324E-01
  0.4050000E-02 -0.2704091E-01
  0.4100000E-02 -0.2703873E-01
  0.4150000E-02 -0.2703629E-01
  0.4200000E-02 -0.2703321E-01
  0.4250000E-02 -0.2702897E-01
  0.4300000E-02 -0.2702377E-01
  0.4350000E-02 -0.2701734E-01
  0.4400000E-02 -0.2700970E-01
  0.4450000E-02 -0.2700099E-01
  0.4500000E-02 -0.2699159E-01
  0.4550000E-02 -0.2698154E-01
  0.4600000E-02 -0.2697099E-01
  0.4650000E-02 -0.2696007E-01
  0.4700000E-02 -0.2694932E-01
  0.4750000E-02 -0.2693884E-01
  0.4800000E-02 -0.2692833E-01
  0.4850000E-02 -0.2691744E-01
  0.4900000E-02 -0.2690578E-01
  0.4950000E-02 -0.2689361E-01
  0.5000000E-02 -0.2688116E-01
  0.5050000E-02 -0.2686818E-01
  0.5100000E-02 -0.2685439E-01
  0.5150000E-02 -0.2683948E-01
  0.5200000E-02 -0.2682360E-01
  0.5250000E-02 -0.2680668E-01
  0.5300000E-02 -0.2678909E-01
  0.5350000E-02 -0.2677088E-01
  0.5400000E-02 -0.2675261E-01
  0.5450000E-02 -0.2673453E-01
  0.5500000E-02 -0.2671642E-01
  0.5550000E-02 -0.2669850E-01
  0.5600000E-02 -0.2668087E-01
  0.5650000E-02 -0.2666321E-01
  0.5700000E-02 -0.2664530E-01
  0.5750000E-02 -0.2662732E-01
  0.5800000E-02 -0.2660945E-01
  0.5850000E-02 -0.2659131E-01
  0.5900000E-02 -0.2657279E-01
  0.5950000E-02 -0.2655398E-01
  0.6000000E-02 -0.2653485E-01
  0.6050000E-02 -0.2651509E-01
  0.6100000E-02 -0.2649461E-01
  0.6150000E-02 -0.2647360E-01
  0.6200000E-02 -0.2645233E-01
  0.6250000E-02 -0.2643085E-01
  0.6300000E-02 -0.2640928E-01
  0.6350000E-02 -0.2638749E-01
  0.6400000E-02 -0.2636543E-01
  0.6450000E-02 -0.2634275E-01
  0.6500000E-02 -0.2631937E-01
  0.6550000E-02 -0.2629551E-01
  0.6600000E-02 -0.2627139E-01
  0.6650000E-02 -0.2624677E-01
  0.6700000E-02 -0.2622189E-01
  0.6750000E-02 -0.2619671E-01
  0.6800000E-02 -0.2617153E-01
  0.6850000E-02 -0.2614664E-01
  0.6900000E-02 -0.2612218E-01
  0.6950000E-02 -0.2609781E-01
  0.7000000E-02 -0.2607342E-01
  0.7050000E-02 -0.2604918E-01
  0.7100000E-02 -0.2602514E-01
  0.7150000E-02 -0.2600112E-01
  0.7200000E-02 -0.2597698E-01
  0.7250000E-02 -0.2595254E-01
  0.7300000E-02 -0.2592778E-01
  0.7350000E-02 -0.2590293E-01
  0.7400000E-02 -0.2587795E-01
  0.7450000E-02 -0.2585276E-01
  0.7500000E-02 -0.2582740E-01
  0.7550000E-02 -0.2580197E-01
  0.7600000E-02 -0.2577646E-01
  0.7650000E-02 -0.2575087E-01
  0.7700000E-02 -0.2572540E-01
  0.7750000E-02 -0.2569989E-01
  0.7800000E-02 -0.2567402E-01
  0.7850000E-02 -0.2564808E-01
  0.7900000E-02 -0.2562230E-01
  0.7950000E-02 -0.2559647E-01
  0.8000000E-02 -0.2557041E-01
  0.8050000E-02 -0.2554437E-01
  0.8100000E-02 -0.2551858E-01
  0.8150000E-02 -0.2549289E-01
  0.8200000E-02 -0.2546722E-01
  0.8250000E-02 -0.2544136E-01
  0.8300000E-02 -0.2541503E-01
  0.8350000E-02 -0.2538849E-01
  0.8400000E-02 -0.2536186E-01
  0.8450000E-02 -0.2533507E-01
  0.8500000E-02 -0.2530816E-01
  0.8550000E-02 -0.2528111E-01
  0.8600000E-02 -0.2525404E-01
  0.8650000E-02 -0.2522716E-01
  0.8700000E-02 -0.2520057E-01
  0.8750000E-02 -0.2517431E-01
  0.8800000E-02 -0.2514839E-01
  0.8850000E-02 -0.2512253E-01
  0.8900000E-02 -0.2509640E-01
  0.8950000E-02 -0.2507002E-01
  0.9000000E-02 -0.2504344E-01
  0.9050000E-02 -0.2501688E-01
  0.9100000E-02 -0.2499024E-01
  0.9150000E-02 -0.2496332E-01
  0.9200000E-02 -0.2493609E-01
  0.9250000E-02 -0.2490868E-01
  0.9300000E-02 -0.2488111E-01
  0.9350000E-02 -0.2485328E-01
  0.9400000E-02 -0.2482506E-01
  0.9450000E-02 -0.2479634E-01
  0.9500000E-02 -0.2476730E-01
  0.9550000E-02 -0.2473801E-01
  0.9600000E-02 -0.2470853E-01
  0.9650000E-02 -0.2467907E-01
  0.9700000E-02 -0.2464971E-01
  0.9750000E-02 -0.2462029E-01
  0.9800000E-02 -0.2459097E-01
  0.9850000E-02 -0.2456199E-01
  0.9900000E-02 -0.2453348E-01
  0.9950000E-02 -0.2450539E-01
  0.1000000E-01 -0.2447759E-01
  0.1005000E-01 -0.2444981E-01
  0.1010000E-01 -0.2442185E-01
  0.1015000E-01 -0.2439370E-01
  0.1020000E-01 -0.2436552E-01
  0.1025000E-01 -0.2433740E-01
  0.1030000E-01 -0.2430954E-01
  0.1035000E-01 -0.2428223E-01
  0.1040000E-01 -0.2425559E-01
  0.1045000E-01 -0.2422928E-01
  0.1050000E-01 -0.2420285E-01
  0.1055000E-01 -0.2417618E-01
  0.1060000E-01 -0.2414936E-01
  0.1065000E-01 -0.2412252E-01
  0.1070000E-01 -0.2409577E-01
  0.1075000E-01 -0.2406910E-01
  0.1080000E-01 -0.2404245E-01
  0.1085000E-01 -0.2401563E-01
  0.1090000E-01 -0.2398854E-01
  0.1095000E-01 -0.2396125E-01
  0.1100000E-01 -0.2393380E-01
  0.1105000E-01 -0.2390607E-01
  0.1110000E-01 -0.2387803E-01
  0.1115000E-01 -0.2384999E-01
  0.1120000E-01 -0.2382199E-01
  0.1125000E-01 -0.2379379E-01
  0.1130000E-01 -0.2376529E-01
  0.1135000E-01 -0.2373635E-01
  0.1140000E-01 -0.2370722E-01
  0.1145000E-01 -0.2367795E-01
  0.1150000E-01 -0.2364842E-01
  0.1155000E-01 -0.2361859E-01
  0.1160000E-01 -0.2358862E-01
  0.1165000E-01 -0.2355868E-01
  0.1170000E-01 -0.2352885E-01
  0.1175000E-01 -0.2349924E-01
  0.1180000E-01 -0.2346975E-01
  0.1185000E-01 -0.2344014E-01
  0.1190000E-01 -0.2341033E-01
  0.1195000E-01 -0.2338037E-01
  0.1200000E-01 -0.2335062E-01
  0.1205000E-01 -0.2332133E-01
  0.1210000E-01 -0.2329254E-01
  0.1215000E-01 -0.2326440E-01
  0.1220000E-01 -0.2323667E-01
  0.1225000E-01 -0.2320902E-01
  0.1230000E-01 -0.2318145E-01
  0.1235000E-01 -0.2315373E-01
  0.1240000E-01 -0.2312562E-01
  0.1245000E-01 -0.2309723E-01
  0.1250000E-01 -0.2306886E-01
  0.1255000E-01 -0.2304054E-01
  0.1260000E-01 -0.2301214E-01
  0.1265000E-01 -0.2298355E-01
  0.1270000E-01 -0.2295484E-01
  0.1275000E-01 -0.2292599E-01
  0.1280000E-01 -0.2289689E-01
  0.1285000E-01 -0.2286752E-01
  0.1290000E-01 -0.2283812E-01
  0.1295000E-01 -0.2280880E-01
  0.1300000E-01 -0.2277963E-01
  0.1305000E-01 -0.2275063E-01
  0.1310000E-01 -0.2272173E-01
  0.1315000E-01 -0.2269283E-01
  0.1320000E-01 -0.2266392E-01
  0.1325000E-01 -0.2263493E-01
  0.1330000E-01 -0.2260584E-01
  0.1335000E-01 -0.2257683E-01
  0.1340000E-01 -0.2254791E-01
  0.1345000E-01 -0.2251893E-01
  0.1350000E-01 -0.2248991E-01
  0.1355000E-01 -0.2246077E-01
  0.1360000E-01 -0.2243151E-01
  0.1365000E-01 -0.2240209E-01
  0.1370000E-01 -0.2237248E-01
  0.1375000E-01 -0.2234266E-01
  0.1380000E-01 -0.2231268E-01
  0.1385000E-01 -0.2228249E-01
  0.1390000E-01 -0.2225217E-01
  0.1395000E-01 -0.2222185E-01
  0.1400000E-01 -0.2219155E-01
  0.1405000E-01 -0.2216118E-01
  0.1410000E-01 -0.2213063E-01
  0.1415000E-01 -0.2210004E-01
  0.1420000E-01 -0.2206952E-01
  0.1425000E-01 -0.2203916E-01
  0.1430000E-01 -0.2200893E-01
  0.1435000E-01 -0.2197875E-01
  0.1440000E-01 -0.2194849E-01
  0.1445000E-01 -0.2191827E-01
  0.1450000E-01 -0.2188823E-01
  0.1455000E-01 -0.2185828E-01
  0.1460000E-01 -0.2182834E-01
  0.1465000E-01 -0.2179822E-01
  0.1470000E-01 -0.2176779E-01
  0.1475000E-01 -0.2173709E-01
  0.1480000E-01 -0.2170634E-01
  0.1485000E-01 -0.2167559E-01
  0.1490000E-01 -0.2164483E-01
  0.1495000E-01 -0.2161400E-01
  0.1500000E-01 -0.2158293E-01
  0.1505000E-01 -0.2155179E-01
  0.1510000E-01 -0.2152080E-01
  0.1515000E-01 -0.2149008E-01
  0.1520000E-01 -0.2145958E-01
  0.1525000E-01 -0.2142937E-01
  0.1530000E-01 -0.2139929E-01
  0.1535000E-01 -0.2136920E-01
  0.1540000E-01 -0.2133894E-01
  0.1545000E-01 -0.2130842E-01
  0.1550000E-01 -0.2127771E-01
  0.1555000E-01 -0.2124698E-01
  0.1560000E-01 -0.2121626E-01
  0.1565000E-01 -0.2118556E-01
  0.1570000E-01 -0.2115496E-01
  0.1575000E-01 -0.2112462E-01
  0.1580000E-01 -0.2109463E-01
  0.1585000E-01 -0.2106491E-01
  0.1590000E-01 -0.2103542E-01
  0.1595000E-01 -0.2100608E-01
  0.1600000E-01 -0.2097672E-01
  0.1605000E-01 -0.2094720E-01
  0.1610000E-01 -0.2091755E-01
  0.1615000E-01 -0.2088796E-01
  0.1620000E-01 -0.2085848E-01
  0.1625000E-01 -0.2082899E-01
  0.1630000E-01 -0.2079953E-01
  0.1635000E-01 -0.2077025E-01
  0.1640000E-01 -0.2074108E-01
  0.1645000E-01 -0.2071185E-01
  0.1650000E-01 -0.2068242E-01
  0.1655000E-01 -0.2065271E-01
  0.1660000E-01 -0.2062280E-01
  0.1665000E-01 -0.2059283E-01
  0.1670000E-01 -0.2056294E-01
  0.1675000E-01 -0.2053322E-01
  0.1680000E-01 -0.2050382E-01
  0.1685000E-01 -0.2047457E-01
  0.1690000E-01 -0.2044531E-01
  0.1695000E-01 -0.2041577E-01
  0.1700000E-01 -0.2038591E-01
  0.1705000E-01 -0.2035588E-01
  0.1710000E-01 -0.2032570E-01
  0.1715000E-01 -0.2029538E-01
  0.1720000E-01 -0.2026493E-01
  0.1725000E-01 -0.2023433E-01
  0.1730000E-01 -0.2020370E-01
  0.1735000E-01 -0.2017310E-01
  0.1740000E-01 -0.2014252E-01
  0.1745000E-01 -0.2011195E-01
  0.1750000E-01 -0.2008142E-01
  0.1755000E-01 -0.2005091E-01
  0.1760000E-01 -0.2002040E-01
  0.1765000E-01 -0.1998995E-01
  0.1770000E-01 -0.1995962E-01
  0.1775000E-01 -0.1992935E-01
  0.1780000E-01 -0.1989908E-01
  0.1785000E-01 -0.1986881E-01
  0.1790000E-01 -0.1983858E-01
  0.1795000E-01 -0.1980843E-01
  0.1800000E-01 -0.1977834E-01
  0.1805000E-01 -0.1974818E-01
  0.1810000E-01 -0.1971789E-01
  0.1815000E-01 -0.1968762E-01
  0.1820000E-01 -0.1965733E-01
  0.1825000E-01 -0.1962691E-01
  0.1830000E-01 -0.1959635E-01
  0.1835000E-01 -0.1956572E-01
  0.1840000E-01 -0.1953511E-01
  0.1845000E-01 -0.1950454E-01
  0.1850000E-01 -0.1947402E-01
  0.1855000E-01 -0.1944349E-01
  0.1860000E-01 -0.1941300E-01
  0.1865000E-01 -0.1938247E-01
  0.1870000E-01 -0.1935186E-01
  0.1875000E-01 -0.1932124E-01
  0.1880000E-01 -0.1929065E-01
  0.1885000E-01 -0.1926003E-01
  0.1890000E-01 -0.1922951E-01
  0.1895000E-01 -0.1919924E-01
  0.1900000E-01 -0.1916916E-01
  0.1905000E-01 -0.1913916E-01
  0.1910000E-01 -0.1910924E-01
  0.1915000E-01 -0.1907946E-01
  0.1920000E-01 -0.1904978E-01
  0.1925000E-01 -0.1902013E-01
  0.1930000E-01 -0.1899055E-01
  0.1935000E-01 -0.1896103E-01
  0.1940000E-01 -0.1893150E-01
  0.1945000E-01 -0.1890194E-01
  0.1950000E-01 -0.1887225E-01
  0.1955000E-01 -0.1884248E-01
  0.1960000E-01 -0.1881281E-01
  0.1965000E-01 -0.1878331E-01
  0.1970000E-01 -0.1875390E-01
  0.1975000E-01 -0.1872450E-01
  0.1980000E-01 -0.1869508E-01
  0.1985000E-01 -0.1866562E-01
  0.1990000E-01 -0.1863613E-01
  0.1995000E-01 -0.1860668E-01
  0.2000000E-01 -0.1857724E-01
  0.2005000E-01 -0.1854768E-01
  0.2010000E-01 -0.1851796E-01
  0.2015000E-01 -0.1848810E-01
  0.2020000E-01 -0.1845818E-01
  0.2025000E-01 -0.1842820E-01
  0.2030000E-01 -0.1839816E-01
  0.2035000E-01 -0.1836814E-01
  0.2040000E-01 -0.1833821E-01
  0.2045000E-01 -0.1830827E-01
  0.2050000E-01 -0.1827832E-01
  0.2055000E-01 -0.1824828E-01
  0.2060000E-01 -0.1821817E-01
  0.2065000E-01 -0.1818796E-01
  0.2070000E-01 -0.1815761E-01
  0.2075000E-01 -0.1812711E-01
  0.2080000E-01 -0.1809645E-01
  0.2085000E-01 -0.1806551E-01
  0.2090000E-01 -0.1803425E-01
  0.2095000E-01 -0.1800279E-01
  0.2100000E-01 -0.1797123E-01
  0.2105000E-01 -0.1793964E-01
  0.2110000E-01 -0.1790796E-01
  0.2115000E-01 -0.1787627E-01
  0.2120000E-01 -0.1784467E-01
  0.2125000E-01 -0.1781320E-01
  0.2130000E-01 -0.1778189E-01
  0.2135000E-01 -0.1775070E-01
  0.2140000E-01 -0.1771971E-01
  0.2145000E-01 -0.1768900E-01
  0.2150000E-01 -0.1765845E-01
  0.2155000E-01 -0.1762792E-01
  0.2160000E-01 -0.1759739E-01
  0.2165000E-01 -0.1756681E-01
  0.2170000E-01 -0.1753620E-01
  0.2175000E-01 -0.1750563E-01
  0.2180000E-01 -0.1747517E-01
  0.2185000E-01 -0.1744490E-01
  0.2190000E-01 -0.1741474E-01
  0.2195000E-01 -0.1738462E-01
  0.2200000E-01 -0.1735456E-01
  0.2205000E-01 -0.1732454E-01
  0.2210000E-01 -0.1729449E-01
  0.2215000E-01 -0.1726437E-01
  0.2220000E-01 -0.1723415E-01
  0.2225000E-01 -0.1720382E-01
  0.2230000E-01 -0.1717348E-01
  0.2235000E-01 -0.1714309E-01
  0.2240000E-01 -0.1711274E-01
  0.2245000E-01 -0.1708243E-01
  0.2250000E-01 -0.1705213E-01
  0.2255000E-01 -0.1702180E-01
  0.2260000E-01 -0.1699138E-01
  0.2265000E-01 -0.1696088E-01
  0.2270000E-01 -0.1693028E-01
  0.2275000E-01 -0.1689955E-01
  0.2280000E-01 -0.1686868E-01
  0.2285000E-01 -0.1683776E-01
  0.2290000E-01 -0.1680679E-01
  0.2295000E-01 -0.1677578E-01
  0.2300000E-01 -0.1674472E-01
  0.2305000E-01 -0.1671355E-01
  0.2310000E-01 -0.1668229E-01
  0.2315000E-01 -0.1665100E-01
  0.2320000E-01 -0.1661975E-01
  0.2325000E-01 -0.1658859E-01
  0.2330000E-01 -0.1655757E-01
  0.2335000E-01 -0.1652663E-01
  0.2340000E-01 -0.1649576E-01
  0.2345000E-01 -0.1646491E-01
  0.2350000E-01 -0.1643411E-01
  0.2355000E-01 -0.1640343E-01
  0.2360000E-01 -0.1637287E-01
  0.2365000E-01 -0.1634240E-01
  0.2370000E-01 -0.1631186E-01
  0.2375000E-01 -0.1628115E-01
  0.2380000E-01 -0.1625026E-01
  0.2385000E-01 -0.1621928E-01
  0.2390000E-01 -0.1618825E-01
  0.2395000E-01 -0.1615722E-01
  0.2400000E-01 -0.1612615E-01
  0.2405000E-01 -0.1609511E-01
  0.2410000E-01 -0.1606405E-01
  0.2415000E-01 -0.1603298E-01
  0.2420000E-01 -0.1600199E-01
  0.2425000E-01 -0.1597115E-01
  0.2430000E-01 -0.1594041E-01
  0.2435000E-01 -0.1590977E-01
  0.2440000E-01 -0.1587915E-01
  0.2445000E-01 -0.1584854E-01
  0.2450000E-01 -0.1581801E-01
  0.2455000E-01 -0.1578760E-01
  0.2460000E-01 -0.1575741E-01
  0.2465000E-01 -0.1572739E-01
  0.2470000E-01 -0.1569748E-01
  0.2475000E-01 -0.1566766E-01
  0.2480000E-01 -0.1563789E-01
  0.2485000E-01 -0.1560814E-01
  0.2490000E-01 -0.1557845E-01
  0.2495000E-01 -0.1554879E-01
  0.2500000E-01 -0.1551909E-01
  0.2505000E-01 -0.1548924E-01
  0.2510000E-01 -0.1545919E-01
  0.2515000E-01 -0.1542900E-01
  0.2520000E-01 -0.1539874E-01
  0.2525000E-01 -0.1536856E-01
  0.2530000E-01 -0.1533852E-01
  0.2535000E-01 -0.1530855E-01
  0.2540000E-01 -0.1527853E-01
  0.2545000E-01 -0.1524845E-01
  0.2550000E-01 -0.1521827E-01
  0.2555000E-01 -0.1518801E-01
  0.2560000E-01 -0.1515765E-01
  0.2565000E-01 -0.1512718E-01
  0.2570000E-01 -0.1509653E-01
  0.2575000E-01 -0.1506573E-01
  0.2580000E-01 -0.1503481E-01
  0.2585000E-01 -0.1500386E-01
  0.2590000E-01 -0.1497296E-01
  0.2595000E-01 -0.1494210E-01
  0.2600000E-01 -0.1491124E-01
  0.2605000E-01 -0.1488023E-01
  0.2610000E-01 -0.1484903E-01
  0.2615000E-01 -0.1481759E-01
  0.2620000E-01 -0.1478591E-01
  0.2625000E-01 -0.1475399E-01
  0.2630000E-01 -0.1472186E-01
  0.2635000E-01 -0.1468964E-01
  0.2640000E-01 -0.1465742E-01
  0.2645000E-01 -0.1462529E-01
  0.2650000E-01 -0.1459332E-01
  0.2655000E-01 -0.1456161E-01
  0.2660000E-01 -0.1453013E-01
  0.2665000E-01 -0.1449879E-01
  0.2670000E-01 -0.1446750E-01
  0.2675000E-01 -0.1443609E-01
  0.2680000E-01 -0.1440460E-01
  0.2685000E-01 -0.1437305E-01
  0.2690000E-01 -0.1434141E-01
  0.2695000E-01 -0.1430972E-01
  0.2700000E-01 -0.1427811E-01
  0.2705000E-01 -0.1424662E-01
  0.2710000E-01 -0.1421525E-01
  0.2715000E-01 -0.1418401E-01
  0.2720000E-01 -0.1415287E-01
  0.2725000E-01 -0.1412181E-01
  0.2730000E-01 -0.1409083E-01
  0.2735000E-01 -0.1405987E-01
  0.2740000E-01 -0.1402888E-01
  0.2745000E-01 -0.1399784E-01
  0.2750000E-01 -0.1396666E-01
  0.2755000E-01 -0.1393538E-01
  0.2760000E-01 -0.1390402E-01
  0.2765000E-01 -0.1387260E-01
  0.2770000E-01 -0.1384102E-01
  0.2775000E-01 -0.1380930E-01
  0.2780000E-01 -0.1377749E-01
  0.2785000E-01 -0.1374560E-01
  0.2790000E-01 -0.1371362E-01
  0.2795000E-01 -0.1368163E-01
  0.2800000E-01 -0.1364967E-01
  0.2805000E-01 -0.1361776E-01
  0.2810000E-01 -0.1358592E-01
  0.2815000E-01 -0.1355405E-01
  0.2820000E-01 -0.1352217E-01
  0.2825000E-01 -0.1349030E-01
  0.2830000E-01 -0.1345845E-01
  0.2835000E-01 -0.1342667E-01
  0.2840000E-01 -0.1339497E-01
  0.2845000E-01 -0.1336331E-01
  0.2850000E-01 -0.1333173E-01
  0.2855000E-01 -0.1330027E-01
  0.2860000E-01 -0.1326894E-01
  0.2865000E-01 -0.1323776E-01
  0.2870000E-01 -0.1320672E-01
  0.2875000E-01 -0.1317571E-01
  0.2880000E-01 -0.1314467E-01
  0.2885000E-01 -0.1311361E-01
  0.2890000E-01 -0.1308260E-01
  0.2895000E-01 -0.1305170E-01
  0.2900000E-01 -0.1302085E-01
  0.2905000E-01 -0.1299002E-01
  0.2910000E-01 -0.1295925E-01
  0.2915000E-01 -0.1292853E-01
  0.2920000E-01 -0.1289779E-01
  0.2925000E-01 -0.1286707E-01
  0.2930000E-01 -0.1283642E-01
  0.2935000E-01 -0.1280590E-01
  0.2940000E-01 -0.1277551E-01
  0.2945000E-01 -0.1274524E-01
  0.2950000E-01 -0.1271495E-01
  0.2955000E-01 -0.1268450E-01
  0.2960000E-01 -0.1265384E-01
  0.2965000E-01 -0.1262302E-01
  0.2970000E-01 -0.1259208E-01
  0.2975000E-01 -0.1256108E-01
  0.2980000E-01 -0.1253005E-01
  0.2985000E-01 -0.1249900E-01
  0.2990000E-01 -0.1246791E-01
  0.2995000E-01 -0.1243684E-01
  0.3000000E-01 -0.1240582E-01
  0.3005000E-01 -0.1237486E-01
  0.3010000E-01 -0.1234398E-01
  0.3015000E-01 -0.1231326E-01
  0.3020000E-01 -0.1228278E-01
  0.3025000E-01 -0.1225248E-01
  0.3030000E-01 -0.1222220E-01
  0.3035000E-01 -0.1219188E-01
  0.3040000E-01 -0.1216156E-01
  0.3045000E-01 -0.1213122E-01
  0.3050000E-01 -0.1210088E-01
  0.3055000E-01 -0.1207049E-01
  0.3060000E-01 -0.1203994E-01
  0.3065000E-01 -0.1200920E-01
  0.3070000E-01 -0.1197836E-01
  0.3075000E-01 -0.1194751E-01
  0.3080000E-01 -0.1191669E-01
  0.3085000E-01 -0.1188589E-01
  0.3090000E-01 -0.1185510E-01
  0.3095000E-01 -0.1182428E-01
  0.3100000E-01 -0.1179340E-01
  0.3105000E-01 -0.1176249E-01
  0.3110000E-01 -0.1173166E-01
  0.3115000E-01 -0.1170094E-01
  0.3120000E-01 -0.1167031E-01
  0.3125000E-01 -0.1163974E-01
  0.3130000E-01 -0.1160917E-01
  0.3135000E-01 -0.1157863E-01
  0.3140000E-01 -0.1154813E-01
  0.3145000E-01 -0.1151765E-01
  0.3150000E-01 -0.1148726E-01
  0.3155000E-01 -0.1145695E-01
  0.3160000E-01 -0.1142665E-01
  0.3165000E-01 -0.1139634E-01
  0.3170000E-01 -0.1136599E-01
  0.3175000E-01 -0.1133552E-01
  0.3180000E-01 -0.1130500E-01
  0.3185000E-01 -0.1127441E-01
  0.3190000E-01 -0.1124369E-01
  0.3195000E-01 -0.1121287E-01
  0.3200000E-01 -0.1118205E-01
  0.3205000E-01 -0.1115127E-01
  0.3210000E-01 -0.1112048E-01
  0.3215000E-01 -0.1108969E-01
  0.3220000E-01 -0.1105893E-01
  0.3225000E-01 -0.1102811E-01
  0.3230000E-01 -0.1099720E-01
  0.3235000E-01 -0.1096624E-01
  0.3240000E-01 -0.1093529E-01
  0.3245000E-01 -0.1090439E-01
  0.3250000E-01 -0.1087357E-01
  0.3255000E-01 -0.1084285E-01
  0.3260000E-01 -0.1081216E-01
  0.3265000E-01 -0.1078144E-01
  0.3270000E-01 -0.1075071E-01
  0.3275000E-01 -0.1071994E-01
  0.3280000E-01 -0.1068916E-01
  0.3285000E-01 -0.1065837E-01
  0.3290000E-01 -0.1062752E-01
  0.3295000E-01 -0.1059656E-01
  0.3300000E-01 -0.1056546E-01
  0.3305000E-01 -0.1053429E-01
  0.3310000E-01 -0.1050308E-01
  0.3315000E-01 -0.1047183E-01
  0.3320000E-01 -0.1044059E-01
  0.3325000E-01 -0.1040930E-01
  0.3330000E-01 -0.1037801E-01
  0.3335000E-01 -0.1034668E-01
  0.3340000E-01 -0.1031532E-01
  0.3345000E-01 -0.1028397E-01
  0.3350000E-01 -0.1025262E-01
  0.3355000E-01 -0.1022122E-01
  0.3360000E-01 -0.1018974E-01
  0.3365000E-01 -0.1015828E-01
  0.3370000E-01 -0.1012686E-01
  0.3375000E-01 -0.1009549E-01
  0.3380000E-01 -0.1006420E-01
  0.3385000E-01 -0.1003305E-01
  0.3390000E-01 -0.1000206E-01
  0.3395000E-01 -0.9971190E-02
  0.3400000E-01 -0.9940368E-02
  0.3405000E-01 -0.9909553E-02
  0.3410000E-01 -0.9878752E-02
  0.3415000E-01 -0.9847911E-02
  0.3420000E-01 -0.9816994E-02
  0.3425000E-01 -0.9786005E-02
  0.3430000E-01 -0.9754938E-02
  0.3435000E-01 -0.9723785E-02
  0.3440000E-01 -0.9692596E-02
  0.3445000E-01 -0.9661382E-02
  0.3450000E-01 -0.9630122E-02
  0.3455000E-01 -0.9598826E-02
  0.3460000E-01 -0.9567514E-02
  0.3465000E-01 -0.9536255E-02
  0.3470000E-01 -0.9505095E-02
  0.3475000E-01 -0.9474055E-02
  0.3480000E-01 -0.9443145E-02
  0.3485000E-01 -0.9412310E-02
  0.3490000E-01 -0.9381494E-02
  0.3495000E-01 -0.9350633E-02
  0.3500000E-01 -0.9319649E-02
  0.3505000E-01 -0.9288500E-02
  0.3510000E-01 -0.9257193E-02
  0.3515000E-01 -0.9225794E-02
  0.3520000E-01 -0.9194368E-02
  0.3525000E-01 -0.9162944E-02
  0.3530000E-01 -0.9131543E-02
  0.3535000E-01 -0.9100143E-02
  0.3540000E-01 -0.9068706E-02
  0.3545000E-01 -0.9037232E-02
  0.3550000E-01 -0.9005736E-02
  0.3555000E-01 -0.8974227E-02
  0.3560000E-01 -0.8942723E-02
  0.3565000E-01 -0.8911193E-02
  0.3570000E-01 -0.8879640E-02
  0.3575000E-01 -0.8848044E-02
  0.3580000E-01 -0.8816423E-02
  0.3585000E-01 -0.8784838E-02
  0.3590000E-01 -0.8753309E-02
  0.3595000E-01 -0.8721836E-02
  0.3600000E-01 -0.8690379E-02
  0.3605000E-01 -0.8658914E-02
  0.3610000E-01 -0.8627417E-02
  0.3615000E-01 -0.8595878E-02
  0.3620000E-01 -0.8564327E-02
  0.3625000E-01 -0.8532756E-02
  0.3630000E-01 -0.8501126E-02
  0.3635000E-01 -0.8469447E-02
  0.3640000E-01 -0.8437755E-02
  0.3645000E-01 -0.8406100E-02
  0.3650000E-01 -0.8374486E-02
  0.3655000E-01 -0.8342886E-02
  0.3660000E-01 -0.8311278E-02
  0.3665000E-01 -0.8279696E-02
  0.3670000E-01 -0.8248134E-02
  0.3675000E-01 -0.8216629E-02
  0.3680000E-01 -0.8185213E-02
  0.3685000E-01 -0.8153818E-02
  0.3690000E-01 -0.8122462E-02
  0.3695000E-01 -0.8091193E-02
  0.3700000E-01 -0.8060046E-02
  0.3705000E-01 -0.8029005E-02
  0.3710000E-01 -0.7998059E-02
  0.3715000E-01 -0.7967227E-02
  0.3720000E-01 -0.7936517E-02
  0.3725000E-01 -0.7905885E-02
  0.3730000E-01 -0.7875310E-02
  0.3735000E-01 -0.7844781E-02
  0.3740000E-01 -0.7814243E-02
  0.3745000E-01 -0.7783704E-02
  0.3750000E-01 -0.7753160E-02
  0.3755000E-01 -0.7722621E-02
  0.3760000E-01 -0.7692104E-02
  0.3765000E-01 -0.7661615E-02
  0.3770000E-01 -0.7631133E-02
  0.3775000E-01 -0.7600650E-02
  0.3780000E-01 -0.7570199E-02
  0.3785000E-01 -0.7539754E-02
  0.3790000E-01 -0.7509285E-02
  0.3795000E-01 -0.7478772E-02
  0.3800000E-01 -0.7448253E-02
  0.3805000E-01 -0.7417737E-02
  0.3810000E-01 -0.7387192E-02
  0.3815000E-01 -0.7356621E-02
  0.3820000E-01 -0.7325986E-02
  0.3825000E-01 -0.7295247E-02
  0.3830000E-01 -0.7264418E-02
  0.3835000E-01 -0.7233516E-02
  0.3840000E-01 -0.7202535E-02
  0.3845000E-01 -0.7171457E-02
  0.3850000E-01 -0.7140318E-02
  0.3855000E-01 -0.7109156E-02
  0.3860000E-01 -0.7078004E-02
  0.3865000E-01 -0.7046887E-02
  0.3870000E-01 -0.7015780E-02
  0.3875000E-01 -0.6984622E-02
  0.3880000E-01 -0.6953332E-02
  0.3885000E-01 -0.6921941E-02
  0.3890000E-01 -0.6890553E-02
  0.3895000E-01 -0.6859242E-02
  0.3900000E-01 -0.6828056E-02
  0.3905000E-01 -0.6796968E-02
  0.3910000E-01 -0.6765944E-02
  0.3915000E-01 -0.6734973E-02
  0.3920000E-01 -0.6704036E-02
  0.3925000E-01 -0.6673130E-02
  0.3930000E-01 -0.6642269E-02
  0.3935000E-01 -0.6611430E-02
  0.3940000E-01 -0.6580630E-02
  0.3945000E-01 -0.6549894E-02
  0.3950000E-01 -0.6519255E-02
  0.3955000E-01 -0.6488723E-02
  0.3960000E-01 -0.6458275E-02
  0.3965000E-01 -0.6427889E-02
  0.3970000E-01 -0.6397547E-02
  0.3975000E-01 -0.6367195E-02
  0.3980000E-01 -0.6336798E-02
  0.3985000E-01 -0.6306369E-02
  0.3990000E-01 -0.6275937E-02
  0.3995000E-01 -0.6245514E-02
  0.4000000E-01 -0.6215089E-02
  0.4005000E-01 -0.6184642E-02
  0.4010000E-01 -0.6154135E-02
  0.4015000E-01 -0.6123569E-02
  0.4020000E-01 -0.6092952E-02
  0.4025000E-01 -0.6062273E-02
  0.4030000E-01 -0.6031506E-02
  0.4035000E-01 -0.6000659E-02
  0.4040000E-01 -0.5969763E-02
  0.4045000E-01 -0.5938860E-02
  0.4050000E-01 -0.5908005E-02
  0.4055000E-01 -0.5877188E-02
  0.4060000E-01 -0.5846424E-02
  0.4065000E-01 -0.5815726E-02
  0.4070000E-01 -0.5785033E-02
  0.4075000E-01 -0.5754315E-02
  0.4080000E-01 -0.5723561E-02
  0.4085000E-01 -0.5692789E-02
  0.4090000E-01 -0.5661982E-02
  0.4095000E-01 -0.5631093E-02
  0.4100000E-01 -0.5600102E-02
  0.4105000E-01 -0.5569059E-02
  0.4110000E-01 -0.5538030E-02
  0.4115000E-01 -0.5507007E-02
  0.4120000E-01 -0.5475998E-02
  0.4125000E-01 -0.5445047E-02
  0.4130000E-01 -0.5414148E-02
  0.4135000E-01 -0.5383273E-02
  0.4140000E-01 -0.5352381E-02
  0.4145000E-01 -0.5321433E-02
  0.4150000E-01 -0.5290421E-02
  0.4155000E-01 -0.5259356E-02
  0.4160000E-01 -0.5228247E-02
  0.4165000E-01 -0.5197103E-02
  0.4170000E-01 -0.5165909E-02
  0.4175000E-01 -0.5134678E-02
  0.4180000E-01 -0.5103416E-02
  0.4185000E-01 -0.5072161E-02
  0.4190000E-01 -0.5040981E-02
  0.4195000E-01 -0.5009900E-02
  0.4200000E-01 -0.4978861E-02
  0.4205000E-01 -0.4947804E-02
  0.4210000E-01 -0.4916724E-02
  0.4215000E-01 -0.4885638E-02
  0.4220000E-01 -0.4854583E-02
  0.4225000E-01 -0.4823623E-02
  0.4230000E-01 -0.4792777E-02
  0.4235000E-01 -0.4762000E-02
  0.4240000E-01 -0.4731256E-02
  0.4245000E-01 -0.4700496E-02
  0.4250000E-01 -0.4669673E-02
  0.4255000E-01 -0.4638779E-02
  0.4260000E-01 -0.4607822E-02
  0.4265000E-01 -0.4576846E-02
  0.4270000E-01 -0.4545909E-02
  0.4275000E-01 -0.4515012E-02
  0.4280000E-01 -0.4484132E-02
  0.4285000E-01 -0.4453226E-02
  0.4290000E-01 -0.4422285E-02
  0.4295000E-01 -0.4391308E-02
  0.4300000E-01 -0.4360271E-02
  0.4305000E-01 -0.4329181E-02
  0.4310000E-01 -0.4298081E-02
  0.4315000E-01 -0.4267010E-02
  0.4320000E-01 -0.4235910E-02
  0.4325000E-01 -0.4204807E-02
  0.4330000E-01 -0.4173739E-02
  0.4335000E-01 -0.4142688E-02
  0.4340000E-01 -0.4111624E-02
  0.4345000E-01 -0.4080550E-02
  0.4350000E-01 -0.4049515E-02
  0.4355000E-01 -0.4018497E-02
  0.4360000E-01 -0.3987462E-02
  0.4365000E-01 -0.3956347E-02
  0.4370000E-01 -0.3925139E-02
  0.4375000E-01 -0.3893839E-02
  0.4380000E-01 -0.3862440E-02
  0.4385000E-01 -0.3830996E-02
  0.4390000E-01 -0.3799529E-02
  0.4395000E-01 -0.3768072E-02
  0.4400000E-01 -0.3736607E-02
  0.4405000E-01 -0.3705178E-02
  0.4410000E-01 -0.3673872E-02
  0.4415000E-01 -0.3642721E-02
  0.4420000E-01 -0.3611743E-02
  0.4425000E-01 -0.3580894E-02
  0.4430000E-01 -0.3550133E-02
  0.4435000E-01 -0.3519508E-02
  0.4440000E-01 -0.3488955E-02
  0.4445000E-01 -0.3458419E-02
  0.4450000E-01 -0.3427907E-02
  0.4455000E-01 -0.3397390E-02
  0.4460000E-01 -0.3366835E-02
  0.4465000E-01 -0.3336212E-02
  0.4470000E-01 -0.3305469E-02
  0.4475000E-01 -0.3274643E-02
  0.4480000E-01 -0.3243760E-02
  0.4485000E-01 -0.3212848E-02
  0.4490000E-01 -0.3181953E-02
  0.4495000E-01 -0.3151085E-02
  0.4500000E-01 -0.3120208E-02
  0.4505000E-01 -0.3089268E-02
  0.4510000E-01 -0.3058275E-02
  0.4515000E-01 -0.3027258E-02
  0.4520000E-01 -0.2996287E-02
  0.4525000E-01 -0.2965453E-02
  0.4530000E-01 -0.2934765E-02
  0.4535000E-01 -0.2904153E-02
  0.4540000E-01 -0.2873574E-02
  0.4545000E-01 -0.2843058E-02
  0.4550000E-01 -0.2812619E-02
  0.4555000E-01 -0.2782238E-02
  0.4560000E-01 -0.2751873E-02
  0.4565000E-01 -0.2721450E-02
  0.4570000E-01 -0.2690930E-02
  0.4575000E-01 -0.2660302E-02
  0.4580000E-01 -0.2629616E-02
  0.4585000E-01 -0.2598896E-02
  0.4590000E-01 -0.2568160E-02
  0.4595000E-01 -0.2537391E-02
  0.4600000E-01 -0.2506544E-02
  0.4605000E-01 -0.2475649E-02
  0.4610000E-01 -0.2444707E-02
  0.4615000E-01 -0.2413739E-02
  0.4620000E-01 -0.2382767E-02
  0.4625000E-01 -0.2351769E-02
  0.4630000E-01 -0.2320728E-02
  0.4635000E-01 -0.2289619E-02
  0.4640000E-01 -0.2258446E-02
  0.4645000E-01 -0.2227228E-02
  0.4650000E-01 -0.2195968E-02
  0.4655000E-01 -0.2164676E-02
  0.4660000E-01 -0.2133375E-02
  0.4665000E-01 -0.2102097E-02
  0.4670000E-01 -0.2070855E-02
  0.4675000E-01 -0.2039659E-02
  0.4680000E-01 -0.2008489E-02
  0.4685000E-01 -0.1977351E-02
  0.4690000E-01 -0.1946291E-02
  0.4695000E-01 -0.1915317E-02
  0.4700000E-01 -0.1884459E-02
  0.4705000E-01 -0.1853709E-02
  0.4710000E-01 -0.1823052E-02
  0.4715000E-01 -0.1792452E-02
  0.4720000E-01 -0.1761875E-02
  0.4725000E-01 -0.1731272E-02
  0.4730000E-01 -0.1700622E-02
  0.4735000E-01 -0.1669956E-02
  0.4740000E-01 -0.1639253E-02
  0.4745000E-01 -0.1608500E-02
  0.4750000E-01 -0.1577663E-02
  0.4755000E-01 -0.1546683E-02
  0.4760000E-01 -0.1515558E-02
  0.4765000E-01 -0.1484317E-02
  0.4770000E-01 -0.1452997E-02
  0.4775000E-01 -0.1421675E-02
  0.4780000E-01 -0.1390425E-02
  0.4785000E-01 -0.1359243E-02
  0.4790000E-01 -0.1328114E-02
  0.4795000E-01 -0.1297066E-02
  0.4800000E-01 -0.1266131E-02
  0.4805000E-01 -0.1235319E-02
  0.4810000E-01 -0.1204597E-02
  0.4815000E-01 -0.1173905E-02
  0.4820000E-01 -0.1143221E-02
  0.4825000E-01 -0.1112475E-02
  0.4830000E-01 -0.1081673E-02
  0.4835000E-01 -0.1050842E-02
  0.4840000E-01 -0.1020020E-02
  0.4845000E-01 -0.9891655E-03
  0.4850000E-01 -0.9582907E-03
  0.4855000E-01 -0.9273992E-03
  0.4860000E-01 -0.8964846E-03
  0.4865000E-01 -0.8655522E-03
  0.4870000E-01 -0.8346099E-03
  0.4875000E-01 -0.8036692E-03
  0.4880000E-01 -0.7727542E-03
  0.4885000E-01 -0.7418865E-03
  0.4890000E-01 -0.7111047E-03
  0.4895000E-01 -0.6803947E-03
  0.4900000E-01 -0.6496939E-03
  0.4905000E-01 -0.6189597E-03
  0.4910000E-01 -0.5882099E-03
  0.4915000E-01 -0.5574699E-03
  0.4920000E-01 -0.5267733E-03
  0.4925000E-01 -0.4961374E-03
  0.4930000E-01 -0.4655780E-03
  0.4935000E-01 -0.4350810E-03
  0.4940000E-01 -0.4046597E-03
  0.4945000E-01 -0.3742968E-03
  0.4950000E-01 -0.3439514E-03
  0.4955000E-01 -0.3136327E-03
  0.4960000E-01 -0.2833431E-03
  0.4965000E-01 -0.2530839E-03
  0.4970000E-01 -0.2228116E-03
  0.4975000E-01 -0.1924893E-03
  0.4980000E-01 -0.1621127E-03
  0.4985000E-01 -0.1317110E-03
  0.4990000E-01 -0.1013565E-03
  0.4995000E-01 -0.7106954E-04
  0.5000000E-01 -0.4083497E-04
  0.5005000E-01 -0.1061206E-04
  0.5010000E-01  0.1961255E-04
  0.5015000E-01  0.4981845E-04
  0.5020000E-01  0.7999844E-04
  0.5025000E-01  0.1101774E-03
  0.5030000E-01  0.1403979E-03
  0.5035000E-01  0.1706537E-03
  0.5040000E-01  0.2009420E-03
  0.5045000E-01  0.2312627E-03
  0.5050000E-01  0.2615949E-03
  0.5055000E-01  0.2919045E-03
  0.5060000E-01  0.3221880E-03
  0.5065000E-01  0.3524423E-03
  0.5070000E-01  0.3827019E-03
  0.5075000E-01  0.4130136E-03
  0.5080000E-01  0.4434051E-03
  0.5085000E-01  0.4739231E-03
  0.5090000E-01  0.5046002E-03
  0.5095000E-01  0.5353992E-03
  0.5100000E-01  0.5662730E-03
  0.5105000E-01  0.5971891E-03
  0.5110000E-01  0.6281562E-03
  0.5115000E-01  0.6591955E-03
  0.5120000E-01  0.6902277E-03
  0.5125000E-01  0.7211898E-03
  0.5130000E-01  0.7520659E-03
  0.5135000E-01  0.7828910E-03
  0.5140000E-01  0.8136893E-03
  0.5145000E-01  0.8444685E-03
  0.5150000E-01  0.8752390E-03
  0.5155000E-01  0.9060281E-03
  0.5160000E-01  0.9368471E-03
  0.5165000E-01  0.9676883E-03
  0.5170000E-01  0.9985343E-03
  0.5175000E-01  0.1029372E-02
  0.5180000E-01  0.1060190E-02
  0.5185000E-01  0.1090997E-02
  0.5190000E-01  0.1121788E-02
  0.5195000E-01  0.1152556E-02
  0.5200000E-01  0.1183321E-02
  0.5205000E-01  0.1214110E-02
  0.5210000E-01  0.1244925E-02
  0.5215000E-01  0.1275763E-02
  0.5220000E-01  0.1306626E-02
  0.5225000E-01  0.1337539E-02
  0.5230000E-01  0.1368500E-02
  0.5235000E-01  0.1399494E-02
  0.5240000E-01  0.1430519E-02
  0.5245000E-01  0.1461574E-02
  0.5250000E-01  0.1492668E-02
  0.5255000E-01  0.1523819E-02
  0.5260000E-01  0.1555022E-02
  0.5265000E-01  0.1586245E-02
  0.5270000E-01  0.1617432E-02
  0.5275000E-01  0.1648553E-02
  0.5280000E-01  0.1679598E-02
  0.5285000E-01  0.1710587E-02
  0.5290000E-01  0.1741555E-02
  0.5295000E-01  0.1772476E-02
  0.5300000E-01  0.1803333E-02
  0.5305000E-01  0.1834147E-02
  0.5310000E-01  0.1864917E-02
  0.5315000E-01  0.1895651E-02
  0.5320000E-01  0.1926373E-02
  0.5325000E-01  0.1957079E-02
  0.5330000E-01  0.1987768E-02
  0.5335000E-01  0.2018457E-02
  0.5340000E-01  0.2049163E-02
  0.5345000E-01  0.2079902E-02
  0.5350000E-01  0.2110706E-02
  0.5355000E-01  0.2141580E-02
  0.5360000E-01  0.2172492E-02
  0.5365000E-01  0.2203425E-02
  0.5370000E-01  0.2234349E-02
  0.5375000E-01  0.2265222E-02
  0.5380000E-01  0.2296047E-02
  0.5385000E-01  0.2326851E-02
  0.5390000E-01  0.2357654E-02
  0.5395000E-01  0.2388476E-02
  0.5400000E-01  0.2419339E-02
  0.5405000E-01  0.2450255E-02
  0.5410000E-01  0.2481240E-02
  0.5415000E-01  0.2512303E-02
  0.5420000E-01  0.2543427E-02
  0.5425000E-01  0.2574606E-02
  0.5430000E-01  0.2605833E-02
  0.5435000E-01  0.2637084E-02
  0.5440000E-01  0.2668335E-02
  0.5445000E-01  0.2699556E-02
  0.5450000E-01  0.2730697E-02
  0.5455000E-01  0.2761716E-02
  0.5460000E-01  0.2792610E-02
  0.5465000E-01  0.2823365E-02
  0.5470000E-01  0.2853969E-02
  0.5475000E-01  0.2884453E-02
  0.5480000E-01  0.2914894E-02
  0.5485000E-01  0.2945359E-02
  0.5490000E-01  0.2975879E-02
  0.5495000E-01  0.3006473E-02
  0.5500000E-01  0.3037127E-02
  0.5505000E-01  0.3067808E-02
  0.5510000E-01  0.3098485E-02
  0.5515000E-01  0.3129112E-02
  0.5520000E-01  0.3159665E-02
  0.5525000E-01  0.3190172E-02
  0.5530000E-01  0.3220686E-02
  0.5535000E-01  0.3251258E-02
  0.5540000E-01  0.3281871E-02
  0.5545000E-01  0.3312490E-02
  0.5550000E-01  0.3343112E-02
  0.5555000E-01  0.3373744E-02
  0.5560000E-01  0.3404377E-02
  0.5565000E-01  0.3435010E-02
  0.5570000E-01  0.3465638E-02
  0.5575000E-01  0.3496263E-02
  0.5580000E-01  0.3526914E-02
  0.5585000E-01  0.3557598E-02
  0.5590000E-01  0.3588321E-02
  0.5595000E-01  0.3619067E-02
  0.5600000E-01  0.3649813E-02
  0.5605000E-01  0.3680598E-02
  0.5610000E-01  0.3711453E-02
  0.5615000E-01  0.3742413E-02
  0.5620000E-01  0.3773525E-02
  0.5625000E-01  0.3804769E-02
  0.5630000E-01  0.3836096E-02
  0.5635000E-01  0.3867458E-02
  0.5640000E-01  0.3898860E-02
  0.5645000E-01  0.3930277E-02
  0.5650000E-01  0.3961694E-02
  0.5655000E-01  0.3993125E-02
  0.5660000E-01  0.4024584E-02
  0.5665000E-01  0.4056095E-02
  0.5670000E-01  0.4087675E-02
  0.5675000E-01  0.4119324E-02
  0.5680000E-01  0.4151053E-02
  0.5685000E-01  0.4182846E-02
  0.5690000E-01  0.4214603E-02
  0.5695000E-01  0.4246265E-02
  0.5700000E-01  0.4277823E-02
  0.5705000E-01  0.4309255E-02
  0.5710000E-01  0.4340529E-02
  0.5715000E-01  0.4371642E-02
  0.5720000E-01  0.4402635E-02
  0.5725000E-01  0.4433519E-02
  0.5730000E-01  0.4464302E-02
  0.5735000E-01  0.4495031E-02
  0.5740000E-01  0.4525732E-02
  0.5745000E-01  0.4556420E-02
  0.5750000E-01  0.4587068E-02
  0.5755000E-01  0.4617639E-02
  0.5760000E-01  0.4648116E-02
  0.5765000E-01  0.4678521E-02
  0.5770000E-01  0.4708899E-02
  0.5775000E-01  0.4739255E-02
  0.5780000E-01  0.4769585E-02
  0.5785000E-01  0.4799931E-02
  0.5790000E-01  0.4830302E-02
  0.5795000E-01  0.4860668E-02
  0.5800000E-01  0.4891000E-02
  0.5805000E-01  0.4921321E-02
  0.5810000E-01  0.4951652E-02
  0.5815000E-01  0.4981975E-02
  0.5820000E-01  0.5012283E-02
  0.5825000E-01  0.5042591E-02
  0.5830000E-01  0.5072909E-02
  0.5835000E-01  0.5103212E-02
  0.5840000E-01  0.5133505E-02
  0.5845000E-01  0.5163841E-02
  0.5850000E-01  0.5194255E-02
  0.5855000E-01  0.5224717E-02
  0.5860000E-01  0.5255213E-02
  0.5865000E-01  0.5285736E-02
  0.5870000E-01  0.5316333E-02
  0.5875000E-01  0.5347022E-02
  0.5880000E-01  0.5377726E-02
  0.5885000E-01  0.5408395E-02
  0.5890000E-01  0.5439034E-02
  0.5895000E-01  0.5469653E-02
  0.5900000E-01  0.5500252E-02
  0.5905000E-01  0.5530805E-02
  0.5910000E-01  0.5561352E-02
  0.5915000E-01  0.5591910E-02
  0.5920000E-01  0.5622463E-02
  0.5925000E-01  0.5653030E-02
  0.5930000E-01  0.5683647E-02
  0.5935000E-01  0.5714315E-02
  0.5940000E-01  0.5745010E-02
  0.5945000E-01  0.5775747E-02
  0.5950000E-01  0.5806539E-02
  0.5955000E-01  0.5837351E-02
  0.5960000E-01  0.5868163E-02
  0.5965000E-01  0.5898943E-02
  0.5970000E-01  0.5929684E-02
  0.5975000E-01  0.5960404E-02
  0.5980000E-01  0.5991106E-02
  0.5985000E-01  0.6021776E-02
  0.5990000E-01  0.6052404E-02
  0.5995000E-01  0.6082996E-02
  0.6000000E-01  0.6113580E-02
  0.6005000E-01  0.6144175E-02
  0.6010000E-01  0.6174811E-02
  0.6015000E-01  0.6205511E-02
  0.6020000E-01  0.6236270E-02
  0.6025000E-01  0.6267066E-02
  0.6030000E-01  0.6297879E-02
  0.6035000E-01  0.6328733E-02
  0.6040000E-01  0.6359632E-02
  0.6045000E-01  0.6390566E-02
  0.6050000E-01  0.6421521E-02
  0.6055000E-01  0.6452474E-02
  0.6060000E-01  0.6483428E-02
  0.6065000E-01  0.6514320E-02
  0.6070000E-01  0.6545164E-02
  0.6075000E-01  0.6576014E-02
  0.6080000E-01  0.6606907E-02
  0.6085000E-01  0.6637911E-02
  0.6090000E-01  0.6668992E-02
  0.6095000E-01  0.6700107E-02
  0.6100000E-01  0.6731301E-02
  0.6105000E-01  0.6762584E-02
  0.6110000E-01  0.6793967E-02
  0.6115000E-01  0.6825434E-02
  0.6120000E-01  0.6856909E-02
  0.6125000E-01  0.6888401E-02
  0.6130000E-01  0.6919944E-02
  0.6135000E-01  0.6951500E-02
  0.6140000E-01  0.6983048E-02
  0.6145000E-01  0.7014582E-02
  0.6150000E-01  0.7046112E-02
  0.6155000E-01  0.7077618E-02
  0.6160000E-01  0.7109084E-02
  0.6165000E-01  0.7140513E-02
  0.6170000E-01  0.7171911E-02
  0.6175000E-01  0.7203284E-02
  0.6180000E-01  0.7234665E-02
  0.6185000E-01  0.7266115E-02
  0.6190000E-01  0.7297666E-02
  0.6195000E-01  0.7329268E-02
  0.6200000E-01  0.7360853E-02
  0.6205000E-01  0.7392395E-02
  0.6210000E-01  0.7423851E-02
  0.6215000E-01  0.7455189E-02
  0.6220000E-01  0.7486414E-02
  0.6225000E-01  0.7517566E-02
  0.6230000E-01  0.7548676E-02
  0.6235000E-01  0.7579733E-02
  0.6240000E-01  0.7610723E-02
  0.6245000E-01  0.7641671E-02
  0.6250000E-01  0.7672637E-02
  0.6255000E-01  0.7703646E-02
  0.6260000E-01  0.7734720E-02
  0.6265000E-01  0.7765899E-02
  0.6270000E-01  0.7797157E-02
  0.6275000E-01  0.7828487E-02
  0.6280000E-01  0.7859902E-02
  0.6285000E-01  0.7891419E-02
  0.6290000E-01  0.7922975E-02
  0.6295000E-01  0.7954555E-02
  0.6300000E-01  0.7986124E-02
  0.6305000E-01  0.8017655E-02
  0.6310000E-01  0.8049168E-02
  0.6315000E-01  0.8080587E-02
  0.6320000E-01  0.8111952E-02
  0.6325000E-01  0.8143320E-02
  0.6330000E-01  0.8174711E-02
  0.6335000E-01  0.8206151E-02
  0.6340000E-01  0.8237636E-02
  0.6345000E-01  0.8269174E-02
  0.6350000E-01  0.8300742E-02
  0.6355000E-01  0.8332383E-02
  0.6360000E-01  0.8364085E-02
  0.6365000E-01  0.8395823E-02
  0.6370000E-01  0.8427594E-02
  0.6375000E-01  0.8459342E-02
  0.6380000E-01  0.8491025E-02
  0.6385000E-01  0.8522607E-02
  0.6390000E-01  0.8554133E-02
  0.6395000E-01  0.8585610E-02
  0.6400000E-01  0.8617005E-02
  0.6405000E-01  0.8648340E-02
  0.6410000E-01  0.8679614E-02
  0.6415000E-01  0.8710801E-02
  0.6420000E-01  0.8741868E-02
  0.6425000E-01  0.8772839E-02
  0.6430000E-01  0.8803773E-02
  0.6435000E-01  0.8834677E-02
  0.6440000E-01  0.8865579E-02
  0.6445000E-01  0.8896500E-02
  0.6450000E-01  0.8927468E-02
  0.6455000E-01  0.8958499E-02
  0.6460000E-01  0.8989568E-02
  0.6465000E-01  0.9020653E-02
  0.6470000E-01  0.9051717E-02
  0.6475000E-01  0.9082723E-02
  0.6480000E-01  0.9113652E-02
  0.6485000E-01  0.9144476E-02
  0.6490000E-01  0.9175196E-02
  0.6495000E-01  0.9205837E-02
  0.6500000E-01  0.9236415E-02
  0.6505000E-01  0.9266937E-02
  0.6510000E-01  0.9297464E-02
  0.6515000E-01  0.9328039E-02
  0.6520000E-01  0.9358638E-02
  0.6525000E-01  0.9389194E-02
  0.6530000E-01  0.9419691E-02
  0.6535000E-01  0.9450159E-02
  0.6540000E-01  0.9480599E-02
  0.6545000E-01  0.9511005E-02
  0.6550000E-01  0.9541409E-02
  0.6555000E-01  0.9571854E-02
  0.6560000E-01  0.9602328E-02
  0.6565000E-01  0.9632769E-02
  0.6570000E-01  0.9663102E-02
  0.6575000E-01  0.9693294E-02
  0.6580000E-01  0.9723386E-02
  0.6585000E-01  0.9753401E-02
  0.6590000E-01  0.9783323E-02
  0.6595000E-01  0.9813137E-02
  0.6600000E-01  0.9842879E-02
  0.6605000E-01  0.9872537E-02
  0.6610000E-01  0.9902140E-02
  0.6615000E-01  0.9931732E-02
  0.6620000E-01  0.9961344E-02
  0.6625000E-01  0.9991027E-02
  0.6630000E-01  0.1002082E-01
  0.6635000E-01  0.1005075E-01
  0.6640000E-01  0.1008080E-01
  0.6645000E-01  0.1011094E-01
  0.6650000E-01  0.1014123E-01
  0.6655000E-01  0.1017175E-01
  0.6660000E-01  0.1020242E-01
  0.6665000E-01  0.1023315E-01
  0.6670000E-01  0.1026394E-01
  0.6675000E-01  0.1029477E-01
  0.6680000E-01  0.1032561E-01
  0.6685000E-01  0.1035643E-01
  0.6690000E-01  0.1038720E-01
  0.6695000E-01  0.1041796E-01
  0.6700000E-01  0.1044872E-01
  0.6705000E-01  0.1047949E-01
  0.6710000E-01  0.1051028E-01
  0.6715000E-01  0.1054110E-01
  0.6720000E-01  0.1057199E-01
  0.6725000E-01  0.1060296E-01
  0.6730000E-01  0.1063403E-01
  0.6735000E-01  0.1066513E-01
  0.6740000E-01  0.1069629E-01
  0.6745000E-01  0.1072753E-01
  0.6750000E-01  0.1075884E-01
  0.6755000E-01  0.1079017E-01
  0.6760000E-01  0.1082155E-01
  0.6765000E-01  0.1085300E-01
  0.6770000E-01  0.1088458E-01
  0.6775000E-01  0.1091631E-01
  0.6780000E-01  0.1094811E-01
  0.6785000E-01  0.1097991E-01
  0.6790000E-01  0.1101169E-01
  0.6795000E-01  0.1104342E-01
  0.6800000E-01  0.1107508E-01
  0.6805000E-01  0.1110661E-01
  0.6810000E-01  0.1113810E-01
  0.6815000E-01  0.1116963E-01
  0.6820000E-01  0.1120117E-01
  0.6825000E-01  0.1123268E-01
  0.6830000E-01  0.1126415E-01
  0.6835000E-01  0.1129560E-01
  0.6840000E-01  0.1132704E-01
  0.6845000E-01  0.1135839E-01
  0.6850000E-01  0.1138964E-01
  0.6855000E-01  0.1142082E-01
  0.6860000E-01  0.1145198E-01
  0.6865000E-01  0.1148313E-01
  0.6870000E-01  0.1151434E-01
  0.6875000E-01  0.1154565E-01
  0.6880000E-01  0.1157700E-01
  0.6885000E-01  0.1160844E-01
  0.6890000E-01  0.1163999E-01
  0.6895000E-01  0.1167165E-01
  0.6900000E-01  0.1170347E-01
  0.6905000E-01  0.1173546E-01
  0.6910000E-01  0.1176760E-01
  0.6915000E-01  0.1179980E-01
  0.6920000E-01  0.1183194E-01
  0.6925000E-01  0.1186398E-01
  0.6930000E-01  0.1189594E-01
  0.6935000E-01  0.1192781E-01
  0.6940000E-01  0.1195957E-01
  0.6945000E-01  0.1199116E-01
  0.6950000E-01  0.1202259E-01
  0.6955000E-01  0.1205391E-01
  0.6960000E-01  0.1208510E-01
  0.6965000E-01  0.1211613E-01
  0.6970000E-01  0.1214700E-01
  0.6975000E-01  0.1217777E-01
  0.6980000E-01  0.1220843E-01
  0.6985000E-01  0.1223892E-01
  0.6990000E-01  0.1226927E-01
  0.6995000E-01  0.1229947E-01
  0.7000000E-01  0.1232954E-01
  0.7005000E-01  0.1235950E-01
  0.7010000E-01  0.1238936E-01
  0.7015000E-01  0.1241916E-01
  0.7020000E-01  0.1244898E-01
  0.7025000E-01  0.1247884E-01
  0.7030000E-01  0.1250881E-01
  0.7035000E-01  0.1253895E-01
  0.7040000E-01  0.1256927E-01
  0.7045000E-01  0.1259980E-01
  0.7050000E-01  0.1263053E-01
  0.7055000E-01  0.1266135E-01
  0.7060000E-01  0.1269219E-01
  0.7065000E-01  0.1272306E-01
  0.7070000E-01  0.1275403E-01
  0.7075000E-01  0.1278504E-01
  0.7080000E-01  0.1281604E-01
  0.7085000E-01  0.1284702E-01
  0.7090000E-01  0.1287803E-01
  0.7095000E-01  0.1290903E-01
  0.7100000E-01  0.1293997E-01
  0.7105000E-01  0.1297091E-01
  0.7110000E-01  0.1300194E-01
  0.7115000E-01  0.1303300E-01
  0.7120000E-01  0.1306402E-01
  0.7125000E-01  0.1309503E-01
  0.7130000E-01  0.1312609E-01
  0.7135000E-01  0.1315721E-01
  0.7140000E-01  0.1318838E-01
  0.7145000E-01  0.1321960E-01
  0.7150000E-01  0.1325082E-01
  0.7155000E-01  0.1328201E-01
  0.7160000E-01  0.1331309E-01
  0.7165000E-01  0.1334401E-01
  0.7170000E-01  0.1337478E-01
  0.7175000E-01  0.1340536E-01
  0.7180000E-01  0.1343572E-01
  0.7185000E-01  0.1346600E-01
  0.7190000E-01  0.1349632E-01
  0.7195000E-01  0.1352678E-01
  0.7200000E-01  0.1355741E-01
  0.7205000E-01  0.1358812E-01
  0.7210000E-01  0.1361893E-01
  0.7215000E-01  0.1364983E-01
  0.7220000E-01  0.1368079E-01
  0.7225000E-01  0.1371179E-01
  0.7230000E-01  0.1374288E-01
  0.7235000E-01  0.1377405E-01
  0.7240000E-01  0.1380528E-01
  0.7245000E-01  0.1383651E-01
  0.7250000E-01  0.1386768E-01
  0.7255000E-01  0.1389877E-01
  0.7260000E-01  0.1392996E-01
  0.7265000E-01  0.1396121E-01
  0.7270000E-01  0.1399251E-01
  0.7275000E-01  0.1402380E-01
  0.7280000E-01  0.1405506E-01
  0.7285000E-01  0.1408627E-01
  0.7290000E-01  0.1411736E-01
  0.7295000E-01  0.1414832E-01
  0.7300000E-01  0.1417918E-01
  0.7305000E-01  0.1421000E-01
  0.7310000E-01  0.1424086E-01
  0.7315000E-01  0.1427177E-01
  0.7320000E-01  0.1430274E-01
  0.7325000E-01  0.1433380E-01
  0.7330000E-01  0.1436489E-01
  0.7335000E-01  0.1439598E-01
  0.7340000E-01  0.1442712E-01
  0.7345000E-01  0.1445824E-01
  0.7350000E-01  0.1448931E-01
  0.7355000E-01  0.1452033E-01
  0.7360000E-01  0.1455131E-01
  0.7365000E-01  0.1458233E-01
  0.7370000E-01  0.1461347E-01
  0.7375000E-01  0.1464466E-01
  0.7380000E-01  0.1467580E-01
  0.7385000E-01  0.1470690E-01
  0.7390000E-01  0.1473793E-01
  0.7395000E-01  0.1476892E-01
  0.7400000E-01  0.1479994E-01
  0.7405000E-01  0.1483107E-01
  0.7410000E-01  0.1486221E-01
  0.7415000E-01  0.1489323E-01
  0.7420000E-01  0.1492397E-01
  0.7425000E-01  0.1495440E-01
  0.7430000E-01  0.1498460E-01
  0.7435000E-01  0.1501462E-01
  0.7440000E-01  0.1504449E-01
  0.7445000E-01  0.1507426E-01
  0.7450000E-01  0.1510406E-01
  0.7455000E-01  0.1513401E-01
  0.7460000E-01  0.1516423E-01
  0.7465000E-01  0.1519474E-01
  0.7470000E-01  0.1522548E-01
  0.7475000E-01  0.1525637E-01
  0.7480000E-01  0.1528734E-01
  0.7485000E-01  0.1531835E-01
  0.7490000E-01  0.1534930E-01
  0.7495000E-01  0.1538009E-01
  0.7500000E-01  0.1541076E-01
  0.7505000E-01  0.1544148E-01
  0.7510000E-01  0.1547220E-01
  0.7515000E-01  0.1550294E-01
  0.7520000E-01  0.1553379E-01
  0.7525000E-01  0.1556477E-01
  0.7530000E-01  0.1559584E-01
  0.7535000E-01  0.1562688E-01
  0.7540000E-01  0.1565786E-01
  0.7545000E-01  0.1568884E-01
  0.7550000E-01  0.1571979E-01
  0.7555000E-01  0.1575065E-01
  0.7560000E-01  0.1578153E-01
  0.7565000E-01  0.1581261E-01
  0.7570000E-01  0.1584383E-01
  0.7575000E-01  0.1587512E-01
  0.7580000E-01  0.1590644E-01
  0.7585000E-01  0.1593781E-01
  0.7590000E-01  0.1596926E-01
  0.7595000E-01  0.1600076E-01
  0.7600000E-01  0.1603220E-01
  0.7605000E-01  0.1606347E-01
  0.7610000E-01  0.1609456E-01
  0.7615000E-01  0.1612566E-01
  0.7620000E-01  0.1615691E-01
  0.7625000E-01  0.1618826E-01
  0.7630000E-01  0.1621963E-01
  0.7635000E-01  0.1625098E-01
  0.7640000E-01  0.1628231E-01
  0.7645000E-01  0.1631364E-01
  0.7650000E-01  0.1634494E-01
  0.7655000E-01  0.1637629E-01
  0.7660000E-01  0.1640779E-01
  0.7665000E-01  0.1643939E-01
  0.7670000E-01  0.1647093E-01
  0.7675000E-01  0.1650228E-01
  0.7680000E-01  0.1653344E-01
  0.7685000E-01  0.1656447E-01
  0.7690000E-01  0.1659539E-01
  0.7695000E-01  0.1662618E-01
  0.7700000E-01  0.1665681E-01
  0.7705000E-01  0.1668731E-01
  0.7710000E-01  0.1671771E-01
  0.7715000E-01  0.1674806E-01
  0.7720000E-01  0.1677843E-01
  0.7725000E-01  0.1680878E-01
  0.7730000E-01  0.1683902E-01
  0.7735000E-01  0.1686912E-01
  0.7740000E-01  0.1689910E-01
  0.7745000E-01  0.1692895E-01
  0.7750000E-01  0.1695864E-01
  0.7755000E-01  0.1698820E-01
  0.7760000E-01  0.1701770E-01
  0.7765000E-01  0.1704721E-01
  0.7770000E-01  0.1707682E-01
  0.7775000E-01  0.1710656E-01
  0.7780000E-01  0.1713647E-01
  0.7785000E-01  0.1716657E-01
  0.7790000E-01  0.1719691E-01
  0.7795000E-01  0.1722736E-01
  0.7800000E-01  0.1725785E-01
  0.7805000E-01  0.1728838E-01
  0.7810000E-01  0.1731889E-01
  0.7815000E-01  0.1734937E-01
  0.7820000E-01  0.1737983E-01
  0.7825000E-01  0.1741031E-01
  0.7830000E-01  0.1744090E-01
  0.7835000E-01  0.1747171E-01
  0.7840000E-01  0.1750278E-01
  0.7845000E-01  0.1753391E-01
  0.7850000E-01  0.1756502E-01
  0.7855000E-01  0.1759603E-01
  0.7860000E-01  0.1762689E-01
  0.7865000E-01  0.1765763E-01
  0.7870000E-01  0.1768821E-01
  0.7875000E-01  0.1771863E-01
  0.7880000E-01  0.1774900E-01
  0.7885000E-01  0.1777939E-01
  0.7890000E-01  0.1780992E-01
  0.7895000E-01  0.1784061E-01
  0.7900000E-01  0.1787143E-01
  0.7905000E-01  0.1790243E-01
  0.7910000E-01  0.1793349E-01
  0.7915000E-01  0.1796440E-01
  0.7920000E-01  0.1799510E-01
  0.7925000E-01  0.1802576E-01
  0.7930000E-01  0.1805648E-01
  0.7935000E-01  0.1808721E-01
  0.7940000E-01  0.1811786E-01
  0.7945000E-01  0.1814849E-01
  0.7950000E-01  0.1817920E-01
  0.7955000E-01  0.1821005E-01
  0.7960000E-01  0.1824107E-01
  0.7965000E-01  0.1827213E-01
  0.7970000E-01  0.1830306E-01
  0.7975000E-01  0.1833386E-01
  0.7980000E-01  0.1836460E-01
  0.7985000E-01  0.1839537E-01
  0.7990000E-01  0.1842617E-01
  0.7995000E-01  0.1845706E-01
  0.8000000E-01  0.1848804E-01
  0.8005000E-01  0.1851910E-01
  0.8010000E-01  0.1855017E-01
  0.8015000E-01  0.1858122E-01
  0.8020000E-01  0.1861221E-01
  0.8025000E-01  0.1864323E-01
  0.8030000E-01  0.1867425E-01
  0.8035000E-01  0.1870534E-01
  0.8040000E-01  0.1873647E-01
  0.8045000E-01  0.1876749E-01
  0.8050000E-01  0.1879844E-01
  0.8055000E-01  0.1882941E-01
  0.8060000E-01  0.1886036E-01
  0.8065000E-01  0.1889116E-01
  0.8070000E-01  0.1892171E-01
  0.8075000E-01  0.1895213E-01
  0.8080000E-01  0.1898243E-01
  0.8085000E-01  0.1901265E-01
  0.8090000E-01  0.1904286E-01
  0.8095000E-01  0.1907302E-01
  0.8100000E-01  0.1910314E-01
  0.8105000E-01  0.1913323E-01
  0.8110000E-01  0.1916338E-01
  0.8115000E-01  0.1919356E-01
  0.8120000E-01  0.1922377E-01
  0.8125000E-01  0.1925414E-01
  0.8130000E-01  0.1928470E-01
  0.8135000E-01  0.1931535E-01
  0.8140000E-01  0.1934592E-01
  0.8145000E-01  0.1937640E-01
  0.8150000E-01  0.1940665E-01
  0.8155000E-01  0.1943662E-01
  0.8160000E-01  0.1946638E-01
  0.8165000E-01  0.1949585E-01
  0.8170000E-01  0.1952503E-01
  0.8175000E-01  0.1955397E-01
  0.8180000E-01  0.1958274E-01
  0.8185000E-01  0.1961147E-01
  0.8190000E-01  0.1964025E-01
  0.8195000E-01  0.1966911E-01
  0.8200000E-01  0.1969810E-01
  0.8205000E-01  0.1972719E-01
  0.8210000E-01  0.1975637E-01
  0.8215000E-01  0.1978565E-01
  0.8220000E-01  0.1981505E-01
  0.8225000E-01  0.1984467E-01
  0.8230000E-01  0.1987453E-01
  0.8235000E-01  0.1990446E-01
  0.8240000E-01  0.1993445E-01
  0.8245000E-01  0.1996450E-01
  0.8250000E-01  0.1999444E-01
  0.8255000E-01  0.2002424E-01
  0.8260000E-01  0.2005398E-01
  0.8265000E-01  0.2008357E-01
  0.8270000E-01  0.2011304E-01
  0.8275000E-01  0.2014249E-01
  0.8280000E-01  0.2017207E-01
  0.8285000E-01  0.2020191E-01
  0.8290000E-01  0.2023187E-01
  0.8295000E-01  0.2026184E-01
  0.8300000E-01  0.2029195E-01
  0.8305000E-01  0.2032222E-01
  0.8310000E-01  0.2035260E-01
  0.8315000E-01  0.2038311E-01
  0.8320000E-01  0.2041375E-01
  0.8325000E-01  0.2044450E-01
  0.8330000E-01  0.2047526E-01
  0.8335000E-01  0.2050582E-01
  0.8340000E-01  0.2053617E-01
  0.8345000E-01  0.2056649E-01
  0.8350000E-01  0.2059695E-01
  0.8355000E-01  0.2062749E-01
  0.8360000E-01  0.2065800E-01
  0.8365000E-01  0.2068840E-01
  0.8370000E-01  0.2071866E-01
  0.8375000E-01  0.2074900E-01
  0.8380000E-01  0.2077947E-01
  0.8385000E-01  0.2081011E-01
  0.8390000E-01  0.2084097E-01
  0.8395000E-01  0.2087199E-01
  0.8400000E-01  0.2090296E-01
  0.8405000E-01  0.2093386E-01
  0.8410000E-01  0.2096469E-01
  0.8415000E-01  0.2099545E-01
  0.8420000E-01  0.2102614E-01
  0.8425000E-01  0.2105671E-01
  0.8430000E-01  0.2108693E-01
  0.8435000E-01  0.2111675E-01
  0.8440000E-01  0.2114632E-01
  0.8445000E-01  0.2117581E-01
  0.8450000E-01  0.2120533E-01
  0.8455000E-01  0.2123480E-01
  0.8460000E-01  0.2126425E-01
  0.8465000E-01  0.2129371E-01
  0.8470000E-01  0.2132317E-01
  0.8475000E-01  0.2135278E-01
  0.8480000E-01  0.2138259E-01
  0.8485000E-01  0.2141257E-01
  0.8490000E-01  0.2144249E-01
  0.8495000E-01  0.2147218E-01
  0.8500000E-01  0.2150169E-01
  0.8505000E-01  0.2153109E-01
  0.8510000E-01  0.2156047E-01
  0.8515000E-01  0.2158986E-01
  0.8520000E-01  0.2161910E-01
  0.8525000E-01  0.2164818E-01
  0.8530000E-01  0.2167725E-01
  0.8535000E-01  0.2170635E-01
  0.8540000E-01  0.2173557E-01
  0.8545000E-01  0.2176491E-01
  0.8550000E-01  0.2179446E-01
  0.8555000E-01  0.2182437E-01
  0.8560000E-01  0.2185453E-01
  0.8565000E-01  0.2188487E-01
  0.8570000E-01  0.2191536E-01
  0.8575000E-01  0.2194585E-01
  0.8580000E-01  0.2197626E-01
  0.8585000E-01  0.2200659E-01
  0.8590000E-01  0.2203698E-01
  0.8595000E-01  0.2206748E-01
  0.8600000E-01  0.2209804E-01
  0.8605000E-01  0.2212869E-01
  0.8610000E-01  0.2215948E-01
  0.8615000E-01  0.2219026E-01
  0.8620000E-01  0.2222084E-01
  0.8625000E-01  0.2225118E-01
  0.8630000E-01  0.2228135E-01
  0.8635000E-01  0.2231159E-01
  0.8640000E-01  0.2234212E-01
  0.8645000E-01  0.2237291E-01
  0.8650000E-01  0.2240390E-01
  0.8655000E-01  0.2243491E-01
  0.8660000E-01  0.2246580E-01
  0.8665000E-01  0.2249660E-01
  0.8670000E-01  0.2252725E-01
  0.8675000E-01  0.2255773E-01
  0.8680000E-01  0.2258805E-01
  0.8685000E-01  0.2261814E-01
  0.8690000E-01  0.2264798E-01
  0.8695000E-01  0.2267749E-01
  0.8700000E-01  0.2270667E-01
  0.8705000E-01  0.2273553E-01
  0.8710000E-01  0.2276406E-01
  0.8715000E-01  0.2279246E-01
  0.8720000E-01  0.2282090E-01
  0.8725000E-01  0.2284950E-01
  0.8730000E-01  0.2287823E-01
  0.8735000E-01  0.2290688E-01
  0.8740000E-01  0.2293545E-01
  0.8745000E-01  0.2296385E-01
  0.8750000E-01  0.2299214E-01
  0.8755000E-01  0.2302038E-01
  0.8760000E-01  0.2304863E-01
  0.8765000E-01  0.2307701E-01
  0.8770000E-01  0.2310547E-01
  0.8775000E-01  0.2313383E-01
  0.8780000E-01  0.2316187E-01
  0.8785000E-01  0.2318969E-01
  0.8790000E-01  0.2321759E-01
  0.8795000E-01  0.2324563E-01
  0.8800000E-01  0.2327375E-01
  0.8805000E-01  0.2330211E-01
  0.8810000E-01  0.2333059E-01
  0.8815000E-01  0.2335894E-01
  0.8820000E-01  0.2338719E-01
  0.8825000E-01  0.2341537E-01
  0.8830000E-01  0.2344363E-01
  0.8835000E-01  0.2347192E-01
  0.8840000E-01  0.2350021E-01
  0.8845000E-01  0.2352855E-01
  0.8850000E-01  0.2355708E-01
  0.8855000E-01  0.2358573E-01
  0.8860000E-01  0.2361458E-01
  0.8865000E-01  0.2364364E-01
  0.8870000E-01  0.2367285E-01
  0.8875000E-01  0.2370202E-01
  0.8880000E-01  0.2373091E-01
  0.8885000E-01  0.2375952E-01
  0.8890000E-01  0.2378793E-01
  0.8895000E-01  0.2381627E-01
  0.8900000E-01  0.2384456E-01
  0.8905000E-01  0.2387277E-01
  0.8910000E-01  0.2390094E-01
  0.8915000E-01  0.2392928E-01
  0.8920000E-01  0.2395794E-01
  0.8925000E-01  0.2398670E-01
  0.8930000E-01  0.2401541E-01
  0.8935000E-01  0.2404392E-01
  0.8940000E-01  0.2407228E-01
  0.8945000E-01  0.2410073E-01
  0.8950000E-01  0.2412921E-01
  0.8955000E-01  0.2415766E-01
  0.8960000E-01  0.2418595E-01
  0.8965000E-01  0.2421414E-01
  0.8970000E-01  0.2424230E-01
  0.8975000E-01  0.2427042E-01
  0.8980000E-01  0.2429851E-01
  0.8985000E-01  0.2432648E-01
  0.8990000E-01  0.2435439E-01
  0.8995000E-01  0.2438220E-01
  0.9000000E-01  0.2440977E-01
  0.9005000E-01  0.2443706E-01
  0.9010000E-01  0.2446400E-01
  0.9015000E-01  0.2449054E-01
  0.9020000E-01  0.2451668E-01
  0.9025000E-01  0.2454243E-01
  0.9030000E-01  0.2456810E-01
  0.9035000E-01  0.2459374E-01
  0.9040000E-01  0.2461951E-01
  0.9045000E-01  0.2464566E-01
  0.9050000E-01  0.2467206E-01
  0.9055000E-01  0.2469864E-01
  0.9060000E-01  0.2472532E-01
  0.9065000E-01  0.2475213E-01
  0.9070000E-01  0.2477927E-01
  0.9075000E-01  0.2480660E-01
  0.9080000E-01  0.2483406E-01
  0.9085000E-01  0.2486176E-01
  0.9090000E-01  0.2488974E-01
  0.9095000E-01  0.2491815E-01
  0.9100000E-01  0.2494685E-01
  0.9105000E-01  0.2497547E-01
  0.9110000E-01  0.2500367E-01
  0.9115000E-01  0.2503113E-01
  0.9120000E-01  0.2505801E-01
  0.9125000E-01  0.2508461E-01
  0.9130000E-01  0.2511111E-01
  0.9135000E-01  0.2513756E-01
  0.9140000E-01  0.2516377E-01
  0.9145000E-01  0.2518968E-01
  0.9150000E-01  0.2521548E-01
  0.9155000E-01  0.2524143E-01
  0.9160000E-01  0.2526778E-01
  0.9165000E-01  0.2529463E-01
  0.9170000E-01  0.2532172E-01
  0.9175000E-01  0.2534884E-01
  0.9180000E-01  0.2537567E-01
  0.9185000E-01  0.2540212E-01
  0.9190000E-01  0.2542846E-01
  0.9195000E-01  0.2545467E-01
  0.9200000E-01  0.2548067E-01
  0.9205000E-01  0.2550677E-01
  0.9210000E-01  0.2553302E-01
  0.9215000E-01  0.2555933E-01
  0.9220000E-01  0.2558573E-01
  0.9225000E-01  0.2561231E-01
  0.9230000E-01  0.2563909E-01
  0.9235000E-01  0.2566600E-01
  0.9240000E-01  0.2569282E-01
  0.9245000E-01  0.2571990E-01
  0.9250000E-01  0.2574749E-01
  0.9255000E-01  0.2577517E-01
  0.9260000E-01  0.2580260E-01
  0.9265000E-01  0.2582977E-01
  0.9270000E-01  0.2585673E-01
  0.9275000E-01  0.2588327E-01
  0.9280000E-01  0.2590922E-01
  0.9285000E-01  0.2593488E-01
  0.9290000E-01  0.2596057E-01
  0.9295000E-01  0.2598673E-01
  0.9300000E-01  0.2601306E-01
  0.9305000E-01  0.2603909E-01
  0.9310000E-01  0.2606442E-01
  0.9315000E-01  0.2608907E-01
  0.9320000E-01  0.2611332E-01
  0.9325000E-01  0.2613734E-01
  0.9330000E-01  0.2616111E-01
  0.9335000E-01  0.2618490E-01
  0.9340000E-01  0.2620866E-01
  0.9345000E-01  0.2623222E-01
  0.9350000E-01  0.2625551E-01
  0.9355000E-01  0.2627876E-01
  0.9360000E-01  0.2630172E-01
  0.9365000E-01  0.2632401E-01
  0.9370000E-01  0.2634551E-01
  0.9375000E-01  0.2636634E-01
  0.9380000E-01  0.2638655E-01
  0.9385000E-01  0.2640611E-01
  0.9390000E-01  0.2642538E-01
  0.9395000E-01  0.2644454E-01
  0.9400000E-01  0.2646344E-01
  0.9405000E-01  0.2648180E-01
  0.9410000E-01  0.2649955E-01
  0.9415000E-01  0.2651678E-01
  0.9420000E-01  0.2653365E-01
  0.9425000E-01  0.2655022E-01
  0.9430000E-01  0.2656656E-01
  0.9435000E-01  0.2658251E-01
  0.9440000E-01  0.2659780E-01
  0.9445000E-01  0.2661256E-01
  0.9450000E-01  0.2662702E-01
  0.9455000E-01  0.2664148E-01
  0.9460000E-01  0.2665566E-01
  0.9465000E-01  0.2666961E-01
  0.9470000E-01  0.2668351E-01
  0.9475000E-01  0.2669760E-01
  0.9480000E-01  0.2671191E-01
  0.9485000E-01  0.2672668E-01
  0.9490000E-01  0.2674165E-01
  0.9495000E-01  0.2675684E-01
  0.9500000E-01  0.2677211E-01
  0.9505000E-01  0.2678745E-01
  0.9510000E-01  0.2680275E-01
  0.9515000E-01  0.2681762E-01
  0.9520000E-01  0.2683182E-01
  0.9525000E-01  0.2684540E-01
  0.9530000E-01  0.2685838E-01
  0.9535000E-01  0.2687086E-01
  0.9540000E-01  0.2688282E-01
  0.9545000E-01  0.2689409E-01
  0.9550000E-01  0.2690457E-01
  0.9555000E-01  0.2691401E-01
  0.9560000E-01  0.2692189E-01
  0.9565000E-01  0.2692849E-01
  0.9570000E-01  0.2693408E-01
  0.9575000E-01  0.2693908E-01
  0.9580000E-01  0.2694403E-01
  0.9585000E-01  0.2694935E-01
  0.9590000E-01  0.2695491E-01
  0.9595000E-01  0.2696087E-01
  0.9600000E-01  0.2696681E-01
  0.9605000E-01  0.2697278E-01
  0.9610000E-01  0.2697858E-01
  0.9615000E-01  0.2698376E-01
  0.9620000E-01  0.2698797E-01
  0.9625000E-01  0.2699157E-01
  0.9630000E-01  0.2699507E-01
  0.9635000E-01  0.2699890E-01
  0.9640000E-01  0.2700294E-01
  0.9645000E-01  0.2700716E-01
  0.9650000E-01  0.2701094E-01
  0.9655000E-01  0.2701405E-01
  0.9660000E-01  0.2701622E-01
  0.9665000E-01  0.2701813E-01
  0.9670000E-01  0.2702040E-01
  0.9675000E-01  0.2702358E-01
  0.9680000E-01  0.2702702E-01
  0.9685000E-01  0.2703072E-01
  0.9690000E-01  0.2703437E-01
  0.9695000E-01  0.2703824E-01
  0.9700000E-01  0.2704200E-01
  0.9705000E-01  0.2704528E-01
  0.9710000E-01  0.2704719E-01
  0.9715000E-01  0.2704828E-01
  0.9720000E-01  0.2704819E-01
  0.9725000E-01  0.2704666E-01
  0.9730000E-01  0.2704344E-01
  0.9735000E-01  0.2703857E-01
  0.9740000E-01  0.2703163E-01
  0.9745000E-01  0.2702238E-01
  0.9750000E-01  0.2700929E-01
  0.9755000E-01  0.2699180E-01
  0.9760000E-01  0.2696909E-01
  0.9765000E-01  0.2694069E-01
  0.9770000E-01  0.2690434E-01
  0.9775000E-01  0.2685867E-01
  0.9780000E-01  0.2680187E-01
  0.9785000E-01  0.2673213E-01
  0.9790000E-01  0.2664634E-01
  0.9795000E-01  0.2654275E-01
  0.9800000E-01  0.2641756E-01
  0.9805000E-01  0.2626750E-01
  0.9810000E-01  0.2608903E-01
  0.9815000E-01  0.2587924E-01
  0.9820000E-01  0.2563370E-01
  0.9825000E-01  0.2534879E-01
  0.9830000E-01  0.2501975E-01
  0.9835000E-01  0.2464354E-01
  0.9840000E-01  0.2421653E-01
  0.9845000E-01  0.2373696E-01
  0.9850000E-01  0.2320218E-01
  0.9855000E-01  0.2261202E-01
  0.9860000E-01  0.2196596E-01
  0.9865000E-01  0.2126523E-01
  0.9870000E-01  0.2051091E-01
  0.9875000E-01  0.1970517E-01
  0.9880000E-01  0.1885013E-01
  0.9885000E-01  0.1794856E-01
  0.9890000E-01  0.1700343E-01
  0.9895000E-01  0.1601819E-01
  0.9900000E-01  0.1499650E-01
  0.9905000E-01  0.1394236E-01
  0.9910000E-01  0.1286038E-01
  0.9915000E-01  0.1175593E-01
  0.9920000E-01  0.1063544E-01
  0.9925000E-01  0.9506763E-02
  0.9930000E-01  0.8379752E-02
  0.9935000E-01  0.7266308E-02
  0.9940000E-01  0.6180406E-02
  0.9945000E-01  0.5137874E-02
  0.9950000E-01  0.4155285E-02
  0.9955000E-01  0.3249864E-02
  0.9960000E-01  0.2438413E-02
  0.9965000E-01  0.1735806E-02
  0.9970000E-01  0.1153319E-02
  0.9975000E-01  0.6971840E-03
  0.9980000E-01  0.3670031E-03
  0.9985000E-01  0.1537660E-03
  0.9990000E-01  0.4012271E-04
  0.9995000E-01  0.0000000E+00
  0.1000000E+00  0.0000000E+00
