  0.0000000E+00  0.0000000E+00
  0.5000000E-04 -0.2153565E-12
  0.1000000E-03  0.4208817E-01
  0.1500000E-03  0.2027301E+00
  0.2000000E-03  0.5403339E+00
  0.2500000E-03  0.1091656E+01
  0.3000000E-03  0.1869317E+01
  0.3500000E-03  0.2861973E+01
  0.4000000E-03  0.4037714E+01
  0.4500000E-03  0.5349283E+01
  0.5000000E-03  0.6740833E+01
  0.5500000E-03  0.8154172E+01
  0.6000000E-03  0.9534056E+01
  0.6500000E-03  0.1083227E+02
  0.7000000E-03  0.1201001E+02
  0.7500000E-03  0.1303880E+02
  0.8000000E-03  0.1390033E+02
  0.8500000E-03  0.1458537E+02
  0.9000000E-03  0.1509208E+02
  0.9500000E-03  0.1542431E+02
  0.1000000E-02  0.1559030E+02
  0.1050000E-02  0.1560139E+02
  0.1100000E-02  0.1547110E+02
  0.1150000E-02  0.1521460E+02
  0.1200000E-02  0.1484822E+02
  0.1250000E-02  0.1438913E+02
  0.1300000E-02  0.1385505E+02
  0.1350000E-02  0.1326392E+02
  0.1400000E-02  0.1263355E+02
  0.1450000E-02  0.1198109E+02
  0.1500000E-02  0.1132287E+02
  0.1550000E-02  0.1067335E+02
  0.1600000E-02  0.1004457E+02
  0.1650000E-02  0.9446208E+01
  0.1700000E-02  0.8885642E+01
  0.1750000E-02  0.8367928E+01
  0.1800000E-02  0.7895844E+01
  0.1850000E-02  0.7469899E+01
  0.1900000E-02  0.7088488E+01
  0.1950000E-02  0.6748928E+01
  0.2000000E-02  0.6448374E+01
  0.2050000E-02  0.6183697E+01
  0.2100000E-02  0.5951468E+01
  0.2150000E-02  0.5748472E+01
  0.2200000E-02  0.5571320E+01
  0.2250000E-02  0.5416438E+01
  0.2300000E-02  0.5280553E+01
  0.2350000E-02  0.5161069E+01
  0.2400000E-02  0.5055868E+01
  0.2450000E-02  0.4962803E+01
  0.2500000E-02  0.4879123E+01
  0.2550000E-02  0.4802327E+01
  0.2600000E-02  0.4730632E+01
  0.2650000E-02  0.4662524E+01
  0.2700000E-02  0.4596964E+01
  0.2750000E-02  0.4533519E+01
  0.2800000E-02  0.4471836E+01
  0.2850000E-02  0.4411587E+01
  0.2900000E-02  0.4352472E+01
  0.2950000E-02  0.4294325E+01
  0.3000000E-02  0.4237485E+01
  0.3050000E-02  0.4182540E+01
  0.3100000E-02  0.4128836E+01
  0.3150000E-02  0.4074853E+01
  0.3200000E-02  0.4019236E+01
  0.3250000E-02  0.3961385E+01
  0.3300000E-02  0.3901843E+01
  0.3350000E-02  0.3841704E+01
  0.3400000E-02  0.3782168E+01
  0.3450000E-02  0.3724102E+01
  0.3500000E-02  0.3668038E+01
  0.3550000E-02  0.3614122E+01
  0.3600000E-02  0.3561986E+01
  0.3650000E-02  0.3511150E+01
  0.3700000E-02  0.3461100E+01
  0.3750000E-02  0.3411499E+01
  0.3800000E-02  0.3362244E+01
  0.3850000E-02  0.3313433E+01
  0.3900000E-02  0.3265160E+01
  0.3950000E-02  0.3217292E+01
  0.4000000E-02  0.3169668E+01
  0.4050000E-02  0.3122463E+01
  0.4100000E-02  0.3076174E+01
  0.4150000E-02  0.3031403E+01
  0.4200000E-02  0.2988286E+01
  0.4250000E-02  0.2946481E+01
  0.4300000E-02  0.2905398E+01
  0.4350000E-02  0.2864617E+01
  0.4400000E-02  0.2824278E+01
  0.4450000E-02  0.2784754E+01
  0.4500000E-02  0.2746475E+01
  0.4550000E-02  0.2709686E+01
  0.4600000E-02  0.2674309E+01
  0.4650000E-02  0.2639915E+01
  0.4700000E-02  0.2606016E+01
  0.4750000E-02  0.2572661E+01
  0.4800000E-02  0.2540147E+01
  0.4850000E-02  0.2508325E+01
  0.4900000E-02  0.2476340E+01
  0.4950000E-02  0.2443466E+01
  0.5000000E-02  0.2409674E+01
  0.5050000E-02  0.2375174E+01
  0.5100000E-02  0.2340287E+01
  0.5150000E-02  0.2305676E+01
  0.5200000E-02  0.2272159E+01
  0.5250000E-02  0.2240043E+01
  0.5300000E-02  0.2209180E+01
  0.5350000E-02  0.2179544E+01
  0.5400000E-02  0.2151041E+01
  0.5450000E-02  0.2123567E+01
  0.5500000E-02  0.2097016E+01
  0.5550000E-02  0.2071170E+01
  0.5600000E-02  0.2045769E+01
  0.5650000E-02  0.2020586E+01
  0.5700000E-02  0.1995815E+01
  0.5750000E-02  0.1971944E+01
  0.5800000E-02  0.1949182E+01
  0.5850000E-02  0.1927339E+01
  0.5900000E-02  0.1906195E+01
  0.5950000E-02  0.1885514E+01
  0.6000000E-02  0.1864997E+01
  0.6050000E-02  0.1844572E+01
  0.6100000E-02  0.1824618E+01
  0.6150000E-02  0.1805500E+01
  0.6200000E-02  0.1787003E+01
  0.6250000E-02  0.1768484E+01
  0.6300000E-02  0.1749927E+01
  0.6350000E-02  0.1731978E+01
  0.6400000E-02  0.1714751E+01
  0.6450000E-02  0.1697989E+01
  0.6500000E-02  0.1681559E+01
  0.6550000E-02  0.1665484E+01
  0.6600000E-02  0.1649960E+01
  0.6650000E-02  0.1635060E+01
  0.6700000E-02  0.1620538E+01
  0.6750000E-02  0.1606117E+01
  0.6800000E-02  0.1591773E+01
  0.6850000E-02  0.1577588E+01
  0.6900000E-02  0.1563604E+01
  0.6950000E-02  0.1549708E+01
  0.7000000E-02  0.1535872E+01
  0.7050000E-02  0.1522645E+01
  0.7100000E-02  0.1510536E+01
  0.7150000E-02  0.1499403E+01
  0.7200000E-02  0.1489135E+01
  0.7250000E-02  0.1479764E+01
  0.7300000E-02  0.1470863E+01
  0.7350000E-02  0.1461755E+01
  0.7400000E-02  0.1452143E+01
  0.7450000E-02  0.1442076E+01
  0.7500000E-02  0.1431594E+01
  0.7550000E-02  0.1421010E+01
  0.7600000E-02  0.1410823E+01
  0.7650000E-02  0.1401078E+01
  0.7700000E-02  0.1391196E+01
  0.7750000E-02  0.1380701E+01
  0.7800000E-02  0.1369800E+01
  0.7850000E-02  0.1358882E+01
  0.7900000E-02  0.1347847E+01
  0.7950000E-02  0.1336471E+01
  0.8000000E-02  0.1324923E+01
  0.8050000E-02  0.1313465E+01
  0.8100000E-02  0.1301999E+01
  0.8150000E-02  0.1290220E+01
  0.8200000E-02  0.1278091E+01
  0.8250000E-02  0.1265668E+01
  0.8300000E-02  0.1253196E+01
  0.8350000E-02  0.1240912E+01
  0.8400000E-02  0.1228785E+01
  0.8450000E-02  0.1216919E+01
  0.8500000E-02  0.1205189E+01
  0.8550000E-02  0.1193037E+01
  0.8600000E-02  0.1180349E+01
  0.8650000E-02  0.1167671E+01
  0.8700000E-02  0.1155516E+01
  0.8750000E-02  0.1144009E+01
  0.8800000E-02  0.1132967E+01
  0.8850000E-02  0.1122181E+01
  0.8900000E-02  0.1111624E+01
  0.8950000E-02  0.1101358E+01
  0.9000000E-02  0.1091516E+01
  0.9050000E-02  0.1082102E+01
  0.9100000E-02  0.1073025E+01
  0.9150000E-02  0.1064259E+01
  0.9200000E-02  0.1055674E+01
  0.9250000E-02  0.1047140E+01
  0.9300000E-02  0.1038513E+01
  0.9350000E-02  0.1029570E+01
  0.9400000E-02  0.1020360E+01
  0.9450000E-02  0.1011275E+01
  0.9500000E-02  0.1002737E+01
  0.9550000E-02  0.9949875E+00
  0.9600000E-02  0.9879896E+00
  0.9650000E-02  0.9815168E+00
  0.9700000E-02  0.9753449E+00
  0.9750000E-02  0.9694555E+00
  0.9800000E-02  0.9636566E+00
  0.9850000E-02  0.9575566E+00
  0.9900000E-02  0.9508915E+00
  0.9950000E-02  0.9435866E+00
  0.1000000E-01  0.9358345E+00
  0.1005000E-01  0.9279555E+00
  0.1010000E-01  0.9201390E+00
  0.1015000E-01  0.9123790E+00
  0.1020000E-01  0.9045822E+00
  0.1025000E-01  0.8967189E+00
  0.1030000E-01  0.8888239E+00
  0.1035000E-01  0.8809668E+00
  0.1040000E-01  0.8735610E+00
  0.1045000E-01  0.8670826E+00
  0.1050000E-01  0.8616315E+00
  0.1055000E-01  0.8570063E+00
  0.1060000E-01  0.8528259E+00
  0.1065000E-01  0.8486982E+00
  0.1070000E-01  0.8444522E+00
  0.1075000E-01  0.8401955E+00
  0.1080000E-01  0.8359323E+00
  0.1085000E-01  0.8315945E+00
  0.1090000E-01  0.8272654E+00
  0.1095000E-01  0.8229657E+00
  0.1100000E-01  0.8185318E+00
  0.1105000E-01  0.8139365E+00
  0.1110000E-01  0.8094127E+00
  0.1115000E-01  0.8049251E+00
  0.1120000E-01  0.8001891E+00
  0.1125000E-01  0.7951351E+00
  0.1130000E-01  0.7898787E+00
  0.1135000E-01  0.7846110E+00
  0.1140000E-01  0.7794674E+00
  0.1145000E-01  0.7743878E+00
  0.1150000E-01  0.7692834E+00
  0.1155000E-01  0.7642037E+00
  0.1160000E-01  0.7592975E+00
  0.1165000E-01  0.7546537E+00
  0.1170000E-01  0.7502308E+00
  0.1175000E-01  0.7458967E+00
  0.1180000E-01  0.7416242E+00
  0.1185000E-01  0.7375248E+00
  0.1190000E-01  0.7337096E+00
  0.1195000E-01  0.7302712E+00
  0.1200000E-01  0.7271578E+00
  0.1205000E-01  0.7241254E+00
  0.1210000E-01  0.7209187E+00
  0.1215000E-01  0.7174480E+00
  0.1220000E-01  0.7137837E+00
  0.1225000E-01  0.7099715E+00
  0.1230000E-01  0.7061374E+00
  0.1235000E-01  0.7024892E+00
  0.1240000E-01  0.6989975E+00
  0.1245000E-01  0.6954727E+00
  0.1250000E-01  0.6918835E+00
  0.1255000E-01  0.6883016E+00
  0.1260000E-01  0.6846997E+00
  0.1265000E-01  0.6809860E+00
  0.1270000E-01  0.6771998E+00
  0.1275000E-01  0.6735022E+00
  0.1280000E-01  0.6698717E+00
  0.1285000E-01  0.6660985E+00
  0.1290000E-01  0.6621505E+00
  0.1295000E-01  0.6581766E+00
  0.1300000E-01  0.6542331E+00
  0.1305000E-01  0.6503762E+00
  0.1310000E-01  0.6466659E+00
  0.1315000E-01  0.6430333E+00
  0.1320000E-01  0.6393658E+00
  0.1325000E-01  0.6356826E+00
  0.1330000E-01  0.6321036E+00
  0.1335000E-01  0.6286178E+00
  0.1340000E-01  0.6251723E+00
  0.1345000E-01  0.6218201E+00
  0.1350000E-01  0.6185402E+00
  0.1355000E-01  0.6152830E+00
  0.1360000E-01  0.6120887E+00
  0.1365000E-01  0.6090278E+00
  0.1370000E-01  0.6062507E+00
  0.1375000E-01  0.6039032E+00
  0.1380000E-01  0.6019930E+00
  0.1385000E-01  0.6004187E+00
  0.1390000E-01  0.5990416E+00
  0.1395000E-01  0.5976972E+00
  0.1400000E-01  0.5961368E+00
  0.1405000E-01  0.5942110E+00
  0.1410000E-01  0.5919457E+00
  0.1415000E-01  0.5893920E+00
  0.1420000E-01  0.5866787E+00
  0.1425000E-01  0.5838876E+00
  0.1430000E-01  0.5810066E+00
  0.1435000E-01  0.5781359E+00
  0.1440000E-01  0.5753500E+00
  0.1445000E-01  0.5725996E+00
  0.1450000E-01  0.5698216E+00
  0.1455000E-01  0.5670109E+00
  0.1460000E-01  0.5642567E+00
  0.1465000E-01  0.5616080E+00
  0.1470000E-01  0.5591006E+00
  0.1475000E-01  0.5566999E+00
  0.1480000E-01  0.5541879E+00
  0.1485000E-01  0.5514229E+00
  0.1490000E-01  0.5484301E+00
  0.1495000E-01  0.5452810E+00
  0.1500000E-01  0.5419670E+00
  0.1505000E-01  0.5384744E+00
  0.1510000E-01  0.5348532E+00
  0.1515000E-01  0.5312892E+00
  0.1520000E-01  0.5280838E+00
  0.1525000E-01  0.5253580E+00
  0.1530000E-01  0.5230800E+00
  0.1535000E-01  0.5210985E+00
  0.1540000E-01  0.5191657E+00
  0.1545000E-01  0.5171759E+00
  0.1550000E-01  0.5151928E+00
  0.1555000E-01  0.5132453E+00
  0.1560000E-01  0.5111243E+00
  0.1565000E-01  0.5085993E+00
  0.1570000E-01  0.5056604E+00
  0.1575000E-01  0.5023360E+00
  0.1580000E-01  0.4987039E+00
  0.1585000E-01  0.4949779E+00
  0.1590000E-01  0.4913033E+00
  0.1595000E-01  0.4876657E+00
  0.1600000E-01  0.4841320E+00
  0.1605000E-01  0.4808368E+00
  0.1610000E-01  0.4777918E+00
  0.1615000E-01  0.4748389E+00
  0.1620000E-01  0.4717837E+00
  0.1625000E-01  0.4685136E+00
  0.1630000E-01  0.4650194E+00
  0.1635000E-01  0.4613836E+00
  0.1640000E-01  0.4576882E+00
  0.1645000E-01  0.4540147E+00
  0.1650000E-01  0.4504496E+00
  0.1655000E-01  0.4470715E+00
  0.1660000E-01  0.4439132E+00
  0.1665000E-01  0.4409349E+00
  0.1670000E-01  0.4380925E+00
  0.1675000E-01  0.4354538E+00
  0.1680000E-01  0.4331570E+00
  0.1685000E-01  0.4312794E+00
  0.1690000E-01  0.4297519E+00
  0.1695000E-01  0.4284395E+00
  0.1700000E-01  0.4271830E+00
  0.1705000E-01  0.4257483E+00
  0.1710000E-01  0.4239880E+00
  0.1715000E-01  0.4218865E+00
  0.1720000E-01  0.4195362E+00
  0.1725000E-01  0.4170277E+00
  0.1730000E-01  0.4144177E+00
  0.1735000E-01  0.4117976E+00
  0.1740000E-01  0.4091923E+00
  0.1745000E-01  0.4066343E+00
  0.1750000E-01  0.4041741E+00
  0.1755000E-01  0.4017655E+00
  0.1760000E-01  0.3993530E+00
  0.1765000E-01  0.3970089E+00
  0.1770000E-01  0.3947959E+00
  0.1775000E-01  0.3927017E+00
  0.1780000E-01  0.3907544E+00
  0.1785000E-01  0.3889951E+00
  0.1790000E-01  0.3874665E+00
  0.1795000E-01  0.3861672E+00
  0.1800000E-01  0.3849547E+00
  0.1805000E-01  0.3836653E+00
  0.1810000E-01  0.3822084E+00
  0.1815000E-01  0.3804884E+00
  0.1820000E-01  0.3784619E+00
  0.1825000E-01  0.3762312E+00
  0.1830000E-01  0.3738774E+00
  0.1835000E-01  0.3714035E+00
  0.1840000E-01  0.3688497E+00
  0.1845000E-01  0.3662041E+00
  0.1850000E-01  0.3634527E+00
  0.1855000E-01  0.3606083E+00
  0.1860000E-01  0.3576430E+00
  0.1865000E-01  0.3545954E+00
  0.1870000E-01  0.3515089E+00
  0.1875000E-01  0.3484573E+00
  0.1880000E-01  0.3456457E+00
  0.1885000E-01  0.3432015E+00
  0.1890000E-01  0.3410940E+00
  0.1895000E-01  0.3392105E+00
  0.1900000E-01  0.3374171E+00
  0.1905000E-01  0.3356198E+00
  0.1910000E-01  0.3338013E+00
  0.1915000E-01  0.3320260E+00
  0.1920000E-01  0.3303852E+00
  0.1925000E-01  0.3289451E+00
  0.1930000E-01  0.3277385E+00
  0.1935000E-01  0.3267166E+00
  0.1940000E-01  0.3257526E+00
  0.1945000E-01  0.3247878E+00
  0.1950000E-01  0.3238765E+00
  0.1955000E-01  0.3230630E+00
  0.1960000E-01  0.3222859E+00
  0.1965000E-01  0.3214947E+00
  0.1970000E-01  0.3206595E+00
  0.1975000E-01  0.3197062E+00
  0.1980000E-01  0.3186089E+00
  0.1985000E-01  0.3173575E+00
  0.1990000E-01  0.3159285E+00
  0.1995000E-01  0.3143223E+00
  0.2000000E-01  0.3124764E+00
  0.2005000E-01  0.3103211E+00
  0.2010000E-01  0.3079339E+00
  0.2015000E-01  0.3055263E+00
  0.2020000E-01  0.3033142E+00
  0.2025000E-01  0.3014216E+00
  0.2030000E-01  0.2998413E+00
  0.2035000E-01  0.2985153E+00
  0.2040000E-01  0.2974290E+00
  0.2045000E-01  0.2965506E+00
  0.2050000E-01  0.2958340E+00
  0.2055000E-01  0.2952398E+00
  0.2060000E-01  0.2947301E+00
  0.2065000E-01  0.2943209E+00
  0.2070000E-01  0.2940115E+00
  0.2075000E-01  0.2936587E+00
  0.2080000E-01  0.2931351E+00
  0.2085000E-01  0.2924772E+00
  0.2090000E-01  0.2917644E+00
  0.2095000E-01  0.2910455E+00
  0.2100000E-01  0.2902910E+00
  0.2105000E-01  0.2893781E+00
  0.2110000E-01  0.2882146E+00
  0.2115000E-01  0.2868296E+00
  0.2120000E-01  0.2853804E+00
  0.2125000E-01  0.2840037E+00
  0.2130000E-01  0.2827404E+00
  0.2135000E-01  0.2816113E+00
  0.2140000E-01  0.2805828E+00
  0.2145000E-01  0.2796189E+00
  0.2150000E-01  0.2787167E+00
  0.2155000E-01  0.2777897E+00
  0.2160000E-01  0.2767542E+00
  0.2165000E-01  0.2755985E+00
  0.2170000E-01  0.2743348E+00
  0.2175000E-01  0.2729882E+00
  0.2180000E-01  0.2715507E+00
  0.2185000E-01  0.2700089E+00
  0.2190000E-01  0.2683784E+00
  0.2195000E-01  0.2666819E+00
  0.2200000E-01  0.2649413E+00
  0.2205000E-01  0.2631822E+00
  0.2210000E-01  0.2614365E+00
  0.2215000E-01  0.2597397E+00
  0.2220000E-01  0.2581304E+00
  0.2225000E-01  0.2566403E+00
  0.2230000E-01  0.2552523E+00
  0.2235000E-01  0.2539338E+00
  0.2240000E-01  0.2527331E+00
  0.2245000E-01  0.2517063E+00
  0.2250000E-01  0.2508299E+00
  0.2255000E-01  0.2500516E+00
  0.2260000E-01  0.2493143E+00
  0.2265000E-01  0.2485279E+00
  0.2270000E-01  0.2476189E+00
  0.2275000E-01  0.2466238E+00
  0.2280000E-01  0.2455994E+00
  0.2285000E-01  0.2445336E+00
  0.2290000E-01  0.2434270E+00
  0.2295000E-01  0.2423426E+00
  0.2300000E-01  0.2413112E+00
  0.2305000E-01  0.2403300E+00
  0.2310000E-01  0.2393854E+00
  0.2315000E-01  0.2384830E+00
  0.2320000E-01  0.2376443E+00
  0.2325000E-01  0.2368824E+00
  0.2330000E-01  0.2362653E+00
  0.2335000E-01  0.2357912E+00
  0.2340000E-01  0.2352970E+00
  0.2345000E-01  0.2346050E+00
  0.2350000E-01  0.2336397E+00
  0.2355000E-01  0.2324431E+00
  0.2360000E-01  0.2311336E+00
  0.2365000E-01  0.2298212E+00
  0.2370000E-01  0.2285720E+00
  0.2375000E-01  0.2273953E+00
  0.2380000E-01  0.2262590E+00
  0.2385000E-01  0.2251708E+00
  0.2390000E-01  0.2241494E+00
  0.2395000E-01  0.2231803E+00
  0.2400000E-01  0.2222591E+00
  0.2405000E-01  0.2213742E+00
  0.2410000E-01  0.2204878E+00
  0.2415000E-01  0.2195305E+00
  0.2420000E-01  0.2184691E+00
  0.2425000E-01  0.2173485E+00
  0.2430000E-01  0.2161512E+00
  0.2435000E-01  0.2148212E+00
  0.2440000E-01  0.2133651E+00
  0.2445000E-01  0.2118100E+00
  0.2450000E-01  0.2101969E+00
  0.2455000E-01  0.2085771E+00
  0.2460000E-01  0.2070101E+00
  0.2465000E-01  0.2055363E+00
  0.2470000E-01  0.2041585E+00
  0.2475000E-01  0.2028551E+00
  0.2480000E-01  0.2016057E+00
  0.2485000E-01  0.2003866E+00
  0.2490000E-01  0.1991685E+00
  0.2495000E-01  0.1979527E+00
  0.2500000E-01  0.1967082E+00
  0.2505000E-01  0.1953610E+00
  0.2510000E-01  0.1939202E+00
  0.2515000E-01  0.1924915E+00
  0.2520000E-01  0.1911339E+00
  0.2525000E-01  0.1898407E+00
  0.2530000E-01  0.1886046E+00
  0.2535000E-01  0.1873936E+00
  0.2540000E-01  0.1861241E+00
  0.2545000E-01  0.1847364E+00
  0.2550000E-01  0.1832352E+00
  0.2555000E-01  0.1816571E+00
  0.2560000E-01  0.1800410E+00
  0.2565000E-01  0.1784090E+00
  0.2570000E-01  0.1767680E+00
  0.2575000E-01  0.1751641E+00
  0.2580000E-01  0.1736718E+00
  0.2585000E-01  0.1723132E+00
  0.2590000E-01  0.1710795E+00
  0.2595000E-01  0.1699374E+00
  0.2600000E-01  0.1688328E+00
  0.2605000E-01  0.1677538E+00
  0.2610000E-01  0.1667402E+00
  0.2615000E-01  0.1658670E+00
  0.2620000E-01  0.1651864E+00
  0.2625000E-01  0.1647035E+00
  0.2630000E-01  0.1643999E+00
  0.2635000E-01  0.1642040E+00
  0.2640000E-01  0.1640589E+00
  0.2645000E-01  0.1639098E+00
  0.2650000E-01  0.1636447E+00
  0.2655000E-01  0.1632072E+00
  0.2660000E-01  0.1626443E+00
  0.2665000E-01  0.1620017E+00
  0.2670000E-01  0.1612888E+00
  0.2675000E-01  0.1605130E+00
  0.2680000E-01  0.1596813E+00
  0.2685000E-01  0.1588320E+00
  0.2690000E-01  0.1580336E+00
  0.2695000E-01  0.1573293E+00
  0.2700000E-01  0.1567471E+00
  0.2705000E-01  0.1562992E+00
  0.2710000E-01  0.1559348E+00
  0.2715000E-01  0.1555530E+00
  0.2720000E-01  0.1550372E+00
  0.2725000E-01  0.1543071E+00
  0.2730000E-01  0.1533757E+00
  0.2735000E-01  0.1523433E+00
  0.2740000E-01  0.1513176E+00
  0.2745000E-01  0.1503507E+00
  0.2750000E-01  0.1494500E+00
  0.2755000E-01  0.1485949E+00
  0.2760000E-01  0.1477735E+00
  0.2765000E-01  0.1470013E+00
  0.2770000E-01  0.1462929E+00
  0.2775000E-01  0.1456391E+00
  0.2780000E-01  0.1450226E+00
  0.2785000E-01  0.1444294E+00
  0.2790000E-01  0.1438147E+00
  0.2795000E-01  0.1431102E+00
  0.2800000E-01  0.1422998E+00
  0.2805000E-01  0.1414182E+00
  0.2810000E-01  0.1404938E+00
  0.2815000E-01  0.1395699E+00
  0.2820000E-01  0.1387127E+00
  0.2825000E-01  0.1379862E+00
  0.2830000E-01  0.1374316E+00
  0.2835000E-01  0.1370299E+00
  0.2840000E-01  0.1366944E+00
  0.2845000E-01  0.1363153E+00
  0.2850000E-01  0.1358408E+00
  0.2855000E-01  0.1352793E+00
  0.2860000E-01  0.1346162E+00
  0.2865000E-01  0.1338632E+00
  0.2870000E-01  0.1331148E+00
  0.2875000E-01  0.1324464E+00
  0.2880000E-01  0.1318461E+00
  0.2885000E-01  0.1313012E+00
  0.2890000E-01  0.1308422E+00
  0.2895000E-01  0.1304651E+00
  0.2900000E-01  0.1301177E+00
  0.2905000E-01  0.1297640E+00
  0.2910000E-01  0.1294130E+00
  0.2915000E-01  0.1290842E+00
  0.2920000E-01  0.1288087E+00
  0.2925000E-01  0.1286319E+00
  0.2930000E-01  0.1285746E+00
  0.2935000E-01  0.1286253E+00
  0.2940000E-01  0.1287391E+00
  0.2945000E-01  0.1288604E+00
  0.2950000E-01  0.1289512E+00
  0.2955000E-01  0.1290025E+00
  0.2960000E-01  0.1290168E+00
  0.2965000E-01  0.1289807E+00
  0.2970000E-01  0.1288747E+00
  0.2975000E-01  0.1286908E+00
  0.2980000E-01  0.1284372E+00
  0.2985000E-01  0.1281221E+00
  0.2990000E-01  0.1277376E+00
  0.2995000E-01  0.1272778E+00
  0.3000000E-01  0.1267596E+00
  0.3005000E-01  0.1262103E+00
  0.3010000E-01  0.1256632E+00
  0.3015000E-01  0.1251544E+00
  0.3020000E-01  0.1247040E+00
  0.3025000E-01  0.1243159E+00
  0.3030000E-01  0.1239894E+00
  0.3035000E-01  0.1237093E+00
  0.3040000E-01  0.1234749E+00
  0.3045000E-01  0.1233194E+00
  0.3050000E-01  0.1232608E+00
  0.3055000E-01  0.1232687E+00
  0.3060000E-01  0.1233038E+00
  0.3065000E-01  0.1233528E+00
  0.3070000E-01  0.1233909E+00
  0.3075000E-01  0.1233648E+00
  0.3080000E-01  0.1232356E+00
  0.3085000E-01  0.1229962E+00
  0.3090000E-01  0.1226635E+00
  0.3095000E-01  0.1222581E+00
  0.3100000E-01  0.1217788E+00
  0.3105000E-01  0.1212337E+00
  0.3110000E-01  0.1206350E+00
  0.3115000E-01  0.1199600E+00
  0.3120000E-01  0.1191904E+00
  0.3125000E-01  0.1183312E+00
  0.3130000E-01  0.1173961E+00
  0.3135000E-01  0.1164091E+00
  0.3140000E-01  0.1154073E+00
  0.3145000E-01  0.1144331E+00
  0.3150000E-01  0.1134883E+00
  0.3155000E-01  0.1125600E+00
  0.3160000E-01  0.1116176E+00
  0.3165000E-01  0.1106370E+00
  0.3170000E-01  0.1096501E+00
  0.3175000E-01  0.1086813E+00
  0.3180000E-01  0.1077449E+00
  0.3185000E-01  0.1068624E+00
  0.3190000E-01  0.1060494E+00
  0.3195000E-01  0.1053227E+00
  0.3200000E-01  0.1046775E+00
  0.3205000E-01  0.1040984E+00
  0.3210000E-01  0.1035909E+00
  0.3215000E-01  0.1031483E+00
  0.3220000E-01  0.1027353E+00
  0.3225000E-01  0.1023252E+00
  0.3230000E-01  0.1019248E+00
  0.3235000E-01  0.1015371E+00
  0.3240000E-01  0.1011384E+00
  0.3245000E-01  0.1006882E+00
  0.3250000E-01  0.1001676E+00
  0.3255000E-01  0.9960831E-01
  0.3260000E-01  0.9905723E-01
  0.3265000E-01  0.9851391E-01
  0.3270000E-01  0.9794458E-01
  0.3275000E-01  0.9732444E-01
  0.3280000E-01  0.9662811E-01
  0.3285000E-01  0.9586670E-01
  0.3290000E-01  0.9508638E-01
  0.3295000E-01  0.9431894E-01
  0.3300000E-01  0.9358342E-01
  0.3305000E-01  0.9291616E-01
  0.3310000E-01  0.9236728E-01
  0.3315000E-01  0.9194855E-01
  0.3320000E-01  0.9161875E-01
  0.3325000E-01  0.9132688E-01
  0.3330000E-01  0.9104732E-01
  0.3335000E-01  0.9075913E-01
  0.3340000E-01  0.9045299E-01
  0.3345000E-01  0.9013815E-01
  0.3350000E-01  0.8981832E-01
  0.3355000E-01  0.8950063E-01
  0.3360000E-01  0.8919770E-01
  0.3365000E-01  0.8892734E-01
  0.3370000E-01  0.8869919E-01
  0.3375000E-01  0.8850130E-01
  0.3380000E-01  0.8831310E-01
  0.3385000E-01  0.8811843E-01
  0.3390000E-01  0.8791183E-01
  0.3395000E-01  0.8768563E-01
  0.3400000E-01  0.8742906E-01
  0.3405000E-01  0.8714848E-01
  0.3410000E-01  0.8685920E-01
  0.3415000E-01  0.8657006E-01
  0.3420000E-01  0.8627587E-01
  0.3425000E-01  0.8596034E-01
  0.3430000E-01  0.8561491E-01
  0.3435000E-01  0.8523566E-01
  0.3440000E-01  0.8481158E-01
  0.3445000E-01  0.8432680E-01
  0.3450000E-01  0.8376469E-01
  0.3455000E-01  0.8312410E-01
  0.3460000E-01  0.8241819E-01
  0.3465000E-01  0.8166060E-01
  0.3470000E-01  0.8085800E-01
  0.3475000E-01  0.8001946E-01
  0.3480000E-01  0.7916006E-01
  0.3485000E-01  0.7829851E-01
  0.3490000E-01  0.7744964E-01
  0.3495000E-01  0.7661895E-01
  0.3500000E-01  0.7580898E-01
  0.3505000E-01  0.7503046E-01
  0.3510000E-01  0.7429316E-01
  0.3515000E-01  0.7360439E-01
  0.3520000E-01  0.7297205E-01
  0.3525000E-01  0.7238198E-01
  0.3530000E-01  0.7181441E-01
  0.3535000E-01  0.7126608E-01
  0.3540000E-01  0.7073725E-01
  0.3545000E-01  0.7022488E-01
  0.3550000E-01  0.6972464E-01
  0.3555000E-01  0.6923134E-01
  0.3560000E-01  0.6874684E-01
  0.3565000E-01  0.6827219E-01
  0.3570000E-01  0.6780007E-01
  0.3575000E-01  0.6730592E-01
  0.3580000E-01  0.6676126E-01
  0.3585000E-01  0.6616449E-01
  0.3590000E-01  0.6553660E-01
  0.3595000E-01  0.6490814E-01
  0.3600000E-01  0.6430564E-01
  0.3605000E-01  0.6373280E-01
  0.3610000E-01  0.6318955E-01
  0.3615000E-01  0.6268790E-01
  0.3620000E-01  0.6223204E-01
  0.3625000E-01  0.6182491E-01
  0.3630000E-01  0.6146672E-01
  0.3635000E-01  0.6114372E-01
  0.3640000E-01  0.6086282E-01
  0.3645000E-01  0.6064278E-01
  0.3650000E-01  0.6047421E-01
  0.3655000E-01  0.6033684E-01
  0.3660000E-01  0.6021237E-01
  0.3665000E-01  0.6009045E-01
  0.3670000E-01  0.5996629E-01
  0.3675000E-01  0.5983678E-01
  0.3680000E-01  0.5970116E-01
  0.3685000E-01  0.5955405E-01
  0.3690000E-01  0.5940222E-01
  0.3695000E-01  0.5926880E-01
  0.3700000E-01  0.5916071E-01
  0.3705000E-01  0.5905764E-01
  0.3710000E-01  0.5893356E-01
  0.3715000E-01  0.5876525E-01
  0.3720000E-01  0.5856128E-01
  0.3725000E-01  0.5835830E-01
  0.3730000E-01  0.5817543E-01
  0.3735000E-01  0.5800447E-01
  0.3740000E-01  0.5782097E-01
  0.3745000E-01  0.5760169E-01
  0.3750000E-01  0.5735357E-01
  0.3755000E-01  0.5710911E-01
  0.3760000E-01  0.5688415E-01
  0.3765000E-01  0.5667034E-01
  0.3770000E-01  0.5646073E-01
  0.3775000E-01  0.5626609E-01
  0.3780000E-01  0.5609541E-01
  0.3785000E-01  0.5594071E-01
  0.3790000E-01  0.5579663E-01
  0.3795000E-01  0.5565597E-01
  0.3800000E-01  0.5550146E-01
  0.3805000E-01  0.5532874E-01
  0.3810000E-01  0.5514384E-01
  0.3815000E-01  0.5495599E-01
  0.3820000E-01  0.5477996E-01
  0.3825000E-01  0.5461998E-01
  0.3830000E-01  0.5446681E-01
  0.3835000E-01  0.5431370E-01
  0.3840000E-01  0.5415635E-01
  0.3845000E-01  0.5399246E-01
  0.3850000E-01  0.5381859E-01
  0.3855000E-01  0.5363049E-01
  0.3860000E-01  0.5342070E-01
  0.3865000E-01  0.5317833E-01
  0.3870000E-01  0.5290355E-01
  0.3875000E-01  0.5259897E-01
  0.3880000E-01  0.5225227E-01
  0.3885000E-01  0.5185407E-01
  0.3890000E-01  0.5141107E-01
  0.3895000E-01  0.5094291E-01
  0.3900000E-01  0.5047452E-01
  0.3905000E-01  0.5002413E-01
  0.3910000E-01  0.4959944E-01
  0.3915000E-01  0.4919330E-01
  0.3920000E-01  0.4880600E-01
  0.3925000E-01  0.4844916E-01
  0.3930000E-01  0.4812644E-01
  0.3935000E-01  0.4783219E-01
  0.3940000E-01  0.4755076E-01
  0.3945000E-01  0.4725619E-01
  0.3950000E-01  0.4692979E-01
  0.3955000E-01  0.4657125E-01
  0.3960000E-01  0.4617916E-01
  0.3965000E-01  0.4573342E-01
  0.3970000E-01  0.4522477E-01
  0.3975000E-01  0.4466973E-01
  0.3980000E-01  0.4408834E-01
  0.3985000E-01  0.4349411E-01
  0.3990000E-01  0.4290118E-01
  0.3995000E-01  0.4232454E-01
  0.4000000E-01  0.4177251E-01
  0.4005000E-01  0.4124148E-01
  0.4010000E-01  0.4072085E-01
  0.4015000E-01  0.4020534E-01
  0.4020000E-01  0.3969333E-01
  0.4025000E-01  0.3917481E-01
  0.4030000E-01  0.3863120E-01
  0.4035000E-01  0.3806442E-01
  0.4040000E-01  0.3749208E-01
  0.4045000E-01  0.3691974E-01
  0.4050000E-01  0.3634767E-01
  0.4055000E-01  0.3577736E-01
  0.4060000E-01  0.3521304E-01
  0.4065000E-01  0.3466048E-01
  0.4070000E-01  0.3411976E-01
  0.4075000E-01  0.3359044E-01
  0.4080000E-01  0.3307225E-01
  0.4085000E-01  0.3256474E-01
  0.4090000E-01  0.3207531E-01
  0.4095000E-01  0.3161103E-01
  0.4100000E-01  0.3117150E-01
  0.4105000E-01  0.3074985E-01
  0.4110000E-01  0.3033121E-01
  0.4115000E-01  0.2990244E-01
  0.4120000E-01  0.2946125E-01
  0.4125000E-01  0.2901465E-01
  0.4130000E-01  0.2856450E-01
  0.4135000E-01  0.2810755E-01
  0.4140000E-01  0.2764939E-01
  0.4145000E-01  0.2719522E-01
  0.4150000E-01  0.2674040E-01
  0.4155000E-01  0.2627461E-01
  0.4160000E-01  0.2579242E-01
  0.4165000E-01  0.2529784E-01
  0.4170000E-01  0.2479716E-01
  0.4175000E-01  0.2429909E-01
  0.4180000E-01  0.2381344E-01
  0.4185000E-01  0.2334555E-01
  0.4190000E-01  0.2290088E-01
  0.4195000E-01  0.2248900E-01
  0.4200000E-01  0.2211705E-01
  0.4205000E-01  0.2178130E-01
  0.4210000E-01  0.2147198E-01
  0.4215000E-01  0.2117845E-01
  0.4220000E-01  0.2088880E-01
  0.4225000E-01  0.2059366E-01
  0.4230000E-01  0.2028832E-01
  0.4235000E-01  0.1997218E-01
  0.4240000E-01  0.1964928E-01
  0.4245000E-01  0.1932655E-01
  0.4250000E-01  0.1901194E-01
  0.4255000E-01  0.1871450E-01
  0.4260000E-01  0.1844482E-01
  0.4265000E-01  0.1821014E-01
  0.4270000E-01  0.1800433E-01
  0.4275000E-01  0.1780923E-01
  0.4280000E-01  0.1760901E-01
  0.4285000E-01  0.1740176E-01
  0.4290000E-01  0.1718308E-01
  0.4295000E-01  0.1694096E-01
  0.4300000E-01  0.1667381E-01
  0.4305000E-01  0.1638610E-01
  0.4310000E-01  0.1607835E-01
  0.4315000E-01  0.1575799E-01
  0.4320000E-01  0.1544123E-01
  0.4325000E-01  0.1513762E-01
  0.4330000E-01  0.1484931E-01
  0.4335000E-01  0.1457911E-01
  0.4340000E-01  0.1433005E-01
  0.4345000E-01  0.1409941E-01
  0.4350000E-01  0.1387548E-01
  0.4355000E-01  0.1364750E-01
  0.4360000E-01  0.1341406E-01
  0.4365000E-01  0.1317348E-01
  0.4370000E-01  0.1292346E-01
  0.4375000E-01  0.1266804E-01
  0.4380000E-01  0.1241202E-01
  0.4385000E-01  0.1215185E-01
  0.4390000E-01  0.1188099E-01
  0.4395000E-01  0.1160231E-01
  0.4400000E-01  0.1132607E-01
  0.4405000E-01  0.1105904E-01
  0.4410000E-01  0.1080283E-01
  0.4415000E-01  0.1055533E-01
  0.4420000E-01  0.1030925E-01
  0.4425000E-01  0.1006583E-01
  0.4430000E-01  0.9833482E-02
  0.4435000E-01  0.9611579E-02
  0.4440000E-01  0.9393347E-02
  0.4445000E-01  0.9173549E-02
  0.4450000E-01  0.8952270E-02
  0.4455000E-01  0.8736587E-02
  0.4460000E-01  0.8533046E-02
  0.4465000E-01  0.8347063E-02
  0.4470000E-01  0.8184863E-02
  0.4475000E-01  0.8049177E-02
  0.4480000E-01  0.7939933E-02
  0.4485000E-01  0.7853465E-02
  0.4490000E-01  0.7778862E-02
  0.4495000E-01  0.7702530E-02
  0.4500000E-01  0.7618489E-02
  0.4505000E-01  0.7531081E-02
  0.4510000E-01  0.7442365E-02
  0.4515000E-01  0.7346871E-02
  0.4520000E-01  0.7244329E-02
  0.4525000E-01  0.7143598E-02
  0.4530000E-01  0.7051361E-02
  0.4535000E-01  0.6967265E-02
  0.4540000E-01  0.6889794E-02
  0.4545000E-01  0.6817893E-02
  0.4550000E-01  0.6750014E-02
  0.4555000E-01  0.6685093E-02
  0.4560000E-01  0.6624560E-02
  0.4565000E-01  0.6569329E-02
  0.4570000E-01  0.6518532E-02
  0.4575000E-01  0.6468020E-02
  0.4580000E-01  0.6410333E-02
  0.4585000E-01  0.6340441E-02
  0.4590000E-01  0.6258872E-02
  0.4595000E-01  0.6166343E-02
  0.4600000E-01  0.6063498E-02
  0.4605000E-01  0.5955322E-02
  0.4610000E-01  0.5844988E-02
  0.4615000E-01  0.5733786E-02
  0.4620000E-01  0.5624094E-02
  0.4625000E-01  0.5516514E-02
  0.4630000E-01  0.5409663E-02
  0.4635000E-01  0.5305031E-02
  0.4640000E-01  0.5205396E-02
  0.4645000E-01  0.5109624E-02
  0.4650000E-01  0.5013547E-02
  0.4655000E-01  0.4914384E-02
  0.4660000E-01  0.4811207E-02
  0.4665000E-01  0.4702094E-02
  0.4670000E-01  0.4588416E-02
  0.4675000E-01  0.4473187E-02
  0.4680000E-01  0.4354532E-02
  0.4685000E-01  0.4230696E-02
  0.4690000E-01  0.4103772E-02
  0.4695000E-01  0.3975055E-02
  0.4700000E-01  0.3846207E-02
  0.4705000E-01  0.3719482E-02
  0.4710000E-01  0.3595315E-02
  0.4715000E-01  0.3471329E-02
  0.4720000E-01  0.3344824E-02
  0.4725000E-01  0.3215506E-02
  0.4730000E-01  0.3084343E-02
  0.4735000E-01  0.2954277E-02
  0.4740000E-01  0.2829263E-02
  0.4745000E-01  0.2712350E-02
  0.4750000E-01  0.2605285E-02
  0.4755000E-01  0.2509756E-02
  0.4760000E-01  0.2425897E-02
  0.4765000E-01  0.2351184E-02
  0.4770000E-01  0.2283051E-02
  0.4775000E-01  0.2220187E-02
  0.4780000E-01  0.2161643E-02
  0.4785000E-01  0.2106538E-02
  0.4790000E-01  0.2053158E-02
  0.4795000E-01  0.1999380E-02
  0.4800000E-01  0.1945082E-02
  0.4805000E-01  0.1889786E-02
  0.4810000E-01  0.1831051E-02
  0.4815000E-01  0.1766613E-02
  0.4820000E-01  0.1695598E-02
  0.4825000E-01  0.1618906E-02
  0.4830000E-01  0.1538415E-02
  0.4835000E-01  0.1455065E-02
  0.4840000E-01  0.1369256E-02
  0.4845000E-01  0.1282319E-02
  0.4850000E-01  0.1196590E-02
  0.4855000E-01  0.1113864E-02
  0.4860000E-01  0.1035507E-02
  0.4865000E-01  0.9632297E-03
  0.4870000E-01  0.8956058E-03
  0.4875000E-01  0.8294177E-03
  0.4880000E-01  0.7640948E-03
  0.4885000E-01  0.7003589E-03
  0.4890000E-01  0.6382023E-03
  0.4895000E-01  0.5769713E-03
  0.4900000E-01  0.5164498E-03
  0.4905000E-01  0.4571543E-03
  0.4910000E-01  0.4004201E-03
  0.4915000E-01  0.3478079E-03
  0.4920000E-01  0.2998670E-03
  0.4925000E-01  0.2566063E-03
  0.4930000E-01  0.2174828E-03
  0.4935000E-01  0.1811068E-03
  0.4940000E-01  0.1466296E-03
  0.4945000E-01  0.1143600E-03
  0.4950000E-01  0.8507244E-04
  0.4955000E-01  0.5979745E-04
  0.4960000E-01  0.3931156E-04
  0.4965000E-01  0.2351433E-04
  0.4970000E-01  0.1164448E-04
  0.4975000E-01  0.3089952E-05
  0.4980000E-01 -0.2526126E-05
  0.4985000E-01 -0.5757956E-05
  0.4990000E-01 -0.6915773E-05
  0.4995000E-01 -0.6196727E-05
  0.5000000E-01 -0.4044368E-05
  0.5005000E-01 -0.4054702E-06
  0.5010000E-01  0.5278700E-05
  0.5015000E-01  0.1362658E-04
  0.5020000E-01  0.2515221E-04
  0.5025000E-01  0.4016760E-04
  0.5030000E-01  0.5880072E-04
  0.5035000E-01  0.8102418E-04
  0.5040000E-01  0.1067712E-03
  0.5045000E-01  0.1360284E-03
  0.5050000E-01  0.1690909E-03
  0.5055000E-01  0.2062330E-03
  0.5060000E-01  0.2468254E-03
  0.5065000E-01  0.2898076E-03
  0.5070000E-01  0.3349781E-03
  0.5075000E-01  0.3824795E-03
  0.5080000E-01  0.4320827E-03
  0.5085000E-01  0.4833889E-03
  0.5090000E-01  0.5357397E-03
  0.5095000E-01  0.5886611E-03
  0.5100000E-01  0.6420614E-03
  0.5105000E-01  0.6963367E-03
  0.5110000E-01  0.7531638E-03
  0.5115000E-01  0.8153565E-03
  0.5120000E-01  0.8846433E-03
  0.5125000E-01  0.9611953E-03
  0.5130000E-01  0.1044525E-02
  0.5135000E-01  0.1133610E-02
  0.5140000E-01  0.1227312E-02
  0.5145000E-01  0.1324593E-02
  0.5150000E-01  0.1423564E-02
  0.5155000E-01  0.1521701E-02
  0.5160000E-01  0.1616835E-02
  0.5165000E-01  0.1707142E-02
  0.5170000E-01  0.1791762E-02
  0.5175000E-01  0.1871410E-02
  0.5180000E-01  0.1947836E-02
  0.5185000E-01  0.2022482E-02
  0.5190000E-01  0.2095336E-02
  0.5195000E-01  0.2165461E-02
  0.5200000E-01  0.2232782E-02
  0.5205000E-01  0.2297864E-02
  0.5210000E-01  0.2361057E-02
  0.5215000E-01  0.2422215E-02
  0.5220000E-01  0.2482593E-02
  0.5225000E-01  0.2543849E-02
  0.5230000E-01  0.2604846E-02
  0.5235000E-01  0.2665876E-02
  0.5240000E-01  0.2730756E-02
  0.5245000E-01  0.2802547E-02
  0.5250000E-01  0.2883324E-02
  0.5255000E-01  0.2975516E-02
  0.5260000E-01  0.3079462E-02
  0.5265000E-01  0.3191737E-02
  0.5270000E-01  0.3308850E-02
  0.5275000E-01  0.3430389E-02
  0.5280000E-01  0.3557063E-02
  0.5285000E-01  0.3690403E-02
  0.5290000E-01  0.3831998E-02
  0.5295000E-01  0.3983107E-02
  0.5300000E-01  0.4146263E-02
  0.5305000E-01  0.4324160E-02
  0.5310000E-01  0.4516764E-02
  0.5315000E-01  0.4722132E-02
  0.5320000E-01  0.4935726E-02
  0.5325000E-01  0.5152383E-02
  0.5330000E-01  0.5371707E-02
  0.5335000E-01  0.5593707E-02
  0.5340000E-01  0.5813236E-02
  0.5345000E-01  0.6023977E-02
  0.5350000E-01  0.6223895E-02
  0.5355000E-01  0.6416040E-02
  0.5360000E-01  0.6606849E-02
  0.5365000E-01  0.6801473E-02
  0.5370000E-01  0.6999881E-02
  0.5375000E-01  0.7198314E-02
  0.5380000E-01  0.7393739E-02
  0.5385000E-01  0.7584639E-02
  0.5390000E-01  0.7770105E-02
  0.5395000E-01  0.7947770E-02
  0.5400000E-01  0.8115223E-02
  0.5405000E-01  0.8272326E-02
  0.5410000E-01  0.8419912E-02
  0.5415000E-01  0.8557484E-02
  0.5420000E-01  0.8684706E-02
  0.5425000E-01  0.8802316E-02
  0.5430000E-01  0.8907915E-02
  0.5435000E-01  0.8997700E-02
  0.5440000E-01  0.9072493E-02
  0.5445000E-01  0.9135533E-02
  0.5450000E-01  0.9188964E-02
  0.5455000E-01  0.9237125E-02
  0.5460000E-01  0.9284115E-02
  0.5465000E-01  0.9332778E-02
  0.5470000E-01  0.9387227E-02
  0.5475000E-01  0.9448882E-02
  0.5480000E-01  0.9515739E-02
  0.5485000E-01  0.9584607E-02
  0.5490000E-01  0.9655537E-02
  0.5495000E-01  0.9731936E-02
  0.5500000E-01  0.9816581E-02
  0.5505000E-01  0.9907560E-02
  0.5510000E-01  0.1000231E-01
  0.5515000E-01  0.1010347E-01
  0.5520000E-01  0.1021632E-01
  0.5525000E-01  0.1034917E-01
  0.5530000E-01  0.1050948E-01
  0.5535000E-01  0.1069451E-01
  0.5540000E-01  0.1089450E-01
  0.5545000E-01  0.1110568E-01
  0.5550000E-01  0.1132718E-01
  0.5555000E-01  0.1155772E-01
  0.5560000E-01  0.1179506E-01
  0.5565000E-01  0.1203281E-01
  0.5570000E-01  0.1226552E-01
  0.5575000E-01  0.1248951E-01
  0.5580000E-01  0.1270061E-01
  0.5585000E-01  0.1289902E-01
  0.5590000E-01  0.1308930E-01
  0.5595000E-01  0.1327498E-01
  0.5600000E-01  0.1345541E-01
  0.5605000E-01  0.1362859E-01
  0.5610000E-01  0.1379171E-01
  0.5615000E-01  0.1394490E-01
  0.5620000E-01  0.1409547E-01
  0.5625000E-01  0.1425268E-01
  0.5630000E-01  0.1442189E-01
  0.5635000E-01  0.1459788E-01
  0.5640000E-01  0.1476673E-01
  0.5645000E-01  0.1491834E-01
  0.5650000E-01  0.1505787E-01
  0.5655000E-01  0.1519699E-01
  0.5660000E-01  0.1533801E-01
  0.5665000E-01  0.1547248E-01
  0.5670000E-01  0.1558999E-01
  0.5675000E-01  0.1568592E-01
  0.5680000E-01  0.1576581E-01
  0.5685000E-01  0.1584215E-01
  0.5690000E-01  0.1592213E-01
  0.5695000E-01  0.1600333E-01
  0.5700000E-01  0.1608709E-01
  0.5705000E-01  0.1618414E-01
  0.5710000E-01  0.1629983E-01
  0.5715000E-01  0.1643072E-01
  0.5720000E-01  0.1657917E-01
  0.5725000E-01  0.1675641E-01
  0.5730000E-01  0.1697064E-01
  0.5735000E-01  0.1722483E-01
  0.5740000E-01  0.1751340E-01
  0.5745000E-01  0.1782745E-01
  0.5750000E-01  0.1816463E-01
  0.5755000E-01  0.1853337E-01
  0.5760000E-01  0.1893098E-01
  0.5765000E-01  0.1933880E-01
  0.5770000E-01  0.1974989E-01
  0.5775000E-01  0.2016835E-01
  0.5780000E-01  0.2059077E-01
  0.5785000E-01  0.2100379E-01
  0.5790000E-01  0.2139921E-01
  0.5795000E-01  0.2177251E-01
  0.5800000E-01  0.2212281E-01
  0.5805000E-01  0.2245114E-01
  0.5810000E-01  0.2276080E-01
  0.5815000E-01  0.2305056E-01
  0.5820000E-01  0.2332148E-01
  0.5825000E-01  0.2358386E-01
  0.5830000E-01  0.2384222E-01
  0.5835000E-01  0.2409305E-01
  0.5840000E-01  0.2433462E-01
  0.5845000E-01  0.2457032E-01
  0.5850000E-01  0.2479630E-01
  0.5855000E-01  0.2501022E-01
  0.5860000E-01  0.2522041E-01
  0.5865000E-01  0.2544115E-01
  0.5870000E-01  0.2568137E-01
  0.5875000E-01  0.2594219E-01
  0.5880000E-01  0.2622623E-01
  0.5885000E-01  0.2653947E-01
  0.5890000E-01  0.2688937E-01
  0.5895000E-01  0.2727536E-01
  0.5900000E-01  0.2768723E-01
  0.5905000E-01  0.2811501E-01
  0.5910000E-01  0.2855512E-01
  0.5915000E-01  0.2900560E-01
  0.5920000E-01  0.2945640E-01
  0.5925000E-01  0.2989732E-01
  0.5930000E-01  0.3033321E-01
  0.5935000E-01  0.3077068E-01
  0.5940000E-01  0.3120897E-01
  0.5945000E-01  0.3164984E-01
  0.5950000E-01  0.3208917E-01
  0.5955000E-01  0.3251632E-01
  0.5960000E-01  0.3293267E-01
  0.5965000E-01  0.3334548E-01
  0.5970000E-01  0.3376197E-01
  0.5975000E-01  0.3419236E-01
  0.5980000E-01  0.3463703E-01
  0.5985000E-01  0.3508117E-01
  0.5990000E-01  0.3551562E-01
  0.5995000E-01  0.3594027E-01
  0.6000000E-01  0.3635187E-01
  0.6005000E-01  0.3675450E-01
  0.6010000E-01  0.3715574E-01
  0.6015000E-01  0.3755082E-01
  0.6020000E-01  0.3793219E-01
  0.6025000E-01  0.3830044E-01
  0.6030000E-01  0.3865633E-01
  0.6035000E-01  0.3900610E-01
  0.6040000E-01  0.3936680E-01
  0.6045000E-01  0.3975016E-01
  0.6050000E-01  0.4015656E-01
  0.6055000E-01  0.4056935E-01
  0.6060000E-01  0.4097352E-01
  0.6065000E-01  0.4136953E-01
  0.6070000E-01  0.4176167E-01
  0.6075000E-01  0.4214984E-01
  0.6080000E-01  0.4252883E-01
  0.6085000E-01  0.4289842E-01
  0.6090000E-01  0.4325315E-01
  0.6095000E-01  0.4358378E-01
  0.6100000E-01  0.4389175E-01
  0.6105000E-01  0.4418428E-01
  0.6110000E-01  0.4446642E-01
  0.6115000E-01  0.4475240E-01
  0.6120000E-01  0.4506314E-01
  0.6125000E-01  0.4539621E-01
  0.6130000E-01  0.4575143E-01
  0.6135000E-01  0.4614524E-01
  0.6140000E-01  0.4657284E-01
  0.6145000E-01  0.4702781E-01
  0.6150000E-01  0.4751478E-01
  0.6155000E-01  0.4802721E-01
  0.6160000E-01  0.4856432E-01
  0.6165000E-01  0.4913142E-01
  0.6170000E-01  0.4970303E-01
  0.6175000E-01  0.5025870E-01
  0.6180000E-01  0.5079547E-01
  0.6185000E-01  0.5131278E-01
  0.6190000E-01  0.5182442E-01
  0.6195000E-01  0.5232988E-01
  0.6200000E-01  0.5280417E-01
  0.6205000E-01  0.5323500E-01
  0.6210000E-01  0.5364299E-01
  0.6215000E-01  0.5405224E-01
  0.6220000E-01  0.5446487E-01
  0.6225000E-01  0.5486012E-01
  0.6230000E-01  0.5523010E-01
  0.6235000E-01  0.5558412E-01
  0.6240000E-01  0.5593702E-01
  0.6245000E-01  0.5629187E-01
  0.6250000E-01  0.5663039E-01
  0.6255000E-01  0.5693399E-01
  0.6260000E-01  0.5719034E-01
  0.6265000E-01  0.5740995E-01
  0.6270000E-01  0.5760108E-01
  0.6275000E-01  0.5777031E-01
  0.6280000E-01  0.5792475E-01
  0.6285000E-01  0.5806141E-01
  0.6290000E-01  0.5816954E-01
  0.6295000E-01  0.5822515E-01
  0.6300000E-01  0.5823633E-01
  0.6305000E-01  0.5824974E-01
  0.6310000E-01  0.5829341E-01
  0.6315000E-01  0.5836512E-01
  0.6320000E-01  0.5844881E-01
  0.6325000E-01  0.5851525E-01
  0.6330000E-01  0.5855535E-01
  0.6335000E-01  0.5859028E-01
  0.6340000E-01  0.5865254E-01
  0.6345000E-01  0.5876503E-01
  0.6350000E-01  0.5894055E-01
  0.6355000E-01  0.5919497E-01
  0.6360000E-01  0.5953210E-01
  0.6365000E-01  0.5992769E-01
  0.6370000E-01  0.6033842E-01
  0.6375000E-01  0.6072342E-01
  0.6380000E-01  0.6106434E-01
  0.6385000E-01  0.6136443E-01
  0.6390000E-01  0.6163289E-01
  0.6395000E-01  0.6189384E-01
  0.6400000E-01  0.6216742E-01
  0.6405000E-01  0.6244671E-01
  0.6410000E-01  0.6270466E-01
  0.6415000E-01  0.6293072E-01
  0.6420000E-01  0.6314911E-01
  0.6425000E-01  0.6337398E-01
  0.6430000E-01  0.6360647E-01
  0.6435000E-01  0.6386113E-01
  0.6440000E-01  0.6414929E-01
  0.6445000E-01  0.6448986E-01
  0.6450000E-01  0.6489993E-01
  0.6455000E-01  0.6537425E-01
  0.6460000E-01  0.6590129E-01
  0.6465000E-01  0.6646075E-01
  0.6470000E-01  0.6702745E-01
  0.6475000E-01  0.6759449E-01
  0.6480000E-01  0.6817373E-01
  0.6485000E-01  0.6876864E-01
  0.6490000E-01  0.6937462E-01
  0.6495000E-01  0.6998592E-01
  0.6500000E-01  0.7061207E-01
  0.6505000E-01  0.7127593E-01
  0.6510000E-01  0.7197455E-01
  0.6515000E-01  0.7267606E-01
  0.6520000E-01  0.7333909E-01
  0.6525000E-01  0.7393549E-01
  0.6530000E-01  0.7446531E-01
  0.6535000E-01  0.7493886E-01
  0.6540000E-01  0.7536640E-01
  0.6545000E-01  0.7574828E-01
  0.6550000E-01  0.7608259E-01
  0.6555000E-01  0.7638330E-01
  0.6560000E-01  0.7665393E-01
  0.6565000E-01  0.7689089E-01
  0.6570000E-01  0.7711656E-01
  0.6575000E-01  0.7736986E-01
  0.6580000E-01  0.7766969E-01
  0.6585000E-01  0.7801668E-01
  0.6590000E-01  0.7841312E-01
  0.6595000E-01  0.7887156E-01
  0.6600000E-01  0.7940995E-01
  0.6605000E-01  0.8003177E-01
  0.6610000E-01  0.8072269E-01
  0.6615000E-01  0.8145852E-01
  0.6620000E-01  0.8222094E-01
  0.6625000E-01  0.8302357E-01
  0.6630000E-01  0.8390276E-01
  0.6635000E-01  0.8486461E-01
  0.6640000E-01  0.8586422E-01
  0.6645000E-01  0.8685116E-01
  0.6650000E-01  0.8779690E-01
  0.6655000E-01  0.8867870E-01
  0.6660000E-01  0.8948221E-01
  0.6665000E-01  0.9021164E-01
  0.6670000E-01  0.9089266E-01
  0.6675000E-01  0.9155275E-01
  0.6680000E-01  0.9220211E-01
  0.6685000E-01  0.9283086E-01
  0.6690000E-01  0.9342421E-01
  0.6695000E-01  0.9397877E-01
  0.6700000E-01  0.9450377E-01
  0.6705000E-01  0.9502137E-01
  0.6710000E-01  0.9554845E-01
  0.6715000E-01  0.9608730E-01
  0.6720000E-01  0.9664279E-01
  0.6725000E-01  0.9722688E-01
  0.6730000E-01  0.9783791E-01
  0.6735000E-01  0.9844728E-01
  0.6740000E-01  0.9901616E-01
  0.6745000E-01  0.9952957E-01
  0.6750000E-01  0.1000018E+00
  0.6755000E-01  0.1004548E+00
  0.6760000E-01  0.1008984E+00
  0.6765000E-01  0.1013355E+00
  0.6770000E-01  0.1017834E+00
  0.6775000E-01  0.1022589E+00
  0.6780000E-01  0.1027516E+00
  0.6785000E-01  0.1032592E+00
  0.6790000E-01  0.1037851E+00
  0.6795000E-01  0.1043025E+00
  0.6800000E-01  0.1047806E+00
  0.6805000E-01  0.1052127E+00
  0.6810000E-01  0.1056320E+00
  0.6815000E-01  0.1061069E+00
  0.6820000E-01  0.1066793E+00
  0.6825000E-01  0.1073403E+00
  0.6830000E-01  0.1080704E+00
  0.6835000E-01  0.1088756E+00
  0.6840000E-01  0.1097593E+00
  0.6845000E-01  0.1106886E+00
  0.6850000E-01  0.1116245E+00
  0.6855000E-01  0.1125462E+00
  0.6860000E-01  0.1134544E+00
  0.6865000E-01  0.1143614E+00
  0.6870000E-01  0.1152749E+00
  0.6875000E-01  0.1161834E+00
  0.6880000E-01  0.1170767E+00
  0.6885000E-01  0.1179675E+00
  0.6890000E-01  0.1188594E+00
  0.6895000E-01  0.1197215E+00
  0.6900000E-01  0.1205280E+00
  0.6905000E-01  0.1212572E+00
  0.6910000E-01  0.1218833E+00
  0.6915000E-01  0.1224194E+00
  0.6920000E-01  0.1229199E+00
  0.6925000E-01  0.1234445E+00
  0.6930000E-01  0.1240113E+00
  0.6935000E-01  0.1246102E+00
  0.6940000E-01  0.1252383E+00
  0.6945000E-01  0.1258814E+00
  0.6950000E-01  0.1265310E+00
  0.6955000E-01  0.1271917E+00
  0.6960000E-01  0.1278550E+00
  0.6965000E-01  0.1285082E+00
  0.6970000E-01  0.1291228E+00
  0.6975000E-01  0.1296795E+00
  0.6980000E-01  0.1302021E+00
  0.6985000E-01  0.1307188E+00
  0.6990000E-01  0.1312392E+00
  0.6995000E-01  0.1317614E+00
  0.7000000E-01  0.1322857E+00
  0.7005000E-01  0.1328099E+00
  0.7010000E-01  0.1333329E+00
  0.7015000E-01  0.1338698E+00
  0.7020000E-01  0.1344252E+00
  0.7025000E-01  0.1349810E+00
  0.7030000E-01  0.1355407E+00
  0.7035000E-01  0.1361526E+00
  0.7040000E-01  0.1368578E+00
  0.7045000E-01  0.1376454E+00
  0.7050000E-01  0.1384716E+00
  0.7055000E-01  0.1392950E+00
  0.7060000E-01  0.1401213E+00
  0.7065000E-01  0.1409794E+00
  0.7070000E-01  0.1418665E+00
  0.7075000E-01  0.1427541E+00
  0.7080000E-01  0.1436577E+00
  0.7085000E-01  0.1446016E+00
  0.7090000E-01  0.1455443E+00
  0.7095000E-01  0.1464062E+00
  0.7100000E-01  0.1471309E+00
  0.7105000E-01  0.1477367E+00
  0.7110000E-01  0.1482751E+00
  0.7115000E-01  0.1487626E+00
  0.7120000E-01  0.1492216E+00
  0.7125000E-01  0.1496777E+00
  0.7130000E-01  0.1501024E+00
  0.7135000E-01  0.1504868E+00
  0.7140000E-01  0.1508517E+00
  0.7145000E-01  0.1511893E+00
  0.7150000E-01  0.1514921E+00
  0.7155000E-01  0.1518002E+00
  0.7160000E-01  0.1521717E+00
  0.7165000E-01  0.1526400E+00
  0.7170000E-01  0.1532321E+00
  0.7175000E-01  0.1539378E+00
  0.7180000E-01  0.1547093E+00
  0.7185000E-01  0.1554960E+00
  0.7190000E-01  0.1562493E+00
  0.7195000E-01  0.1569698E+00
  0.7200000E-01  0.1576970E+00
  0.7205000E-01  0.1584342E+00
  0.7210000E-01  0.1591669E+00
  0.7215000E-01  0.1598864E+00
  0.7220000E-01  0.1605771E+00
  0.7225000E-01  0.1612318E+00
  0.7230000E-01  0.1618400E+00
  0.7235000E-01  0.1623896E+00
  0.7240000E-01  0.1628656E+00
  0.7245000E-01  0.1632615E+00
  0.7250000E-01  0.1635815E+00
  0.7255000E-01  0.1638318E+00
  0.7260000E-01  0.1640221E+00
  0.7265000E-01  0.1641660E+00
  0.7270000E-01  0.1643019E+00
  0.7275000E-01  0.1644973E+00
  0.7280000E-01  0.1648436E+00
  0.7285000E-01  0.1653738E+00
  0.7290000E-01  0.1660193E+00
  0.7295000E-01  0.1667061E+00
  0.7300000E-01  0.1673920E+00
  0.7305000E-01  0.1680506E+00
  0.7310000E-01  0.1686982E+00
  0.7315000E-01  0.1693616E+00
  0.7320000E-01  0.1700565E+00
  0.7325000E-01  0.1708076E+00
  0.7330000E-01  0.1715867E+00
  0.7335000E-01  0.1723074E+00
  0.7340000E-01  0.1728898E+00
  0.7345000E-01  0.1732538E+00
  0.7350000E-01  0.1733497E+00
  0.7355000E-01  0.1731993E+00
  0.7360000E-01  0.1728594E+00
  0.7365000E-01  0.1723808E+00
  0.7370000E-01  0.1718292E+00
  0.7375000E-01  0.1713361E+00
  0.7380000E-01  0.1710100E+00
  0.7385000E-01  0.1708722E+00
  0.7390000E-01  0.1709398E+00
  0.7395000E-01  0.1712052E+00
  0.7400000E-01  0.1716169E+00
  0.7405000E-01  0.1721224E+00
  0.7410000E-01  0.1726611E+00
  0.7415000E-01  0.1732111E+00
  0.7420000E-01  0.1738150E+00
  0.7425000E-01  0.1745105E+00
  0.7430000E-01  0.1752367E+00
  0.7435000E-01  0.1758949E+00
  0.7440000E-01  0.1764649E+00
  0.7445000E-01  0.1769293E+00
  0.7450000E-01  0.1772630E+00
  0.7455000E-01  0.1774932E+00
  0.7460000E-01  0.1776644E+00
  0.7465000E-01  0.1778225E+00
  0.7470000E-01  0.1779902E+00
  0.7475000E-01  0.1781899E+00
  0.7480000E-01  0.1784471E+00
  0.7485000E-01  0.1787971E+00
  0.7490000E-01  0.1792912E+00
  0.7495000E-01  0.1799309E+00
  0.7500000E-01  0.1806508E+00
  0.7505000E-01  0.1813513E+00
  0.7510000E-01  0.1819835E+00
  0.7515000E-01  0.1825569E+00
  0.7520000E-01  0.1831095E+00
  0.7525000E-01  0.1837198E+00
  0.7530000E-01  0.1844753E+00
  0.7535000E-01  0.1853331E+00
  0.7540000E-01  0.1861642E+00
  0.7545000E-01  0.1869271E+00
  0.7550000E-01  0.1876351E+00
  0.7555000E-01  0.1882847E+00
  0.7560000E-01  0.1888499E+00
  0.7565000E-01  0.1893564E+00
  0.7570000E-01  0.1899212E+00
  0.7575000E-01  0.1906461E+00
  0.7580000E-01  0.1915514E+00
  0.7585000E-01  0.1926429E+00
  0.7590000E-01  0.1939062E+00
  0.7595000E-01  0.1952362E+00
  0.7600000E-01  0.1964917E+00
  0.7605000E-01  0.1976355E+00
  0.7610000E-01  0.1987171E+00
  0.7615000E-01  0.1997701E+00
  0.7620000E-01  0.2008228E+00
  0.7625000E-01  0.2018839E+00
  0.7630000E-01  0.2029549E+00
  0.7635000E-01  0.2040458E+00
  0.7640000E-01  0.2051198E+00
  0.7645000E-01  0.2060923E+00
  0.7650000E-01  0.2068887E+00
  0.7655000E-01  0.2075517E+00
  0.7660000E-01  0.2082345E+00
  0.7665000E-01  0.2090435E+00
  0.7670000E-01  0.2100041E+00
  0.7675000E-01  0.2111375E+00
  0.7680000E-01  0.2124393E+00
  0.7685000E-01  0.2138802E+00
  0.7690000E-01  0.2154283E+00
  0.7695000E-01  0.2170466E+00
  0.7700000E-01  0.2187504E+00
  0.7705000E-01  0.2206077E+00
  0.7710000E-01  0.2226100E+00
  0.7715000E-01  0.2246683E+00
  0.7720000E-01  0.2267492E+00
  0.7725000E-01  0.2288896E+00
  0.7730000E-01  0.2311324E+00
  0.7735000E-01  0.2334752E+00
  0.7740000E-01  0.2358541E+00
  0.7745000E-01  0.2381938E+00
  0.7750000E-01  0.2404114E+00
  0.7755000E-01  0.2424210E+00
  0.7760000E-01  0.2442406E+00
  0.7765000E-01  0.2459596E+00
  0.7770000E-01  0.2476086E+00
  0.7775000E-01  0.2491973E+00
  0.7780000E-01  0.2507931E+00
  0.7785000E-01  0.2524297E+00
  0.7790000E-01  0.2540181E+00
  0.7795000E-01  0.2554429E+00
  0.7800000E-01  0.2567092E+00
  0.7805000E-01  0.2578962E+00
  0.7810000E-01  0.2590735E+00
  0.7815000E-01  0.2602797E+00
  0.7820000E-01  0.2615040E+00
  0.7825000E-01  0.2627161E+00
  0.7830000E-01  0.2639271E+00
  0.7835000E-01  0.2651294E+00
  0.7840000E-01  0.2662548E+00
  0.7845000E-01  0.2673330E+00
  0.7850000E-01  0.2684782E+00
  0.7855000E-01  0.2698060E+00
  0.7860000E-01  0.2713990E+00
  0.7865000E-01  0.2732646E+00
  0.7870000E-01  0.2753486E+00
  0.7875000E-01  0.2775348E+00
  0.7880000E-01  0.2797240E+00
  0.7885000E-01  0.2818974E+00
  0.7890000E-01  0.2840852E+00
  0.7895000E-01  0.2863467E+00
  0.7900000E-01  0.2886711E+00
  0.7905000E-01  0.2909439E+00
  0.7910000E-01  0.2930790E+00
  0.7915000E-01  0.2950501E+00
  0.7920000E-01  0.2968925E+00
  0.7925000E-01  0.2986706E+00
  0.7930000E-01  0.3004132E+00
  0.7935000E-01  0.3021556E+00
  0.7940000E-01  0.3039181E+00
  0.7945000E-01  0.3057050E+00
  0.7950000E-01  0.3074941E+00
  0.7955000E-01  0.3092710E+00
  0.7960000E-01  0.3110673E+00
  0.7965000E-01  0.3128266E+00
  0.7970000E-01  0.3145124E+00
  0.7975000E-01  0.3162231E+00
  0.7980000E-01  0.3180507E+00
  0.7985000E-01  0.3200136E+00
  0.7990000E-01  0.3220273E+00
  0.7995000E-01  0.3239860E+00
  0.8000000E-01  0.3259000E+00
  0.8005000E-01  0.3278853E+00
  0.8010000E-01  0.3300668E+00
  0.8015000E-01  0.3325360E+00
  0.8020000E-01  0.3353270E+00
  0.8025000E-01  0.3383700E+00
  0.8030000E-01  0.3415257E+00
  0.8035000E-01  0.3446768E+00
  0.8040000E-01  0.3477295E+00
  0.8045000E-01  0.3506332E+00
  0.8050000E-01  0.3534472E+00
  0.8055000E-01  0.3561699E+00
  0.8060000E-01  0.3586770E+00
  0.8065000E-01  0.3609148E+00
  0.8070000E-01  0.3629008E+00
  0.8075000E-01  0.3645979E+00
  0.8080000E-01  0.3659301E+00
  0.8085000E-01  0.3668691E+00
  0.8090000E-01  0.3674436E+00
  0.8095000E-01  0.3677758E+00
  0.8100000E-01  0.3680469E+00
  0.8105000E-01  0.3683289E+00
  0.8110000E-01  0.3686223E+00
  0.8115000E-01  0.3689121E+00
  0.8120000E-01  0.3691323E+00
  0.8125000E-01  0.3692605E+00
  0.8130000E-01  0.3692908E+00
  0.8135000E-01  0.3692205E+00
  0.8140000E-01  0.3691802E+00
  0.8145000E-01  0.3693394E+00
  0.8150000E-01  0.3697041E+00
  0.8155000E-01  0.3701618E+00
  0.8160000E-01  0.3706474E+00
  0.8165000E-01  0.3711564E+00
  0.8170000E-01  0.3716552E+00
  0.8175000E-01  0.3721186E+00
  0.8180000E-01  0.3725708E+00
  0.8185000E-01  0.3730090E+00
  0.8190000E-01  0.3734114E+00
  0.8195000E-01  0.3737546E+00
  0.8200000E-01  0.3740313E+00
  0.8205000E-01  0.3743994E+00
  0.8210000E-01  0.3750699E+00
  0.8215000E-01  0.3761063E+00
  0.8220000E-01  0.3774420E+00
  0.8225000E-01  0.3788657E+00
  0.8230000E-01  0.3801255E+00
  0.8235000E-01  0.3812035E+00
  0.8240000E-01  0.3821996E+00
  0.8245000E-01  0.3830998E+00
  0.8250000E-01  0.3838434E+00
  0.8255000E-01  0.3844039E+00
  0.8260000E-01  0.3848430E+00
  0.8265000E-01  0.3852731E+00
  0.8270000E-01  0.3858988E+00
  0.8275000E-01  0.3869883E+00
  0.8280000E-01  0.3887315E+00
  0.8285000E-01  0.3912061E+00
  0.8290000E-01  0.3943509E+00
  0.8295000E-01  0.3979762E+00
  0.8300000E-01  0.4018348E+00
  0.8305000E-01  0.4057631E+00
  0.8310000E-01  0.4097575E+00
  0.8315000E-01  0.4138409E+00
  0.8320000E-01  0.4178745E+00
  0.8325000E-01  0.4217377E+00
  0.8330000E-01  0.4255686E+00
  0.8335000E-01  0.4295186E+00
  0.8340000E-01  0.4334975E+00
  0.8345000E-01  0.4373284E+00
  0.8350000E-01  0.4408987E+00
  0.8355000E-01  0.4441192E+00
  0.8360000E-01  0.4469769E+00
  0.8365000E-01  0.4495547E+00
  0.8370000E-01  0.4519501E+00
  0.8375000E-01  0.4542819E+00
  0.8380000E-01  0.4566262E+00
  0.8385000E-01  0.4589722E+00
  0.8390000E-01  0.4613664E+00
  0.8395000E-01  0.4638990E+00
  0.8400000E-01  0.4666050E+00
  0.8405000E-01  0.4694381E+00
  0.8410000E-01  0.4723380E+00
  0.8415000E-01  0.4753892E+00
  0.8420000E-01  0.4786485E+00
  0.8425000E-01  0.4821654E+00
  0.8430000E-01  0.4860746E+00
  0.8435000E-01  0.4902841E+00
  0.8440000E-01  0.4945958E+00
  0.8445000E-01  0.4989075E+00
  0.8450000E-01  0.5031721E+00
  0.8455000E-01  0.5073818E+00
  0.8460000E-01  0.5115041E+00
  0.8465000E-01  0.5155099E+00
  0.8470000E-01  0.5194108E+00
  0.8475000E-01  0.5231902E+00
  0.8480000E-01  0.5268922E+00
  0.8485000E-01  0.5306564E+00
  0.8490000E-01  0.5345068E+00
  0.8495000E-01  0.5383362E+00
  0.8500000E-01  0.5420002E+00
  0.8505000E-01  0.5454247E+00
  0.8510000E-01  0.5487532E+00
  0.8515000E-01  0.5521675E+00
  0.8520000E-01  0.5556251E+00
  0.8525000E-01  0.5589799E+00
  0.8530000E-01  0.5621930E+00
  0.8535000E-01  0.5652926E+00
  0.8540000E-01  0.5682741E+00
  0.8545000E-01  0.5710387E+00
  0.8550000E-01  0.5735124E+00
  0.8555000E-01  0.5756687E+00
  0.8560000E-01  0.5774054E+00
  0.8565000E-01  0.5787644E+00
  0.8570000E-01  0.5798905E+00
  0.8575000E-01  0.5809283E+00
  0.8580000E-01  0.5819601E+00
  0.8585000E-01  0.5829315E+00
  0.8590000E-01  0.5839980E+00
  0.8595000E-01  0.5855439E+00
  0.8600000E-01  0.5877570E+00
  0.8605000E-01  0.5905814E+00
  0.8610000E-01  0.5938461E+00
  0.8615000E-01  0.5973348E+00
  0.8620000E-01  0.6008753E+00
  0.8625000E-01  0.6043154E+00
  0.8630000E-01  0.6077163E+00
  0.8635000E-01  0.6112428E+00
  0.8640000E-01  0.6148597E+00
  0.8645000E-01  0.6184946E+00
  0.8650000E-01  0.6221961E+00
  0.8655000E-01  0.6261458E+00
  0.8660000E-01  0.6304898E+00
  0.8665000E-01  0.6350858E+00
  0.8670000E-01  0.6395332E+00
  0.8675000E-01  0.6435150E+00
  0.8680000E-01  0.6469562E+00
  0.8685000E-01  0.6498804E+00
  0.8690000E-01  0.6523358E+00
  0.8695000E-01  0.6543418E+00
  0.8700000E-01  0.6558808E+00
  0.8705000E-01  0.6570512E+00
  0.8710000E-01  0.6581814E+00
  0.8715000E-01  0.6596151E+00
  0.8720000E-01  0.6615096E+00
  0.8725000E-01  0.6639891E+00
  0.8730000E-01  0.6671668E+00
  0.8735000E-01  0.6708284E+00
  0.8740000E-01  0.6745943E+00
  0.8745000E-01  0.6782380E+00
  0.8750000E-01  0.6818498E+00
  0.8755000E-01  0.6858420E+00
  0.8760000E-01  0.6905110E+00
  0.8765000E-01  0.6957284E+00
  0.8770000E-01  0.7012102E+00
  0.8775000E-01  0.7067529E+00
  0.8780000E-01  0.7122365E+00
  0.8785000E-01  0.7177054E+00
  0.8790000E-01  0.7232096E+00
  0.8795000E-01  0.7287121E+00
  0.8800000E-01  0.7341848E+00
  0.8805000E-01  0.7396514E+00
  0.8810000E-01  0.7451059E+00
  0.8815000E-01  0.7505798E+00
  0.8820000E-01  0.7560942E+00
  0.8825000E-01  0.7616254E+00
  0.8830000E-01  0.7672366E+00
  0.8835000E-01  0.7730790E+00
  0.8840000E-01  0.7793327E+00
  0.8845000E-01  0.7858898E+00
  0.8850000E-01  0.7923538E+00
  0.8855000E-01  0.7985243E+00
  0.8860000E-01  0.8045267E+00
  0.8865000E-01  0.8105584E+00
  0.8870000E-01  0.8166340E+00
  0.8875000E-01  0.8227306E+00
  0.8880000E-01  0.8289007E+00
  0.8885000E-01  0.8351628E+00
  0.8890000E-01  0.8414816E+00
  0.8895000E-01  0.8477386E+00
  0.8900000E-01  0.8538598E+00
  0.8905000E-01  0.8599077E+00
  0.8910000E-01  0.8660682E+00
  0.8915000E-01  0.8725318E+00
  0.8920000E-01  0.8793176E+00
  0.8925000E-01  0.8862977E+00
  0.8930000E-01  0.8932703E+00
  0.8935000E-01  0.9000465E+00
  0.8940000E-01  0.9064043E+00
  0.8945000E-01  0.9120889E+00
  0.8950000E-01  0.9169821E+00
  0.8955000E-01  0.9212839E+00
  0.8960000E-01  0.9252717E+00
  0.8965000E-01  0.9290318E+00
  0.8970000E-01  0.9327041E+00
  0.8975000E-01  0.9364157E+00
  0.8980000E-01  0.9403074E+00
  0.8985000E-01  0.9446396E+00
  0.8990000E-01  0.9494842E+00
  0.8995000E-01  0.9546137E+00
  0.9000000E-01  0.9598072E+00
  0.9005000E-01  0.9650003E+00
  0.9010000E-01  0.9702074E+00
  0.9015000E-01  0.9756301E+00
  0.9020000E-01  0.9814901E+00
  0.9025000E-01  0.9878275E+00
  0.9030000E-01  0.9946801E+00
  0.9035000E-01  0.1002011E+01
  0.9040000E-01  0.1009755E+01
  0.9045000E-01  0.1017888E+01
  0.9050000E-01  0.1026317E+01
  0.9055000E-01  0.1034863E+01
  0.9060000E-01  0.1043276E+01
  0.9065000E-01  0.1051375E+01
  0.9070000E-01  0.1058975E+01
  0.9075000E-01  0.1065910E+01
  0.9080000E-01  0.1072243E+01
  0.9085000E-01  0.1078216E+01
  0.9090000E-01  0.1084053E+01
  0.9095000E-01  0.1089797E+01
  0.9100000E-01  0.1095371E+01
  0.9105000E-01  0.1100813E+01
  0.9110000E-01  0.1106315E+01
  0.9115000E-01  0.1112134E+01
  0.9120000E-01  0.1118519E+01
  0.9125000E-01  0.1125530E+01
  0.9130000E-01  0.1133005E+01
  0.9135000E-01  0.1140899E+01
  0.9140000E-01  0.1149227E+01
  0.9145000E-01  0.1158044E+01
  0.9150000E-01  0.1167397E+01
  0.9155000E-01  0.1177124E+01
  0.9160000E-01  0.1187114E+01
  0.9165000E-01  0.1197316E+01
  0.9170000E-01  0.1207677E+01
  0.9175000E-01  0.1218182E+01
  0.9180000E-01  0.1228926E+01
  0.9185000E-01  0.1240086E+01
  0.9190000E-01  0.1251809E+01
  0.9195000E-01  0.1264100E+01
  0.9200000E-01  0.1276885E+01
  0.9205000E-01  0.1290158E+01
  0.9210000E-01  0.1303987E+01
  0.9215000E-01  0.1318199E+01
  0.9220000E-01  0.1332400E+01
  0.9225000E-01  0.1346244E+01
  0.9230000E-01  0.1359522E+01
  0.9235000E-01  0.1372464E+01
  0.9240000E-01  0.1385373E+01
  0.9245000E-01  0.1398298E+01
  0.9250000E-01  0.1411073E+01
  0.9255000E-01  0.1423383E+01
  0.9260000E-01  0.1434946E+01
  0.9265000E-01  0.1445511E+01
  0.9270000E-01  0.1454999E+01
  0.9275000E-01  0.1463676E+01
  0.9280000E-01  0.1472108E+01
  0.9285000E-01  0.1480739E+01
  0.9290000E-01  0.1489679E+01
  0.9295000E-01  0.1499058E+01
  0.9300000E-01  0.1508962E+01
  0.9305000E-01  0.1519390E+01
  0.9310000E-01  0.1530400E+01
  0.9315000E-01  0.1542216E+01
  0.9320000E-01  0.1555127E+01
  0.9325000E-01  0.1569059E+01
  0.9330000E-01  0.1583784E+01
  0.9335000E-01  0.1599430E+01
  0.9340000E-01  0.1616322E+01
  0.9345000E-01  0.1634456E+01
  0.9350000E-01  0.1653598E+01
  0.9355000E-01  0.1673732E+01
  0.9360000E-01  0.1694680E+01
  0.9365000E-01  0.1716054E+01
  0.9370000E-01  0.1737894E+01
  0.9375000E-01  0.1760416E+01
  0.9380000E-01  0.1783361E+01
  0.9385000E-01  0.1806182E+01
  0.9390000E-01  0.1828659E+01
  0.9395000E-01  0.1850672E+01
  0.9400000E-01  0.1872073E+01
  0.9405000E-01  0.1892989E+01
  0.9410000E-01  0.1913568E+01
  0.9415000E-01  0.1934010E+01
  0.9420000E-01  0.1954549E+01
  0.9425000E-01  0.1975390E+01
  0.9430000E-01  0.1996614E+01
  0.9435000E-01  0.2018142E+01
  0.9440000E-01  0.2039989E+01
  0.9445000E-01  0.2062302E+01
  0.9450000E-01  0.2085283E+01
  0.9455000E-01  0.2109223E+01
  0.9460000E-01  0.2134492E+01
  0.9465000E-01  0.2161361E+01
  0.9470000E-01  0.2189829E+01
  0.9475000E-01  0.2219909E+01
  0.9480000E-01  0.2251397E+01
  0.9485000E-01  0.2283563E+01
  0.9490000E-01  0.2315974E+01
  0.9495000E-01  0.2348549E+01
  0.9500000E-01  0.2381338E+01
  0.9505000E-01  0.2414609E+01
  0.9510000E-01  0.2448613E+01
  0.9515000E-01  0.2483140E+01
  0.9520000E-01  0.2517946E+01
  0.9525000E-01  0.2553252E+01
  0.9530000E-01  0.2588911E+01
  0.9535000E-01  0.2624713E+01
  0.9540000E-01  0.2660635E+01
  0.9545000E-01  0.2696531E+01
  0.9550000E-01  0.2732423E+01
  0.9555000E-01  0.2768637E+01
  0.9560000E-01  0.2805809E+01
  0.9565000E-01  0.2844649E+01
  0.9570000E-01  0.2885327E+01
  0.9575000E-01  0.2927672E+01
  0.9580000E-01  0.2971556E+01
  0.9585000E-01  0.3016738E+01
  0.9590000E-01  0.3063199E+01
  0.9595000E-01  0.3111205E+01
  0.9600000E-01  0.3160439E+01
  0.9605000E-01  0.3209683E+01
  0.9610000E-01  0.3258371E+01
  0.9615000E-01  0.3307316E+01
  0.9620000E-01  0.3357391E+01
  0.9625000E-01  0.3408388E+01
  0.9630000E-01  0.3459620E+01
  0.9635000E-01  0.3510978E+01
  0.9640000E-01  0.3562612E+01
  0.9645000E-01  0.3614735E+01
  0.9650000E-01  0.3667784E+01
  0.9655000E-01  0.3722064E+01
  0.9660000E-01  0.3777550E+01
  0.9665000E-01  0.3834520E+01
  0.9670000E-01  0.3893304E+01
  0.9675000E-01  0.3953771E+01
  0.9680000E-01  0.4015760E+01
  0.9685000E-01  0.4078807E+01
  0.9690000E-01  0.4142080E+01
  0.9695000E-01  0.4205064E+01
  0.9700000E-01  0.4267474E+01
  0.9705000E-01  0.4328869E+01
  0.9710000E-01  0.4388571E+01
  0.9715000E-01  0.4446339E+01
  0.9720000E-01  0.4502857E+01
  0.9725000E-01  0.4559300E+01
  0.9730000E-01  0.4616761E+01
  0.9735000E-01  0.4676445E+01
  0.9740000E-01  0.4739636E+01
  0.9745000E-01  0.4807627E+01
  0.9750000E-01  0.4881874E+01
  0.9755000E-01  0.4963507E+01
  0.9760000E-01  0.5053552E+01
  0.9765000E-01  0.5154043E+01
  0.9770000E-01  0.5267908E+01
  0.9775000E-01  0.5398612E+01
  0.9780000E-01  0.5549569E+01
  0.9785000E-01  0.5723938E+01
  0.9790000E-01  0.5925010E+01
  0.9795000E-01  0.6156724E+01
  0.9800000E-01  0.6423068E+01
  0.9805000E-01  0.6727363E+01
  0.9810000E-01  0.7072127E+01
  0.9815000E-01  0.7459565E+01
  0.9820000E-01  0.7891372E+01
  0.9825000E-01  0.8368347E+01
  0.9830000E-01  0.8889643E+01
  0.9835000E-01  0.9452432E+01
  0.9840000E-01  0.1005178E+02
  0.9845000E-01  0.1068065E+02
  0.9850000E-01  0.1132969E+02
  0.9855000E-01  0.1198653E+02
  0.9860000E-01  0.1263639E+02
  0.9865000E-01  0.1326307E+02
  0.9870000E-01  0.1384960E+02
  0.9875000E-01  0.1437841E+02
  0.9880000E-01  0.1483176E+02
  0.9885000E-01  0.1519196E+02
  0.9890000E-01  0.1544186E+02
  0.9895000E-01  0.1556526E+02
  0.9900000E-01  0.1554730E+02
  0.9905000E-01  0.1537471E+02
  0.9910000E-01  0.1503630E+02
  0.9915000E-01  0.1452391E+02
  0.9920000E-01  0.1383384E+02
  0.9925000E-01  0.1296840E+02
  0.9930000E-01  0.1193735E+02
  0.9935000E-01  0.1075923E+02
  0.9940000E-01  0.9462414E+01
  0.9945000E-01  0.8085640E+01
  0.9950000E-01  0.6677453E+01
  0.9955000E-01  0.5293255E+01
  0.9960000E-01  0.3991098E+01
  0.9965000E-01  0.2826056E+01
  0.9970000E-01  0.1844026E+01
  0.9975000E-01  0.1076054E+01
  0.9980000E-01  0.5325080E+00
  0.9985000E-01  0.1999644E+00
  0.9990000E-01  0.4163034E-01
  0.9995000E-01  0.0000000E+00
  0.1000000E+00  0.0000000E+00
