  0.0000000E+00  0.0000000E+00
  0.5000000E-04  0.7317542E-13
  0.1000000E-03  0.4213748E-01
  0.1500000E-03  0.2025917E+00
  0.2000000E-03  0.5398392E+00
  0.2500000E-03  0.1090693E+01
  0.3000000E-03  0.1867741E+01
  0.3500000E-03  0.2859905E+01
  0.4000000E-03  0.4035664E+01
  0.4500000E-03  0.5348084E+01
  0.5000000E-03  0.6740884E+01
  0.5500000E-03  0.8155267E+01
  0.6000000E-03  0.9536002E+01
  0.6500000E-03  0.1083516E+02
  0.7000000E-03  0.1201426E+02
  0.7500000E-03  0.1304516E+02
  0.8000000E-03  0.1390956E+02
  0.8500000E-03  0.1459785E+02
  0.9000000E-03  0.1510771E+02
  0.9500000E-03  0.1544254E+02
  0.1000000E-02  0.1561022E+02
  0.1050000E-02  0.1562202E+02
  0.1100000E-02  0.1549164E+02
  0.1150000E-02  0.1523445E+02
  0.1200000E-02  0.1486692E+02
  0.1250000E-02  0.1440622E+02
  0.1300000E-02  0.1387005E+02
  0.1350000E-02  0.1327635E+02
  0.1400000E-02  0.1264300E+02
  0.1450000E-02  0.1198708E+02
  0.1500000E-02  0.1132454E+02
  0.1550000E-02  0.1066961E+02
  0.1600000E-02  0.1003478E+02
  0.1650000E-02  0.9430500E+01
  0.1700000E-02  0.8864449E+01
  0.1750000E-02  0.8341750E+01
  0.1800000E-02  0.7865442E+01
  0.1850000E-02  0.7436613E+01
  0.1900000E-02  0.7054492E+01
  0.1950000E-02  0.6717242E+01
  0.2000000E-02  0.6422443E+01
  0.2050000E-02  0.6166733E+01
  0.2100000E-02  0.5945638E+01
  0.2150000E-02  0.5754501E+01
  0.2200000E-02  0.5589178E+01
  0.2250000E-02  0.5446173E+01
  0.2300000E-02  0.5322163E+01
  0.2350000E-02  0.5213441E+01
  0.2400000E-02  0.5116533E+01
  0.2450000E-02  0.5029008E+01
  0.2500000E-02  0.4948780E+01
  0.2550000E-02  0.4873597E+01
  0.2600000E-02  0.4801931E+01
  0.2650000E-02  0.4733550E+01
  0.2700000E-02  0.4668351E+01
  0.2750000E-02  0.4606175E+01
  0.2800000E-02  0.4546946E+01
  0.2850000E-02  0.4490290E+01
  0.2900000E-02  0.4435381E+01
  0.2950000E-02  0.4381575E+01
  0.3000000E-02  0.4328342E+01
  0.3050000E-02  0.4275027E+01
  0.3100000E-02  0.4221268E+01
  0.3150000E-02  0.4166956E+01
  0.3200000E-02  0.4111924E+01
  0.3250000E-02  0.4055895E+01
  0.3300000E-02  0.3999168E+01
  0.3350000E-02  0.3942214E+01
  0.3400000E-02  0.3884821E+01
  0.3450000E-02  0.3826883E+01
  0.3500000E-02  0.3768304E+01
  0.3550000E-02  0.3708716E+01
  0.3600000E-02  0.3648063E+01
  0.3650000E-02  0.3587145E+01
  0.3700000E-02  0.3526952E+01
  0.3750000E-02  0.3468081E+01
  0.3800000E-02  0.3410996E+01
  0.3850000E-02  0.3355875E+01
  0.3900000E-02  0.3302245E+01
  0.3950000E-02  0.3249313E+01
  0.4000000E-02  0.3196750E+01
  0.4050000E-02  0.3145002E+01
  0.4100000E-02  0.3094640E+01
  0.4150000E-02  0.3045824E+01
  0.4200000E-02  0.2998454E+01
  0.4250000E-02  0.2952420E+01
  0.4300000E-02  0.2907772E+01
  0.4350000E-02  0.2864737E+01
  0.4400000E-02  0.2823121E+01
  0.4450000E-02  0.2782212E+01
  0.4500000E-02  0.2741465E+01
  0.4550000E-02  0.2700455E+01
  0.4600000E-02  0.2658748E+01
  0.4650000E-02  0.2616455E+01
  0.4700000E-02  0.2574041E+01
  0.4750000E-02  0.2531849E+01
  0.4800000E-02  0.2490352E+01
  0.4850000E-02  0.2450195E+01
  0.4900000E-02  0.2411838E+01
  0.4950000E-02  0.2375867E+01
  0.5000000E-02  0.2342819E+01
  0.5050000E-02  0.2312544E+01
  0.5100000E-02  0.2284272E+01
  0.5150000E-02  0.2257109E+01
  0.5200000E-02  0.2230405E+01
  0.5250000E-02  0.2204202E+01
  0.5300000E-02  0.2178714E+01
  0.5350000E-02  0.2153819E+01
  0.5400000E-02  0.2129509E+01
  0.5450000E-02  0.2105808E+01
  0.5500000E-02  0.2082505E+01
  0.5550000E-02  0.2059155E+01
  0.5600000E-02  0.2035325E+01
  0.5650000E-02  0.2011203E+01
  0.5700000E-02  0.1987385E+01
  0.5750000E-02  0.1964232E+01
  0.5800000E-02  0.1942087E+01
  0.5850000E-02  0.1921211E+01
  0.5900000E-02  0.1901439E+01
  0.5950000E-02  0.1882308E+01
  0.6000000E-02  0.1863386E+01
  0.6050000E-02  0.1844334E+01
  0.6100000E-02  0.1824968E+01
  0.6150000E-02  0.1805199E+01
  0.6200000E-02  0.1785024E+01
  0.6250000E-02  0.1764642E+01
  0.6300000E-02  0.1744498E+01
  0.6350000E-02  0.1725135E+01
  0.6400000E-02  0.1706693E+01
  0.6450000E-02  0.1688999E+01
  0.6500000E-02  0.1672083E+01
  0.6550000E-02  0.1656054E+01
  0.6600000E-02  0.1640930E+01
  0.6650000E-02  0.1626985E+01
  0.6700000E-02  0.1614206E+01
  0.6750000E-02  0.1601941E+01
  0.6800000E-02  0.1589641E+01
  0.6850000E-02  0.1577224E+01
  0.6900000E-02  0.1564990E+01
  0.6950000E-02  0.1553444E+01
  0.7000000E-02  0.1542826E+01
  0.7050000E-02  0.1532941E+01
  0.7100000E-02  0.1523230E+01
  0.7150000E-02  0.1513315E+01
  0.7200000E-02  0.1503179E+01
  0.7250000E-02  0.1492694E+01
  0.7300000E-02  0.1481557E+01
  0.7350000E-02  0.1469621E+01
  0.7400000E-02  0.1457135E+01
  0.7450000E-02  0.1444481E+01
  0.7500000E-02  0.1431822E+01
  0.7550000E-02  0.1418990E+01
  0.7600000E-02  0.1405748E+01
  0.7650000E-02  0.1392051E+01
  0.7700000E-02  0.1378133E+01
  0.7750000E-02  0.1364496E+01
  0.7800000E-02  0.1351363E+01
  0.7850000E-02  0.1338615E+01
  0.7900000E-02  0.1326061E+01
  0.7950000E-02  0.1313258E+01
  0.8000000E-02  0.1299960E+01
  0.8050000E-02  0.1286395E+01
  0.8100000E-02  0.1272993E+01
  0.8150000E-02  0.1260131E+01
  0.8200000E-02  0.1248074E+01
  0.8250000E-02  0.1237238E+01
  0.8300000E-02  0.1227802E+01
  0.8350000E-02  0.1219443E+01
  0.8400000E-02  0.1211643E+01
  0.8450000E-02  0.1203795E+01
  0.8500000E-02  0.1195393E+01
  0.8550000E-02  0.1186339E+01
  0.8600000E-02  0.1176906E+01
  0.8650000E-02  0.1167337E+01
  0.8700000E-02  0.1157731E+01
  0.8750000E-02  0.1148214E+01
  0.8800000E-02  0.1138975E+01
  0.8850000E-02  0.1130262E+01
  0.8900000E-02  0.1122092E+01
  0.8950000E-02  0.1113913E+01
  0.9000000E-02  0.1105229E+01
  0.9050000E-02  0.1095887E+01
  0.9100000E-02  0.1085857E+01
  0.9150000E-02  0.1075483E+01
  0.9200000E-02  0.1065256E+01
  0.9250000E-02  0.1055478E+01
  0.9300000E-02  0.1046285E+01
  0.9350000E-02  0.1037727E+01
  0.9400000E-02  0.1029810E+01
  0.9450000E-02  0.1022498E+01
  0.9500000E-02  0.1015829E+01
  0.9550000E-02  0.1009944E+01
  0.9600000E-02  0.1004924E+01
  0.9650000E-02  0.1000628E+01
  0.9700000E-02  0.9965567E+00
  0.9750000E-02  0.9920721E+00
  0.9800000E-02  0.9867965E+00
  0.9850000E-02  0.9806830E+00
  0.9900000E-02  0.9739013E+00
  0.9950000E-02  0.9665232E+00
  0.1000000E-01  0.9584401E+00
  0.1005000E-01  0.9496307E+00
  0.1010000E-01  0.9402643E+00
  0.1015000E-01  0.9306745E+00
  0.1020000E-01  0.9212835E+00
  0.1025000E-01  0.9124499E+00
  0.1030000E-01  0.9043472E+00
  0.1035000E-01  0.8970429E+00
  0.1040000E-01  0.8903720E+00
  0.1045000E-01  0.8839709E+00
  0.1050000E-01  0.8777988E+00
  0.1055000E-01  0.8719557E+00
  0.1060000E-01  0.8663358E+00
  0.1065000E-01  0.8608920E+00
  0.1070000E-01  0.8557554E+00
  0.1075000E-01  0.8510297E+00
  0.1080000E-01  0.8466711E+00
  0.1085000E-01  0.8425676E+00
  0.1090000E-01  0.8385206E+00
  0.1095000E-01  0.8343316E+00
  0.1100000E-01  0.8299845E+00
  0.1105000E-01  0.8255584E+00
  0.1110000E-01  0.8210845E+00
  0.1115000E-01  0.8165815E+00
  0.1120000E-01  0.8121026E+00
  0.1125000E-01  0.8077240E+00
  0.1130000E-01  0.8034975E+00
  0.1135000E-01  0.7992772E+00
  0.1140000E-01  0.7948053E+00
  0.1145000E-01  0.7899566E+00
  0.1150000E-01  0.7846942E+00
  0.1155000E-01  0.7791761E+00
  0.1160000E-01  0.7734407E+00
  0.1165000E-01  0.7673714E+00
  0.1170000E-01  0.7610749E+00
  0.1175000E-01  0.7547409E+00
  0.1180000E-01  0.7485162E+00
  0.1185000E-01  0.7424651E+00
  0.1190000E-01  0.7366193E+00
  0.1195000E-01  0.7308827E+00
  0.1200000E-01  0.7252082E+00
  0.1205000E-01  0.7197149E+00
  0.1210000E-01  0.7145571E+00
  0.1215000E-01  0.7097858E+00
  0.1220000E-01  0.7053960E+00
  0.1225000E-01  0.7014816E+00
  0.1230000E-01  0.6979431E+00
  0.1235000E-01  0.6944569E+00
  0.1240000E-01  0.6908763E+00
  0.1245000E-01  0.6872673E+00
  0.1250000E-01  0.6836944E+00
  0.1255000E-01  0.6802598E+00
  0.1260000E-01  0.6770821E+00
  0.1265000E-01  0.6742098E+00
  0.1270000E-01  0.6716164E+00
  0.1275000E-01  0.6692541E+00
  0.1280000E-01  0.6670626E+00
  0.1285000E-01  0.6649027E+00
  0.1290000E-01  0.6626648E+00
  0.1295000E-01  0.6603229E+00
  0.1300000E-01  0.6579366E+00
  0.1305000E-01  0.6555814E+00
  0.1310000E-01  0.6532804E+00
  0.1315000E-01  0.6510004E+00
  0.1320000E-01  0.6486523E+00
  0.1325000E-01  0.6461947E+00
  0.1330000E-01  0.6435931E+00
  0.1335000E-01  0.6407213E+00
  0.1340000E-01  0.6375109E+00
  0.1345000E-01  0.6340138E+00
  0.1350000E-01  0.6302750E+00
  0.1355000E-01  0.6263842E+00
  0.1360000E-01  0.6224280E+00
  0.1365000E-01  0.6183779E+00
  0.1370000E-01  0.6141389E+00
  0.1375000E-01  0.6096199E+00
  0.1380000E-01  0.6048573E+00
  0.1385000E-01  0.5999312E+00
  0.1390000E-01  0.5948551E+00
  0.1395000E-01  0.5897075E+00
  0.1400000E-01  0.5845226E+00
  0.1405000E-01  0.5793364E+00
  0.1410000E-01  0.5743015E+00
  0.1415000E-01  0.5694739E+00
  0.1420000E-01  0.5648330E+00
  0.1425000E-01  0.5603977E+00
  0.1430000E-01  0.5562540E+00
  0.1435000E-01  0.5524983E+00
  0.1440000E-01  0.5490275E+00
  0.1445000E-01  0.5456167E+00
  0.1450000E-01  0.5421222E+00
  0.1455000E-01  0.5385933E+00
  0.1460000E-01  0.5351691E+00
  0.1465000E-01  0.5319319E+00
  0.1470000E-01  0.5289565E+00
  0.1475000E-01  0.5262838E+00
  0.1480000E-01  0.5238421E+00
  0.1485000E-01  0.5215616E+00
  0.1490000E-01  0.5194696E+00
  0.1495000E-01  0.5176866E+00
  0.1500000E-01  0.5162640E+00
  0.1505000E-01  0.5150776E+00
  0.1510000E-01  0.5140417E+00
  0.1515000E-01  0.5131590E+00
  0.1520000E-01  0.5123260E+00
  0.1525000E-01  0.5113932E+00
  0.1530000E-01  0.5103802E+00
  0.1535000E-01  0.5094597E+00
  0.1540000E-01  0.5087013E+00
  0.1545000E-01  0.5079563E+00
  0.1550000E-01  0.5070723E+00
  0.1555000E-01  0.5059164E+00
  0.1560000E-01  0.5043109E+00
  0.1565000E-01  0.5020819E+00
  0.1570000E-01  0.4991887E+00
  0.1575000E-01  0.4958141E+00
  0.1580000E-01  0.4921925E+00
  0.1585000E-01  0.4885496E+00
  0.1590000E-01  0.4850774E+00
  0.1595000E-01  0.4817966E+00
  0.1600000E-01  0.4786546E+00
  0.1605000E-01  0.4755921E+00
  0.1610000E-01  0.4725176E+00
  0.1615000E-01  0.4694126E+00
  0.1620000E-01  0.4664115E+00
  0.1625000E-01  0.4637034E+00
  0.1630000E-01  0.4614089E+00
  0.1635000E-01  0.4594427E+00
  0.1640000E-01  0.4575653E+00
  0.1645000E-01  0.4557133E+00
  0.1650000E-01  0.4539764E+00
  0.1655000E-01  0.4523531E+00
  0.1660000E-01  0.4507611E+00
  0.1665000E-01  0.4490518E+00
  0.1670000E-01  0.4472113E+00
  0.1675000E-01  0.4453447E+00
  0.1680000E-01  0.4434126E+00
  0.1685000E-01  0.4413815E+00
  0.1690000E-01  0.4392233E+00
  0.1695000E-01  0.4368966E+00
  0.1700000E-01  0.4344818E+00
  0.1705000E-01  0.4321694E+00
  0.1710000E-01  0.4300923E+00
  0.1715000E-01  0.4280408E+00
  0.1720000E-01  0.4256351E+00
  0.1725000E-01  0.4227969E+00
  0.1730000E-01  0.4197165E+00
  0.1735000E-01  0.4166145E+00
  0.1740000E-01  0.4136364E+00
  0.1745000E-01  0.4107899E+00
  0.1750000E-01  0.4080681E+00
  0.1755000E-01  0.4055505E+00
  0.1760000E-01  0.4033100E+00
  0.1765000E-01  0.4013561E+00
  0.1770000E-01  0.3996491E+00
  0.1775000E-01  0.3980471E+00
  0.1780000E-01  0.3963385E+00
  0.1785000E-01  0.3944553E+00
  0.1790000E-01  0.3924928E+00
  0.1795000E-01  0.3904037E+00
  0.1800000E-01  0.3880461E+00
  0.1805000E-01  0.3854028E+00
  0.1810000E-01  0.3825464E+00
  0.1815000E-01  0.3795656E+00
  0.1820000E-01  0.3765429E+00
  0.1825000E-01  0.3735742E+00
  0.1830000E-01  0.3707397E+00
  0.1835000E-01  0.3680628E+00
  0.1840000E-01  0.3655114E+00
  0.1845000E-01  0.3630832E+00
  0.1850000E-01  0.3607446E+00
  0.1855000E-01  0.3584365E+00
  0.1860000E-01  0.3562004E+00
  0.1865000E-01  0.3540417E+00
  0.1870000E-01  0.3518816E+00
  0.1875000E-01  0.3496643E+00
  0.1880000E-01  0.3473826E+00
  0.1885000E-01  0.3450683E+00
  0.1890000E-01  0.3427238E+00
  0.1895000E-01  0.3403166E+00
  0.1900000E-01  0.3378295E+00
  0.1905000E-01  0.3352514E+00
  0.1910000E-01  0.3326736E+00
  0.1915000E-01  0.3302740E+00
  0.1920000E-01  0.3281979E+00
  0.1925000E-01  0.3264180E+00
  0.1930000E-01  0.3247639E+00
  0.1935000E-01  0.3231751E+00
  0.1940000E-01  0.3216304E+00
  0.1945000E-01  0.3201005E+00
  0.1950000E-01  0.3186194E+00
  0.1955000E-01  0.3172533E+00
  0.1960000E-01  0.3160267E+00
  0.1965000E-01  0.3149696E+00
  0.1970000E-01  0.3141029E+00
  0.1975000E-01  0.3133094E+00
  0.1980000E-01  0.3125090E+00
  0.1985000E-01  0.3117482E+00
  0.1990000E-01  0.3110173E+00
  0.1995000E-01  0.3102323E+00
  0.2000000E-01  0.3093935E+00
  0.2005000E-01  0.3085509E+00
  0.2010000E-01  0.3077406E+00
  0.2015000E-01  0.3070466E+00
  0.2020000E-01  0.3064221E+00
  0.2025000E-01  0.3056987E+00
  0.2030000E-01  0.3047550E+00
  0.2035000E-01  0.3035487E+00
  0.2040000E-01  0.3021327E+00
  0.2045000E-01  0.3005842E+00
  0.2050000E-01  0.2989648E+00
  0.2055000E-01  0.2972735E+00
  0.2060000E-01  0.2955040E+00
  0.2065000E-01  0.2937117E+00
  0.2070000E-01  0.2919186E+00
  0.2075000E-01  0.2901264E+00
  0.2080000E-01  0.2883489E+00
  0.2085000E-01  0.2865969E+00
  0.2090000E-01  0.2849567E+00
  0.2095000E-01  0.2834845E+00
  0.2100000E-01  0.2821284E+00
  0.2105000E-01  0.2808518E+00
  0.2110000E-01  0.2796845E+00
  0.2115000E-01  0.2786664E+00
  0.2120000E-01  0.2777548E+00
  0.2125000E-01  0.2768898E+00
  0.2130000E-01  0.2760187E+00
  0.2135000E-01  0.2750143E+00
  0.2140000E-01  0.2737579E+00
  0.2145000E-01  0.2722446E+00
  0.2150000E-01  0.2705460E+00
  0.2155000E-01  0.2687567E+00
  0.2160000E-01  0.2669555E+00
  0.2165000E-01  0.2651659E+00
  0.2170000E-01  0.2633315E+00
  0.2175000E-01  0.2613638E+00
  0.2180000E-01  0.2592243E+00
  0.2185000E-01  0.2569758E+00
  0.2190000E-01  0.2547445E+00
  0.2195000E-01  0.2525976E+00
  0.2200000E-01  0.2505635E+00
  0.2205000E-01  0.2487014E+00
  0.2210000E-01  0.2470506E+00
  0.2215000E-01  0.2455789E+00
  0.2220000E-01  0.2442589E+00
  0.2225000E-01  0.2430495E+00
  0.2230000E-01  0.2418709E+00
  0.2235000E-01  0.2407106E+00
  0.2240000E-01  0.2395641E+00
  0.2245000E-01  0.2384420E+00
  0.2250000E-01  0.2374010E+00
  0.2255000E-01  0.2364058E+00
  0.2260000E-01  0.2353945E+00
  0.2265000E-01  0.2343586E+00
  0.2270000E-01  0.2332517E+00
  0.2275000E-01  0.2320353E+00
  0.2280000E-01  0.2307357E+00
  0.2285000E-01  0.2293541E+00
  0.2290000E-01  0.2278749E+00
  0.2295000E-01  0.2263707E+00
  0.2300000E-01  0.2249217E+00
  0.2305000E-01  0.2234922E+00
  0.2310000E-01  0.2220548E+00
  0.2315000E-01  0.2206243E+00
  0.2320000E-01  0.2192235E+00
  0.2325000E-01  0.2179782E+00
  0.2330000E-01  0.2169705E+00
  0.2335000E-01  0.2161290E+00
  0.2340000E-01  0.2154211E+00
  0.2345000E-01  0.2148424E+00
  0.2350000E-01  0.2142968E+00
  0.2355000E-01  0.2137363E+00
  0.2360000E-01  0.2131650E+00
  0.2365000E-01  0.2125236E+00
  0.2370000E-01  0.2117972E+00
  0.2375000E-01  0.2110764E+00
  0.2380000E-01  0.2104321E+00
  0.2385000E-01  0.2098929E+00
  0.2390000E-01  0.2094972E+00
  0.2395000E-01  0.2092377E+00
  0.2400000E-01  0.2090609E+00
  0.2405000E-01  0.2089064E+00
  0.2410000E-01  0.2087299E+00
  0.2415000E-01  0.2085395E+00
  0.2420000E-01  0.2083868E+00
  0.2425000E-01  0.2082680E+00
  0.2430000E-01  0.2081493E+00
  0.2435000E-01  0.2080171E+00
  0.2440000E-01  0.2078481E+00
  0.2445000E-01  0.2076564E+00
  0.2450000E-01  0.2074474E+00
  0.2455000E-01  0.2071770E+00
  0.2460000E-01  0.2068282E+00
  0.2465000E-01  0.2064586E+00
  0.2470000E-01  0.2061274E+00
  0.2475000E-01  0.2058231E+00
  0.2480000E-01  0.2055066E+00
  0.2485000E-01  0.2051716E+00
  0.2490000E-01  0.2048044E+00
  0.2495000E-01  0.2043972E+00
  0.2500000E-01  0.2039417E+00
  0.2505000E-01  0.2034196E+00
  0.2510000E-01  0.2027808E+00
  0.2515000E-01  0.2020123E+00
  0.2520000E-01  0.2011947E+00
  0.2525000E-01  0.2003799E+00
  0.2530000E-01  0.1995879E+00
  0.2535000E-01  0.1988717E+00
  0.2540000E-01  0.1982716E+00
  0.2545000E-01  0.1977600E+00
  0.2550000E-01  0.1973123E+00
  0.2555000E-01  0.1968761E+00
  0.2560000E-01  0.1963677E+00
  0.2565000E-01  0.1957395E+00
  0.2570000E-01  0.1950134E+00
  0.2575000E-01  0.1942186E+00
  0.2580000E-01  0.1933655E+00
  0.2585000E-01  0.1924826E+00
  0.2590000E-01  0.1915722E+00
  0.2595000E-01  0.1906531E+00
  0.2600000E-01  0.1897710E+00
  0.2605000E-01  0.1889308E+00
  0.2610000E-01  0.1881634E+00
  0.2615000E-01  0.1875193E+00
  0.2620000E-01  0.1870192E+00
  0.2625000E-01  0.1866583E+00
  0.2630000E-01  0.1864263E+00
  0.2635000E-01  0.1863204E+00
  0.2640000E-01  0.1862951E+00
  0.2645000E-01  0.1862827E+00
  0.2650000E-01  0.1862603E+00
  0.2655000E-01  0.1862393E+00
  0.2660000E-01  0.1861853E+00
  0.2665000E-01  0.1859959E+00
  0.2670000E-01  0.1855961E+00
  0.2675000E-01  0.1850107E+00
  0.2680000E-01  0.1843057E+00
  0.2685000E-01  0.1835275E+00
  0.2690000E-01  0.1826950E+00
  0.2695000E-01  0.1818302E+00
  0.2700000E-01  0.1809686E+00
  0.2705000E-01  0.1801217E+00
  0.2710000E-01  0.1792858E+00
  0.2715000E-01  0.1784385E+00
  0.2720000E-01  0.1775482E+00
  0.2725000E-01  0.1765805E+00
  0.2730000E-01  0.1755131E+00
  0.2735000E-01  0.1743875E+00
  0.2740000E-01  0.1732827E+00
  0.2745000E-01  0.1722448E+00
  0.2750000E-01  0.1712438E+00
  0.2755000E-01  0.1702173E+00
  0.2760000E-01  0.1691429E+00
  0.2765000E-01  0.1680588E+00
  0.2770000E-01  0.1670001E+00
  0.2775000E-01  0.1659693E+00
  0.2780000E-01  0.1649387E+00
  0.2785000E-01  0.1638871E+00
  0.2790000E-01  0.1628678E+00
  0.2795000E-01  0.1619267E+00
  0.2800000E-01  0.1610375E+00
  0.2805000E-01  0.1601586E+00
  0.2810000E-01  0.1592950E+00
  0.2815000E-01  0.1585046E+00
  0.2820000E-01  0.1578211E+00
  0.2825000E-01  0.1572127E+00
  0.2830000E-01  0.1566278E+00
  0.2835000E-01  0.1560070E+00
  0.2840000E-01  0.1552881E+00
  0.2845000E-01  0.1544574E+00
  0.2850000E-01  0.1535502E+00
  0.2855000E-01  0.1525865E+00
  0.2860000E-01  0.1515750E+00
  0.2865000E-01  0.1505637E+00
  0.2870000E-01  0.1495908E+00
  0.2875000E-01  0.1486624E+00
  0.2880000E-01  0.1477769E+00
  0.2885000E-01  0.1469329E+00
  0.2890000E-01  0.1461475E+00
  0.2895000E-01  0.1454623E+00
  0.2900000E-01  0.1448953E+00
  0.2905000E-01  0.1444188E+00
  0.2910000E-01  0.1439989E+00
  0.2915000E-01  0.1436094E+00
  0.2920000E-01  0.1432213E+00
  0.2925000E-01  0.1427964E+00
  0.2930000E-01  0.1423053E+00
  0.2935000E-01  0.1417617E+00
  0.2940000E-01  0.1411937E+00
  0.2945000E-01  0.1405798E+00
  0.2950000E-01  0.1398877E+00
  0.2955000E-01  0.1391020E+00
  0.2960000E-01  0.1381892E+00
  0.2965000E-01  0.1371107E+00
  0.2970000E-01  0.1358295E+00
  0.2975000E-01  0.1343350E+00
  0.2980000E-01  0.1326749E+00
  0.2985000E-01  0.1309562E+00
  0.2990000E-01  0.1292843E+00
  0.2995000E-01  0.1276814E+00
  0.3000000E-01  0.1261096E+00
  0.3005000E-01  0.1245620E+00
  0.3010000E-01  0.1230895E+00
  0.3015000E-01  0.1217372E+00
  0.3020000E-01  0.1205180E+00
  0.3025000E-01  0.1194387E+00
  0.3030000E-01  0.1185212E+00
  0.3035000E-01  0.1177642E+00
  0.3040000E-01  0.1171326E+00
  0.3045000E-01  0.1166007E+00
  0.3050000E-01  0.1161557E+00
  0.3055000E-01  0.1157649E+00
  0.3060000E-01  0.1153652E+00
  0.3065000E-01  0.1149132E+00
  0.3070000E-01  0.1143834E+00
  0.3075000E-01  0.1137423E+00
  0.3080000E-01  0.1129915E+00
  0.3085000E-01  0.1121602E+00
  0.3090000E-01  0.1112512E+00
  0.3095000E-01  0.1102580E+00
  0.3100000E-01  0.1092093E+00
  0.3105000E-01  0.1081731E+00
  0.3110000E-01  0.1072396E+00
  0.3115000E-01  0.1064835E+00
  0.3120000E-01  0.1059081E+00
  0.3125000E-01  0.1054576E+00
  0.3130000E-01  0.1050823E+00
  0.3135000E-01  0.1047383E+00
  0.3140000E-01  0.1043833E+00
  0.3145000E-01  0.1040053E+00
  0.3150000E-01  0.1036118E+00
  0.3155000E-01  0.1031916E+00
  0.3160000E-01  0.1027207E+00
  0.3165000E-01  0.1021960E+00
  0.3170000E-01  0.1016189E+00
  0.3175000E-01  0.1009721E+00
  0.3180000E-01  0.1002452E+00
  0.3185000E-01  0.9946629E-01
  0.3190000E-01  0.9868755E-01
  0.3195000E-01  0.9795675E-01
  0.3200000E-01  0.9730127E-01
  0.3205000E-01  0.9674284E-01
  0.3210000E-01  0.9628880E-01
  0.3215000E-01  0.9592545E-01
  0.3220000E-01  0.9564503E-01
  0.3225000E-01  0.9543150E-01
  0.3230000E-01  0.9526331E-01
  0.3235000E-01  0.9511766E-01
  0.3240000E-01  0.9497687E-01
  0.3245000E-01  0.9481827E-01
  0.3250000E-01  0.9460549E-01
  0.3255000E-01  0.9432789E-01
  0.3260000E-01  0.9400032E-01
  0.3265000E-01  0.9365283E-01
  0.3270000E-01  0.9330451E-01
  0.3275000E-01  0.9293805E-01
  0.3280000E-01  0.9251618E-01
  0.3285000E-01  0.9199928E-01
  0.3290000E-01  0.9136845E-01
  0.3295000E-01  0.9063911E-01
  0.3300000E-01  0.8985695E-01
  0.3305000E-01  0.8908253E-01
  0.3310000E-01  0.8836760E-01
  0.3315000E-01  0.8772895E-01
  0.3320000E-01  0.8716694E-01
  0.3325000E-01  0.8670518E-01
  0.3330000E-01  0.8636878E-01
  0.3335000E-01  0.8614173E-01
  0.3340000E-01  0.8595025E-01
  0.3345000E-01  0.8573174E-01
  0.3350000E-01  0.8547138E-01
  0.3355000E-01  0.8517106E-01
  0.3360000E-01  0.8486413E-01
  0.3365000E-01  0.8461993E-01
  0.3370000E-01  0.8447679E-01
  0.3375000E-01  0.8441116E-01
  0.3380000E-01  0.8438233E-01
  0.3385000E-01  0.8436536E-01
  0.3390000E-01  0.8433221E-01
  0.3395000E-01  0.8423370E-01
  0.3400000E-01  0.8404712E-01
  0.3405000E-01  0.8378659E-01
  0.3410000E-01  0.8348927E-01
  0.3415000E-01  0.8319017E-01
  0.3420000E-01  0.8290723E-01
  0.3425000E-01  0.8264665E-01
  0.3430000E-01  0.8237921E-01
  0.3435000E-01  0.8206294E-01
  0.3440000E-01  0.8169750E-01
  0.3445000E-01  0.8129474E-01
  0.3450000E-01  0.8084983E-01
  0.3455000E-01  0.8037175E-01
  0.3460000E-01  0.7987645E-01
  0.3465000E-01  0.7937756E-01
  0.3470000E-01  0.7889139E-01
  0.3475000E-01  0.7842375E-01
  0.3480000E-01  0.7794677E-01
  0.3485000E-01  0.7743097E-01
  0.3490000E-01  0.7689915E-01
  0.3495000E-01  0.7640840E-01
  0.3500000E-01  0.7599188E-01
  0.3505000E-01  0.7565029E-01
  0.3510000E-01  0.7536302E-01
  0.3515000E-01  0.7509202E-01
  0.3520000E-01  0.7479613E-01
  0.3525000E-01  0.7445527E-01
  0.3530000E-01  0.7408549E-01
  0.3535000E-01  0.7370360E-01
  0.3540000E-01  0.7331081E-01
  0.3545000E-01  0.7289897E-01
  0.3550000E-01  0.7244237E-01
  0.3555000E-01  0.7193028E-01
  0.3560000E-01  0.7139539E-01
  0.3565000E-01  0.7089100E-01
  0.3570000E-01  0.7045037E-01
  0.3575000E-01  0.7006109E-01
  0.3580000E-01  0.6970037E-01
  0.3585000E-01  0.6936881E-01
  0.3590000E-01  0.6907250E-01
  0.3595000E-01  0.6880946E-01
  0.3600000E-01  0.6856039E-01
  0.3605000E-01  0.6830985E-01
  0.3610000E-01  0.6807128E-01
  0.3615000E-01  0.6783421E-01
  0.3620000E-01  0.6756826E-01
  0.3625000E-01  0.6727107E-01
  0.3630000E-01  0.6694566E-01
  0.3635000E-01  0.6657330E-01
  0.3640000E-01  0.6613934E-01
  0.3645000E-01  0.6565819E-01
  0.3650000E-01  0.6515076E-01
  0.3655000E-01  0.6462740E-01
  0.3660000E-01  0.6408761E-01
  0.3665000E-01  0.6352757E-01
  0.3670000E-01  0.6293496E-01
  0.3675000E-01  0.6229220E-01
  0.3680000E-01  0.6158731E-01
  0.3685000E-01  0.6082989E-01
  0.3690000E-01  0.6005235E-01
  0.3695000E-01  0.5929268E-01
  0.3700000E-01  0.5857881E-01
  0.3705000E-01  0.5791531E-01
  0.3710000E-01  0.5730540E-01
  0.3715000E-01  0.5676677E-01
  0.3720000E-01  0.5631600E-01
  0.3725000E-01  0.5594820E-01
  0.3730000E-01  0.5565331E-01
  0.3735000E-01  0.5542562E-01
  0.3740000E-01  0.5524969E-01
  0.3745000E-01  0.5510893E-01
  0.3750000E-01  0.5499555E-01
  0.3755000E-01  0.5490335E-01
  0.3760000E-01  0.5482548E-01
  0.3765000E-01  0.5475461E-01
  0.3770000E-01  0.5469661E-01
  0.3775000E-01  0.5465160E-01
  0.3780000E-01  0.5459642E-01
  0.3785000E-01  0.5451321E-01
  0.3790000E-01  0.5439057E-01
  0.3795000E-01  0.5422304E-01
  0.3800000E-01  0.5401296E-01
  0.3805000E-01  0.5376801E-01
  0.3810000E-01  0.5349940E-01
  0.3815000E-01  0.5321393E-01
  0.3820000E-01  0.5292517E-01
  0.3825000E-01  0.5264712E-01
  0.3830000E-01  0.5237655E-01
  0.3835000E-01  0.5210138E-01
  0.3840000E-01  0.5181742E-01
  0.3845000E-01  0.5152879E-01
  0.3850000E-01  0.5123439E-01
  0.3855000E-01  0.5092556E-01
  0.3860000E-01  0.5059966E-01
  0.3865000E-01  0.5025882E-01
  0.3870000E-01  0.4989580E-01
  0.3875000E-01  0.4949766E-01
  0.3880000E-01  0.4906005E-01
  0.3885000E-01  0.4859407E-01
  0.3890000E-01  0.4811573E-01
  0.3895000E-01  0.4762934E-01
  0.3900000E-01  0.4712852E-01
  0.3905000E-01  0.4661213E-01
  0.3910000E-01  0.4608099E-01
  0.3915000E-01  0.4552869E-01
  0.3920000E-01  0.4495077E-01
  0.3925000E-01  0.4435587E-01
  0.3930000E-01  0.4376002E-01
  0.3935000E-01  0.4316765E-01
  0.3940000E-01  0.4256567E-01
  0.3945000E-01  0.4193413E-01
  0.3950000E-01  0.4126190E-01
  0.3955000E-01  0.4055792E-01
  0.3960000E-01  0.3983715E-01
  0.3965000E-01  0.3911393E-01
  0.3970000E-01  0.3840714E-01
  0.3975000E-01  0.3772738E-01
  0.3980000E-01  0.3707829E-01
  0.3985000E-01  0.3646972E-01
  0.3990000E-01  0.3590724E-01
  0.3995000E-01  0.3538623E-01
  0.4000000E-01  0.3490669E-01
  0.4005000E-01  0.3446411E-01
  0.4010000E-01  0.3404093E-01
  0.4015000E-01  0.3363291E-01
  0.4020000E-01  0.3325253E-01
  0.4025000E-01  0.3289418E-01
  0.4030000E-01  0.3252666E-01
  0.4035000E-01  0.3213927E-01
  0.4040000E-01  0.3175517E-01
  0.4045000E-01  0.3138808E-01
  0.4050000E-01  0.3102443E-01
  0.4055000E-01  0.3064979E-01
  0.4060000E-01  0.3026698E-01
  0.4065000E-01  0.2988584E-01
  0.4070000E-01  0.2950786E-01
  0.4075000E-01  0.2913810E-01
  0.4080000E-01  0.2878632E-01
  0.4085000E-01  0.2844529E-01
  0.4090000E-01  0.2810320E-01
  0.4095000E-01  0.2775932E-01
  0.4100000E-01  0.2741514E-01
  0.4105000E-01  0.2707537E-01
  0.4110000E-01  0.2674658E-01
  0.4115000E-01  0.2642804E-01
  0.4120000E-01  0.2611804E-01
  0.4125000E-01  0.2581685E-01
  0.4130000E-01  0.2552063E-01
  0.4135000E-01  0.2521921E-01
  0.4140000E-01  0.2490522E-01
  0.4145000E-01  0.2457857E-01
  0.4150000E-01  0.2424686E-01
  0.4155000E-01  0.2391774E-01
  0.4160000E-01  0.2358637E-01
  0.4165000E-01  0.2324224E-01
  0.4170000E-01  0.2288333E-01
  0.4175000E-01  0.2251576E-01
  0.4180000E-01  0.2214835E-01
  0.4185000E-01  0.2178903E-01
  0.4190000E-01  0.2144673E-01
  0.4195000E-01  0.2112805E-01
  0.4200000E-01  0.2083366E-01
  0.4205000E-01  0.2056546E-01
  0.4210000E-01  0.2031967E-01
  0.4215000E-01  0.2008575E-01
  0.4220000E-01  0.1985436E-01
  0.4225000E-01  0.1961900E-01
  0.4230000E-01  0.1937761E-01
  0.4235000E-01  0.1913168E-01
  0.4240000E-01  0.1888549E-01
  0.4245000E-01  0.1863941E-01
  0.4250000E-01  0.1838913E-01
  0.4255000E-01  0.1813180E-01
  0.4260000E-01  0.1786653E-01
  0.4265000E-01  0.1759451E-01
  0.4270000E-01  0.1731534E-01
  0.4275000E-01  0.1702991E-01
  0.4280000E-01  0.1674901E-01
  0.4285000E-01  0.1648134E-01
  0.4290000E-01  0.1622242E-01
  0.4295000E-01  0.1596559E-01
  0.4300000E-01  0.1571299E-01
  0.4305000E-01  0.1546902E-01
  0.4310000E-01  0.1523543E-01
  0.4315000E-01  0.1502039E-01
  0.4320000E-01  0.1483562E-01
  0.4325000E-01  0.1468537E-01
  0.4330000E-01  0.1456257E-01
  0.4335000E-01  0.1445423E-01
  0.4340000E-01  0.1435312E-01
  0.4345000E-01  0.1426513E-01
  0.4350000E-01  0.1420143E-01
  0.4355000E-01  0.1416063E-01
  0.4360000E-01  0.1412663E-01
  0.4365000E-01  0.1408579E-01
  0.4370000E-01  0.1403419E-01
  0.4375000E-01  0.1396830E-01
  0.4380000E-01  0.1388002E-01
  0.4385000E-01  0.1376532E-01
  0.4390000E-01  0.1363058E-01
  0.4395000E-01  0.1348288E-01
  0.4400000E-01  0.1332167E-01
  0.4405000E-01  0.1314508E-01
  0.4410000E-01  0.1295251E-01
  0.4415000E-01  0.1274583E-01
  0.4420000E-01  0.1253120E-01
  0.4425000E-01  0.1231648E-01
  0.4430000E-01  0.1211172E-01
  0.4435000E-01  0.1192249E-01
  0.4440000E-01  0.1174504E-01
  0.4445000E-01  0.1157307E-01
  0.4450000E-01  0.1140408E-01
  0.4455000E-01  0.1123587E-01
  0.4460000E-01  0.1106657E-01
  0.4465000E-01  0.1089584E-01
  0.4470000E-01  0.1071834E-01
  0.4475000E-01  0.1052897E-01
  0.4480000E-01  0.1032968E-01
  0.4485000E-01  0.1012278E-01
  0.4490000E-01  0.9909042E-02
  0.4495000E-01  0.9691656E-02
  0.4500000E-01  0.9476911E-02
  0.4505000E-01  0.9271535E-02
  0.4510000E-01  0.9080807E-02
  0.4515000E-01  0.8909218E-02
  0.4520000E-01  0.8755764E-02
  0.4525000E-01  0.8613035E-02
  0.4530000E-01  0.8474717E-02
  0.4535000E-01  0.8336990E-02
  0.4540000E-01  0.8199236E-02
  0.4545000E-01  0.8060622E-02
  0.4550000E-01  0.7913861E-02
  0.4555000E-01  0.7752962E-02
  0.4560000E-01  0.7579932E-02
  0.4565000E-01  0.7401428E-02
  0.4570000E-01  0.7220740E-02
  0.4575000E-01  0.7038759E-02
  0.4580000E-01  0.6857309E-02
  0.4585000E-01  0.6677170E-02
  0.4590000E-01  0.6500372E-02
  0.4595000E-01  0.6331018E-02
  0.4600000E-01  0.6170144E-02
  0.4605000E-01  0.6015094E-02
  0.4610000E-01  0.5865440E-02
  0.4615000E-01  0.5724810E-02
  0.4620000E-01  0.5595706E-02
  0.4625000E-01  0.5477430E-02
  0.4630000E-01  0.5369808E-02
  0.4635000E-01  0.5270196E-02
  0.4640000E-01  0.5171192E-02
  0.4645000E-01  0.5062574E-02
  0.4650000E-01  0.4938346E-02
  0.4655000E-01  0.4801277E-02
  0.4660000E-01  0.4655616E-02
  0.4665000E-01  0.4505239E-02
  0.4670000E-01  0.4354722E-02
  0.4675000E-01  0.4207788E-02
  0.4680000E-01  0.4066417E-02
  0.4685000E-01  0.3931104E-02
  0.4690000E-01  0.3800736E-02
  0.4695000E-01  0.3669742E-02
  0.4700000E-01  0.3531059E-02
  0.4705000E-01  0.3383343E-02
  0.4710000E-01  0.3230652E-02
  0.4715000E-01  0.3074956E-02
  0.4720000E-01  0.2916880E-02
  0.4725000E-01  0.2758956E-02
  0.4730000E-01  0.2602432E-02
  0.4735000E-01  0.2448933E-02
  0.4740000E-01  0.2302461E-02
  0.4745000E-01  0.2166986E-02
  0.4750000E-01  0.2046409E-02
  0.4755000E-01  0.1942487E-02
  0.4760000E-01  0.1852455E-02
  0.4765000E-01  0.1771298E-02
  0.4770000E-01  0.1696661E-02
  0.4775000E-01  0.1629973E-02
  0.4780000E-01  0.1572155E-02
  0.4785000E-01  0.1522628E-02
  0.4790000E-01  0.1479592E-02
  0.4795000E-01  0.1439744E-02
  0.4800000E-01  0.1399666E-02
  0.4805000E-01  0.1357137E-02
  0.4810000E-01  0.1311874E-02
  0.4815000E-01  0.1265310E-02
  0.4820000E-01  0.1219426E-02
  0.4825000E-01  0.1175724E-02
  0.4830000E-01  0.1134000E-02
  0.4835000E-01  0.1094539E-02
  0.4840000E-01  0.1059068E-02
  0.4845000E-01  0.1028113E-02
  0.4850000E-01  0.1001832E-02
  0.4855000E-01  0.9787971E-03
  0.4860000E-01  0.9554914E-03
  0.4865000E-01  0.9309936E-03
  0.4870000E-01  0.9055831E-03
  0.4875000E-01  0.8785869E-03
  0.4880000E-01  0.8498186E-03
  0.4885000E-01  0.8194344E-03
  0.4890000E-01  0.7880322E-03
  0.4895000E-01  0.7552930E-03
  0.4900000E-01  0.7203307E-03
  0.4905000E-01  0.6817091E-03
  0.4910000E-01  0.6382656E-03
  0.4915000E-01  0.5910964E-03
  0.4920000E-01  0.5423494E-03
  0.4925000E-01  0.4935468E-03
  0.4930000E-01  0.4451738E-03
  0.4935000E-01  0.3973338E-03
  0.4940000E-01  0.3503527E-03
  0.4945000E-01  0.3048057E-03
  0.4950000E-01  0.2612590E-03
  0.4955000E-01  0.2201595E-03
  0.4960000E-01  0.1820125E-03
  0.4965000E-01  0.1472043E-03
  0.4970000E-01  0.1156983E-03
  0.4975000E-01  0.8718141E-04
  0.4980000E-01  0.6130805E-04
  0.4985000E-01  0.3798988E-04
  0.4990000E-01  0.1738594E-04
  0.4995000E-01 -0.4989788E-06
  0.5000000E-01 -0.1601508E-04
  0.5005000E-01 -0.2972142E-04
  0.5010000E-01 -0.4225275E-04
  0.5015000E-01 -0.5419790E-04
  0.5020000E-01 -0.6590757E-04
  0.5025000E-01 -0.7739489E-04
  0.5030000E-01 -0.8840939E-04
  0.5035000E-01 -0.9867024E-04
  0.5040000E-01 -0.1080189E-03
  0.5045000E-01 -0.1162915E-03
  0.5050000E-01 -0.1236257E-03
  0.5055000E-01 -0.1301792E-03
  0.5060000E-01 -0.1350042E-03
  0.5065000E-01 -0.1369474E-03
  0.5070000E-01 -0.1358283E-03
  0.5075000E-01 -0.1319699E-03
  0.5080000E-01 -0.1253125E-03
  0.5085000E-01 -0.1149797E-03
  0.5090000E-01 -0.1005994E-03
  0.5095000E-01 -0.8226505E-04
  0.5100000E-01 -0.5922973E-04
  0.5105000E-01 -0.3056112E-04
  0.5110000E-01  0.3902499E-05
  0.5115000E-01  0.4350510E-04
  0.5120000E-01  0.8718938E-04
  0.5125000E-01  0.1336316E-03
  0.5130000E-01  0.1816310E-03
  0.5135000E-01  0.2306119E-03
  0.5140000E-01  0.2811508E-03
  0.5145000E-01  0.3346423E-03
  0.5150000E-01  0.3921408E-03
  0.5155000E-01  0.4550029E-03
  0.5160000E-01  0.5240216E-03
  0.5165000E-01  0.5994707E-03
  0.5170000E-01  0.6813932E-03
  0.5175000E-01  0.7683944E-03
  0.5180000E-01  0.8582750E-03
  0.5185000E-01  0.9488236E-03
  0.5190000E-01  0.1039723E-02
  0.5195000E-01  0.1133504E-02
  0.5200000E-01  0.1232893E-02
  0.5205000E-01  0.1339182E-02
  0.5210000E-01  0.1452722E-02
  0.5215000E-01  0.1573057E-02
  0.5220000E-01  0.1700560E-02
  0.5225000E-01  0.1835789E-02
  0.5230000E-01  0.1976859E-02
  0.5235000E-01  0.2120445E-02
  0.5240000E-01  0.2264611E-02
  0.5245000E-01  0.2411198E-02
  0.5250000E-01  0.2563544E-02
  0.5255000E-01  0.2724314E-02
  0.5260000E-01  0.2893908E-02
  0.5265000E-01  0.3071294E-02
  0.5270000E-01  0.3258922E-02
  0.5275000E-01  0.3457461E-02
  0.5280000E-01  0.3661764E-02
  0.5285000E-01  0.3864908E-02
  0.5290000E-01  0.4061524E-02
  0.5295000E-01  0.4248414E-02
  0.5300000E-01  0.4425670E-02
  0.5305000E-01  0.4596628E-02
  0.5310000E-01  0.4766051E-02
  0.5315000E-01  0.4937388E-02
  0.5320000E-01  0.5110338E-02
  0.5325000E-01  0.5282366E-02
  0.5330000E-01  0.5451458E-02
  0.5335000E-01  0.5618516E-02
  0.5340000E-01  0.5784146E-02
  0.5345000E-01  0.5948144E-02
  0.5350000E-01  0.6112092E-02
  0.5355000E-01  0.6277319E-02
  0.5360000E-01  0.6442275E-02
  0.5365000E-01  0.6603977E-02
  0.5370000E-01  0.6763542E-02
  0.5375000E-01  0.6924450E-02
  0.5380000E-01  0.7086772E-02
  0.5385000E-01  0.7247787E-02
  0.5390000E-01  0.7402188E-02
  0.5395000E-01  0.7544886E-02
  0.5400000E-01  0.7677560E-02
  0.5405000E-01  0.7806341E-02
  0.5410000E-01  0.7935309E-02
  0.5415000E-01  0.8063544E-02
  0.5420000E-01  0.8185776E-02
  0.5425000E-01  0.8298511E-02
  0.5430000E-01  0.8405906E-02
  0.5435000E-01  0.8515913E-02
  0.5440000E-01  0.8632426E-02
  0.5445000E-01  0.8751639E-02
  0.5450000E-01  0.8869530E-02
  0.5455000E-01  0.8989221E-02
  0.5460000E-01  0.9112221E-02
  0.5465000E-01  0.9236274E-02
  0.5470000E-01  0.9364298E-02
  0.5475000E-01  0.9502093E-02
  0.5480000E-01  0.9654144E-02
  0.5485000E-01  0.9822264E-02
  0.5490000E-01  0.1000338E-01
  0.5495000E-01  0.1019490E-01
  0.5500000E-01  0.1039505E-01
  0.5505000E-01  0.1060114E-01
  0.5510000E-01  0.1080829E-01
  0.5515000E-01  0.1101115E-01
  0.5520000E-01  0.1120801E-01
  0.5525000E-01  0.1140066E-01
  0.5530000E-01  0.1159548E-01
  0.5535000E-01  0.1180050E-01
  0.5540000E-01  0.1202127E-01
  0.5545000E-01  0.1226004E-01
  0.5550000E-01  0.1251549E-01
  0.5555000E-01  0.1278207E-01
  0.5560000E-01  0.1305307E-01
  0.5565000E-01  0.1332270E-01
  0.5570000E-01  0.1358699E-01
  0.5575000E-01  0.1384417E-01
  0.5580000E-01  0.1409585E-01
  0.5585000E-01  0.1434433E-01
  0.5590000E-01  0.1458572E-01
  0.5595000E-01  0.1481262E-01
  0.5600000E-01  0.1502062E-01
  0.5605000E-01  0.1520876E-01
  0.5610000E-01  0.1537591E-01
  0.5615000E-01  0.1552293E-01
  0.5620000E-01  0.1565160E-01
  0.5625000E-01  0.1576981E-01
  0.5630000E-01  0.1589188E-01
  0.5635000E-01  0.1602049E-01
  0.5640000E-01  0.1614914E-01
  0.5645000E-01  0.1627548E-01
  0.5650000E-01  0.1639975E-01
  0.5655000E-01  0.1651894E-01
  0.5660000E-01  0.1663127E-01
  0.5665000E-01  0.1674160E-01
  0.5670000E-01  0.1685652E-01
  0.5675000E-01  0.1697607E-01
  0.5680000E-01  0.1709690E-01
  0.5685000E-01  0.1722323E-01
  0.5690000E-01  0.1736306E-01
  0.5695000E-01  0.1751522E-01
  0.5700000E-01  0.1767211E-01
  0.5705000E-01  0.1783224E-01
  0.5710000E-01  0.1799360E-01
  0.5715000E-01  0.1815394E-01
  0.5720000E-01  0.1832101E-01
  0.5725000E-01  0.1850463E-01
  0.5730000E-01  0.1870679E-01
  0.5735000E-01  0.1892636E-01
  0.5740000E-01  0.1917145E-01
  0.5745000E-01  0.1945126E-01
  0.5750000E-01  0.1976631E-01
  0.5755000E-01  0.2010893E-01
  0.5760000E-01  0.2046498E-01
  0.5765000E-01  0.2082165E-01
  0.5770000E-01  0.2117133E-01
  0.5775000E-01  0.2151570E-01
  0.5780000E-01  0.2186220E-01
  0.5785000E-01  0.2221393E-01
  0.5790000E-01  0.2256742E-01
  0.5795000E-01  0.2291471E-01
  0.5800000E-01  0.2324621E-01
  0.5805000E-01  0.2355803E-01
  0.5810000E-01  0.2384901E-01
  0.5815000E-01  0.2411605E-01
  0.5820000E-01  0.2436777E-01
  0.5825000E-01  0.2462294E-01
  0.5830000E-01  0.2489767E-01
  0.5835000E-01  0.2520731E-01
  0.5840000E-01  0.2556568E-01
  0.5845000E-01  0.2597020E-01
  0.5850000E-01  0.2640485E-01
  0.5855000E-01  0.2685606E-01
  0.5860000E-01  0.2731369E-01
  0.5865000E-01  0.2776838E-01
  0.5870000E-01  0.2821685E-01
  0.5875000E-01  0.2866531E-01
  0.5880000E-01  0.2912313E-01
  0.5885000E-01  0.2958820E-01
  0.5890000E-01  0.3004582E-01
  0.5895000E-01  0.3048588E-01
  0.5900000E-01  0.3090893E-01
  0.5905000E-01  0.3131936E-01
  0.5910000E-01  0.3172518E-01
  0.5915000E-01  0.3214076E-01
  0.5920000E-01  0.3258211E-01
  0.5925000E-01  0.3305485E-01
  0.5930000E-01  0.3354756E-01
  0.5935000E-01  0.3404744E-01
  0.5940000E-01  0.3454448E-01
  0.5945000E-01  0.3502045E-01
  0.5950000E-01  0.3546367E-01
  0.5955000E-01  0.3588397E-01
  0.5960000E-01  0.3629968E-01
  0.5965000E-01  0.3671676E-01
  0.5970000E-01  0.3713202E-01
  0.5975000E-01  0.3754399E-01
  0.5980000E-01  0.3795644E-01
  0.5985000E-01  0.3837177E-01
  0.5990000E-01  0.3877484E-01
  0.5995000E-01  0.3914869E-01
  0.6000000E-01  0.3949135E-01
  0.6005000E-01  0.3980997E-01
  0.6010000E-01  0.4011631E-01
  0.6015000E-01  0.4042138E-01
  0.6020000E-01  0.4073171E-01
  0.6025000E-01  0.4104826E-01
  0.6030000E-01  0.4137294E-01
  0.6035000E-01  0.4170571E-01
  0.6040000E-01  0.4203810E-01
  0.6045000E-01  0.4236675E-01
  0.6050000E-01  0.4268614E-01
  0.6055000E-01  0.4298671E-01
  0.6060000E-01  0.4326547E-01
  0.6065000E-01  0.4352118E-01
  0.6070000E-01  0.4375071E-01
  0.6075000E-01  0.4395222E-01
  0.6080000E-01  0.4413955E-01
  0.6085000E-01  0.4432501E-01
  0.6090000E-01  0.4449318E-01
  0.6095000E-01  0.4462521E-01
  0.6100000E-01  0.4472606E-01
  0.6105000E-01  0.4481471E-01
  0.6110000E-01  0.4489896E-01
  0.6115000E-01  0.4497095E-01
  0.6120000E-01  0.4503139E-01
  0.6125000E-01  0.4509902E-01
  0.6130000E-01  0.4518745E-01
  0.6135000E-01  0.4529956E-01
  0.6140000E-01  0.4543992E-01
  0.6145000E-01  0.4560688E-01
  0.6150000E-01  0.4579639E-01
  0.6155000E-01  0.4601127E-01
  0.6160000E-01  0.4625392E-01
  0.6165000E-01  0.4653276E-01
  0.6170000E-01  0.4686421E-01
  0.6175000E-01  0.4725145E-01
  0.6180000E-01  0.4767426E-01
  0.6185000E-01  0.4811198E-01
  0.6190000E-01  0.4856784E-01
  0.6195000E-01  0.4906369E-01
  0.6200000E-01  0.4960585E-01
  0.6205000E-01  0.5016799E-01
  0.6210000E-01  0.5071565E-01
  0.6215000E-01  0.5123217E-01
  0.6220000E-01  0.5171789E-01
  0.6225000E-01  0.5218144E-01
  0.6230000E-01  0.5263485E-01
  0.6235000E-01  0.5308848E-01
  0.6240000E-01  0.5355259E-01
  0.6245000E-01  0.5403410E-01
  0.6250000E-01  0.5452882E-01
  0.6255000E-01  0.5503359E-01
  0.6260000E-01  0.5555363E-01
  0.6265000E-01  0.5609237E-01
  0.6270000E-01  0.5664666E-01
  0.6275000E-01  0.5721187E-01
  0.6280000E-01  0.5777374E-01
  0.6285000E-01  0.5830363E-01
  0.6290000E-01  0.5878379E-01
  0.6295000E-01  0.5922268E-01
  0.6300000E-01  0.5963291E-01
  0.6305000E-01  0.6001492E-01
  0.6310000E-01  0.6036909E-01
  0.6315000E-01  0.6071318E-01
  0.6320000E-01  0.6107683E-01
  0.6325000E-01  0.6147457E-01
  0.6330000E-01  0.6191286E-01
  0.6335000E-01  0.6239562E-01
  0.6340000E-01  0.6291571E-01
  0.6345000E-01  0.6346961E-01
  0.6350000E-01  0.6405723E-01
  0.6355000E-01  0.6466861E-01
  0.6360000E-01  0.6529407E-01
  0.6365000E-01  0.6593019E-01
  0.6370000E-01  0.6656909E-01
  0.6375000E-01  0.6719574E-01
  0.6380000E-01  0.6779852E-01
  0.6385000E-01  0.6837215E-01
  0.6390000E-01  0.6892326E-01
  0.6395000E-01  0.6945171E-01
  0.6400000E-01  0.6994691E-01
  0.6405000E-01  0.7040705E-01
  0.6410000E-01  0.7081442E-01
  0.6415000E-01  0.7113724E-01
  0.6420000E-01  0.7137057E-01
  0.6425000E-01  0.7154327E-01
  0.6430000E-01  0.7168450E-01
  0.6435000E-01  0.7181138E-01
  0.6440000E-01  0.7194471E-01
  0.6445000E-01  0.7211748E-01
  0.6450000E-01  0.7234822E-01
  0.6455000E-01  0.7263724E-01
  0.6460000E-01  0.7297846E-01
  0.6465000E-01  0.7335366E-01
  0.6470000E-01  0.7376550E-01
  0.6475000E-01  0.7423755E-01
  0.6480000E-01  0.7476407E-01
  0.6485000E-01  0.7530837E-01
  0.6490000E-01  0.7582414E-01
  0.6495000E-01  0.7629616E-01
  0.6500000E-01  0.7675654E-01
  0.6505000E-01  0.7723461E-01
  0.6510000E-01  0.7772859E-01
  0.6515000E-01  0.7821833E-01
  0.6520000E-01  0.7869206E-01
  0.6525000E-01  0.7915611E-01
  0.6530000E-01  0.7961441E-01
  0.6535000E-01  0.8005401E-01
  0.6540000E-01  0.8045294E-01
  0.6545000E-01  0.8080002E-01
  0.6550000E-01  0.8109971E-01
  0.6555000E-01  0.8135315E-01
  0.6560000E-01  0.8156829E-01
  0.6565000E-01  0.8176668E-01
  0.6570000E-01  0.8196745E-01
  0.6575000E-01  0.8217826E-01
  0.6580000E-01  0.8238968E-01
  0.6585000E-01  0.8260347E-01
  0.6590000E-01  0.8284447E-01
  0.6595000E-01  0.8312386E-01
  0.6600000E-01  0.8343560E-01
  0.6605000E-01  0.8377835E-01
  0.6610000E-01  0.8415578E-01
  0.6615000E-01  0.8457997E-01
  0.6620000E-01  0.8507842E-01
  0.6625000E-01  0.8566644E-01
  0.6630000E-01  0.8633329E-01
  0.6635000E-01  0.8707148E-01
  0.6640000E-01  0.8788035E-01
  0.6645000E-01  0.8876946E-01
  0.6650000E-01  0.8974122E-01
  0.6655000E-01  0.9075274E-01
  0.6660000E-01  0.9172982E-01
  0.6665000E-01  0.9259882E-01
  0.6670000E-01  0.9332042E-01
  0.6675000E-01  0.9392399E-01
  0.6680000E-01  0.9447156E-01
  0.6685000E-01  0.9499098E-01
  0.6690000E-01  0.9552053E-01
  0.6695000E-01  0.9611911E-01
  0.6700000E-01  0.9680195E-01
  0.6705000E-01  0.9754559E-01
  0.6710000E-01  0.9831044E-01
  0.6715000E-01  0.9907516E-01
  0.6720000E-01  0.9984887E-01
  0.6725000E-01  0.1006201E+00
  0.6730000E-01  0.1013568E+00
  0.6735000E-01  0.1020529E+00
  0.6740000E-01  0.1027224E+00
  0.6745000E-01  0.1033723E+00
  0.6750000E-01  0.1040147E+00
  0.6755000E-01  0.1046547E+00
  0.6760000E-01  0.1052762E+00
  0.6765000E-01  0.1058648E+00
  0.6770000E-01  0.1064097E+00
  0.6775000E-01  0.1069089E+00
  0.6780000E-01  0.1073810E+00
  0.6785000E-01  0.1078587E+00
  0.6790000E-01  0.1083615E+00
  0.6795000E-01  0.1088819E+00
  0.6800000E-01  0.1093893E+00
  0.6805000E-01  0.1098457E+00
  0.6810000E-01  0.1102407E+00
  0.6815000E-01  0.1105856E+00
  0.6820000E-01  0.1108888E+00
  0.6825000E-01  0.1111613E+00
  0.6830000E-01  0.1114347E+00
  0.6835000E-01  0.1117517E+00
  0.6840000E-01  0.1121111E+00
  0.6845000E-01  0.1124634E+00
  0.6850000E-01  0.1127915E+00
  0.6855000E-01  0.1131154E+00
  0.6860000E-01  0.1134134E+00
  0.6865000E-01  0.1136480E+00
  0.6870000E-01  0.1138238E+00
  0.6875000E-01  0.1139650E+00
  0.6880000E-01  0.1140642E+00
  0.6885000E-01  0.1141006E+00
  0.6890000E-01  0.1141000E+00
  0.6895000E-01  0.1141082E+00
  0.6900000E-01  0.1141580E+00
  0.6905000E-01  0.1142689E+00
  0.6910000E-01  0.1144376E+00
  0.6915000E-01  0.1146598E+00
  0.6920000E-01  0.1149316E+00
  0.6925000E-01  0.1152219E+00
  0.6930000E-01  0.1154850E+00
  0.6935000E-01  0.1156901E+00
  0.6940000E-01  0.1158320E+00
  0.6945000E-01  0.1159180E+00
  0.6950000E-01  0.1159636E+00
  0.6955000E-01  0.1160120E+00
  0.6960000E-01  0.1161097E+00
  0.6965000E-01  0.1162696E+00
  0.6970000E-01  0.1164946E+00
  0.6975000E-01  0.1167960E+00
  0.6980000E-01  0.1171502E+00
  0.6985000E-01  0.1174989E+00
  0.6990000E-01  0.1178244E+00
  0.6995000E-01  0.1181417E+00
  0.7000000E-01  0.1184504E+00
  0.7005000E-01  0.1187528E+00
  0.7010000E-01  0.1190685E+00
  0.7015000E-01  0.1193916E+00
  0.7020000E-01  0.1196799E+00
  0.7025000E-01  0.1198938E+00
  0.7030000E-01  0.1200184E+00
  0.7035000E-01  0.1200553E+00
  0.7040000E-01  0.1200248E+00
  0.7045000E-01  0.1199751E+00
  0.7050000E-01  0.1199733E+00
  0.7055000E-01  0.1200781E+00
  0.7060000E-01  0.1203114E+00
  0.7065000E-01  0.1206459E+00
  0.7070000E-01  0.1210334E+00
  0.7075000E-01  0.1214332E+00
  0.7080000E-01  0.1218250E+00
  0.7085000E-01  0.1222294E+00
  0.7090000E-01  0.1226696E+00
  0.7095000E-01  0.1231317E+00
  0.7100000E-01  0.1235885E+00
  0.7105000E-01  0.1240422E+00
  0.7110000E-01  0.1245234E+00
  0.7115000E-01  0.1250356E+00
  0.7120000E-01  0.1255710E+00
  0.7125000E-01  0.1261484E+00
  0.7130000E-01  0.1267919E+00
  0.7135000E-01  0.1275263E+00
  0.7140000E-01  0.1283728E+00
  0.7145000E-01  0.1293499E+00
  0.7150000E-01  0.1304655E+00
  0.7155000E-01  0.1316914E+00
  0.7160000E-01  0.1329736E+00
  0.7165000E-01  0.1342251E+00
  0.7170000E-01  0.1353573E+00
  0.7175000E-01  0.1363254E+00
  0.7180000E-01  0.1371194E+00
  0.7185000E-01  0.1377720E+00
  0.7190000E-01  0.1383339E+00
  0.7195000E-01  0.1388399E+00
  0.7200000E-01  0.1393250E+00
  0.7205000E-01  0.1398396E+00
  0.7210000E-01  0.1404363E+00
  0.7215000E-01  0.1411516E+00
  0.7220000E-01  0.1420343E+00
  0.7225000E-01  0.1431000E+00
  0.7230000E-01  0.1443047E+00
  0.7235000E-01  0.1455952E+00
  0.7240000E-01  0.1469121E+00
  0.7245000E-01  0.1482125E+00
  0.7250000E-01  0.1494708E+00
  0.7255000E-01  0.1506772E+00
  0.7260000E-01  0.1518334E+00
  0.7265000E-01  0.1529629E+00
  0.7270000E-01  0.1541169E+00
  0.7275000E-01  0.1553269E+00
  0.7280000E-01  0.1566091E+00
  0.7285000E-01  0.1579807E+00
  0.7290000E-01  0.1593931E+00
  0.7295000E-01  0.1607818E+00
  0.7300000E-01  0.1621408E+00
  0.7305000E-01  0.1634546E+00
  0.7310000E-01  0.1646822E+00
  0.7315000E-01  0.1657934E+00
  0.7320000E-01  0.1667939E+00
  0.7325000E-01  0.1677107E+00
  0.7330000E-01  0.1685564E+00
  0.7335000E-01  0.1693302E+00
  0.7340000E-01  0.1700445E+00
  0.7345000E-01  0.1707285E+00
  0.7350000E-01  0.1714028E+00
  0.7355000E-01  0.1720705E+00
  0.7360000E-01  0.1727288E+00
  0.7365000E-01  0.1733921E+00
  0.7370000E-01  0.1741111E+00
  0.7375000E-01  0.1749411E+00
  0.7380000E-01  0.1759113E+00
  0.7385000E-01  0.1770114E+00
  0.7390000E-01  0.1781932E+00
  0.7395000E-01  0.1793849E+00
  0.7400000E-01  0.1805500E+00
  0.7405000E-01  0.1817258E+00
  0.7410000E-01  0.1829548E+00
  0.7415000E-01  0.1841924E+00
  0.7420000E-01  0.1853247E+00
  0.7425000E-01  0.1863252E+00
  0.7430000E-01  0.1872977E+00
  0.7435000E-01  0.1883022E+00
  0.7440000E-01  0.1893115E+00
  0.7445000E-01  0.1903069E+00
  0.7450000E-01  0.1912900E+00
  0.7455000E-01  0.1922710E+00
  0.7460000E-01  0.1932440E+00
  0.7465000E-01  0.1941575E+00
  0.7470000E-01  0.1949357E+00
  0.7475000E-01  0.1955189E+00
  0.7480000E-01  0.1959230E+00
  0.7485000E-01  0.1962624E+00
  0.7490000E-01  0.1966670E+00
  0.7495000E-01  0.1972287E+00
  0.7500000E-01  0.1979969E+00
  0.7505000E-01  0.1989777E+00
  0.7510000E-01  0.2001385E+00
  0.7515000E-01  0.2014461E+00
  0.7520000E-01  0.2028446E+00
  0.7525000E-01  0.2042178E+00
  0.7530000E-01  0.2054856E+00
  0.7535000E-01  0.2066385E+00
  0.7540000E-01  0.2076682E+00
  0.7545000E-01  0.2085385E+00
  0.7550000E-01  0.2092376E+00
  0.7555000E-01  0.2098023E+00
  0.7560000E-01  0.2102827E+00
  0.7565000E-01  0.2107001E+00
  0.7570000E-01  0.2110981E+00
  0.7575000E-01  0.2115548E+00
  0.7580000E-01  0.2120801E+00
  0.7585000E-01  0.2126682E+00
  0.7590000E-01  0.2133149E+00
  0.7595000E-01  0.2139906E+00
  0.7600000E-01  0.2146429E+00
  0.7605000E-01  0.2152140E+00
  0.7610000E-01  0.2156719E+00
  0.7615000E-01  0.2160203E+00
  0.7620000E-01  0.2163393E+00
  0.7625000E-01  0.2167626E+00
  0.7630000E-01  0.2173809E+00
  0.7635000E-01  0.2181932E+00
  0.7640000E-01  0.2192055E+00
  0.7645000E-01  0.2204395E+00
  0.7650000E-01  0.2218841E+00
  0.7655000E-01  0.2235161E+00
  0.7660000E-01  0.2252803E+00
  0.7665000E-01  0.2270960E+00
  0.7670000E-01  0.2289126E+00
  0.7675000E-01  0.2307214E+00
  0.7680000E-01  0.2325531E+00
  0.7685000E-01  0.2344203E+00
  0.7690000E-01  0.2362583E+00
  0.7695000E-01  0.2380483E+00
  0.7700000E-01  0.2398259E+00
  0.7705000E-01  0.2415489E+00
  0.7710000E-01  0.2431405E+00
  0.7715000E-01  0.2445657E+00
  0.7720000E-01  0.2458116E+00
  0.7725000E-01  0.2468870E+00
  0.7730000E-01  0.2478585E+00
  0.7735000E-01  0.2487783E+00
  0.7740000E-01  0.2496404E+00
  0.7745000E-01  0.2504443E+00
  0.7750000E-01  0.2512296E+00
  0.7755000E-01  0.2520820E+00
  0.7760000E-01  0.2530801E+00
  0.7765000E-01  0.2542566E+00
  0.7770000E-01  0.2556269E+00
  0.7775000E-01  0.2572296E+00
  0.7780000E-01  0.2590420E+00
  0.7785000E-01  0.2609734E+00
  0.7790000E-01  0.2629434E+00
  0.7795000E-01  0.2649012E+00
  0.7800000E-01  0.2668189E+00
  0.7805000E-01  0.2686352E+00
  0.7810000E-01  0.2702832E+00
  0.7815000E-01  0.2718128E+00
  0.7820000E-01  0.2733071E+00
  0.7825000E-01  0.2748386E+00
  0.7830000E-01  0.2764897E+00
  0.7835000E-01  0.2782136E+00
  0.7840000E-01  0.2799171E+00
  0.7845000E-01  0.2816007E+00
  0.7850000E-01  0.2833744E+00
  0.7855000E-01  0.2853114E+00
  0.7860000E-01  0.2873630E+00
  0.7865000E-01  0.2894513E+00
  0.7870000E-01  0.2915067E+00
  0.7875000E-01  0.2934423E+00
  0.7880000E-01  0.2951799E+00
  0.7885000E-01  0.2967255E+00
  0.7890000E-01  0.2981266E+00
  0.7895000E-01  0.2993620E+00
  0.7900000E-01  0.3003810E+00
  0.7905000E-01  0.3011964E+00
  0.7910000E-01  0.3018476E+00
  0.7915000E-01  0.3023945E+00
  0.7920000E-01  0.3029206E+00
  0.7925000E-01  0.3034200E+00
  0.7930000E-01  0.3038248E+00
  0.7935000E-01  0.3041566E+00
  0.7940000E-01  0.3044964E+00
  0.7945000E-01  0.3049461E+00
  0.7950000E-01  0.3055603E+00
  0.7955000E-01  0.3062831E+00
  0.7960000E-01  0.3070573E+00
  0.7965000E-01  0.3078890E+00
  0.7970000E-01  0.3087404E+00
  0.7975000E-01  0.3095291E+00
  0.7980000E-01  0.3102710E+00
  0.7985000E-01  0.3109804E+00
  0.7990000E-01  0.3115407E+00
  0.7995000E-01  0.3117767E+00
  0.8000000E-01  0.3116164E+00
  0.8005000E-01  0.3111707E+00
  0.8010000E-01  0.3105561E+00
  0.8015000E-01  0.3098722E+00
  0.8020000E-01  0.3092652E+00
  0.8025000E-01  0.3088169E+00
  0.8030000E-01  0.3085844E+00
  0.8035000E-01  0.3086117E+00
  0.8040000E-01  0.3088832E+00
  0.8045000E-01  0.3093938E+00
  0.8050000E-01  0.3101707E+00
  0.8055000E-01  0.3112533E+00
  0.8060000E-01  0.3126426E+00
  0.8065000E-01  0.3142691E+00
  0.8070000E-01  0.3160528E+00
  0.8075000E-01  0.3179264E+00
  0.8080000E-01  0.3198214E+00
  0.8085000E-01  0.3215980E+00
  0.8090000E-01  0.3231235E+00
  0.8095000E-01  0.3244567E+00
  0.8100000E-01  0.3257485E+00
  0.8105000E-01  0.3270572E+00
  0.8110000E-01  0.3283452E+00
  0.8115000E-01  0.3296504E+00
  0.8120000E-01  0.3310427E+00
  0.8125000E-01  0.3324817E+00
  0.8130000E-01  0.3339107E+00
  0.8135000E-01  0.3353670E+00
  0.8140000E-01  0.3369478E+00
  0.8145000E-01  0.3386926E+00
  0.8150000E-01  0.3405364E+00
  0.8155000E-01  0.3422675E+00
  0.8160000E-01  0.3437441E+00
  0.8165000E-01  0.3450327E+00
  0.8170000E-01  0.3462521E+00
  0.8175000E-01  0.3474942E+00
  0.8180000E-01  0.3487886E+00
  0.8185000E-01  0.3501548E+00
  0.8190000E-01  0.3516810E+00
  0.8195000E-01  0.3534531E+00
  0.8200000E-01  0.3554577E+00
  0.8205000E-01  0.3576746E+00
  0.8210000E-01  0.3600315E+00
  0.8215000E-01  0.3623431E+00
  0.8220000E-01  0.3644722E+00
  0.8225000E-01  0.3664225E+00
  0.8230000E-01  0.3683031E+00
  0.8235000E-01  0.3702059E+00
  0.8240000E-01  0.3721475E+00
  0.8245000E-01  0.3740980E+00
  0.8250000E-01  0.3760400E+00
  0.8255000E-01  0.3780567E+00
  0.8260000E-01  0.3802634E+00
  0.8265000E-01  0.3827539E+00
  0.8270000E-01  0.3855808E+00
  0.8275000E-01  0.3886915E+00
  0.8280000E-01  0.3919519E+00
  0.8285000E-01  0.3952188E+00
  0.8290000E-01  0.3984738E+00
  0.8295000E-01  0.4017594E+00
  0.8300000E-01  0.4050002E+00
  0.8305000E-01  0.4081191E+00
  0.8310000E-01  0.4111083E+00
  0.8315000E-01  0.4139070E+00
  0.8320000E-01  0.4165255E+00
  0.8325000E-01  0.4189788E+00
  0.8330000E-01  0.4211857E+00
  0.8335000E-01  0.4232901E+00
  0.8340000E-01  0.4255372E+00
  0.8345000E-01  0.4280267E+00
  0.8350000E-01  0.4308557E+00
  0.8355000E-01  0.4340583E+00
  0.8360000E-01  0.4375016E+00
  0.8365000E-01  0.4411537E+00
  0.8370000E-01  0.4451578E+00
  0.8375000E-01  0.4495210E+00
  0.8380000E-01  0.4541103E+00
  0.8385000E-01  0.4587057E+00
  0.8390000E-01  0.4631607E+00
  0.8395000E-01  0.4675146E+00
  0.8400000E-01  0.4717669E+00
  0.8405000E-01  0.4758944E+00
  0.8410000E-01  0.4798371E+00
  0.8415000E-01  0.4834807E+00
  0.8420000E-01  0.4868845E+00
  0.8425000E-01  0.4902784E+00
  0.8430000E-01  0.4938457E+00
  0.8435000E-01  0.4975323E+00
  0.8440000E-01  0.5012540E+00
  0.8445000E-01  0.5050414E+00
  0.8450000E-01  0.5088592E+00
  0.8455000E-01  0.5125792E+00
  0.8460000E-01  0.5160654E+00
  0.8465000E-01  0.5192432E+00
  0.8470000E-01  0.5221036E+00
  0.8475000E-01  0.5246394E+00
  0.8480000E-01  0.5269278E+00
  0.8485000E-01  0.5291986E+00
  0.8490000E-01  0.5315561E+00
  0.8495000E-01  0.5339110E+00
  0.8500000E-01  0.5362593E+00
  0.8505000E-01  0.5387265E+00
  0.8510000E-01  0.5413529E+00
  0.8515000E-01  0.5440572E+00
  0.8520000E-01  0.5467820E+00
  0.8525000E-01  0.5494556E+00
  0.8530000E-01  0.5519363E+00
  0.8535000E-01  0.5541396E+00
  0.8540000E-01  0.5561910E+00
  0.8545000E-01  0.5583200E+00
  0.8550000E-01  0.5606300E+00
  0.8555000E-01  0.5631536E+00
  0.8560000E-01  0.5658303E+00
  0.8565000E-01  0.5686163E+00
  0.8570000E-01  0.5716087E+00
  0.8575000E-01  0.5748231E+00
  0.8580000E-01  0.5782889E+00
  0.8585000E-01  0.5821114E+00
  0.8590000E-01  0.5863252E+00
  0.8595000E-01  0.5909320E+00
  0.8600000E-01  0.5958317E+00
  0.8605000E-01  0.6008923E+00
  0.8610000E-01  0.6060585E+00
  0.8615000E-01  0.6113993E+00
  0.8620000E-01  0.6170448E+00
  0.8625000E-01  0.6230785E+00
  0.8630000E-01  0.6295565E+00
  0.8635000E-01  0.6362946E+00
  0.8640000E-01  0.6428222E+00
  0.8645000E-01  0.6487884E+00
  0.8650000E-01  0.6542770E+00
  0.8655000E-01  0.6594577E+00
  0.8660000E-01  0.6643300E+00
  0.8665000E-01  0.6689501E+00
  0.8670000E-01  0.6734839E+00
  0.8675000E-01  0.6780222E+00
  0.8680000E-01  0.6824364E+00
  0.8685000E-01  0.6867055E+00
  0.8690000E-01  0.6909324E+00
  0.8695000E-01  0.6950214E+00
  0.8700000E-01  0.6987555E+00
  0.8705000E-01  0.7019330E+00
  0.8710000E-01  0.7046015E+00
  0.8715000E-01  0.7070861E+00
  0.8720000E-01  0.7095418E+00
  0.8725000E-01  0.7119491E+00
  0.8730000E-01  0.7142473E+00
  0.8735000E-01  0.7161138E+00
  0.8740000E-01  0.7173065E+00
  0.8745000E-01  0.7180132E+00
  0.8750000E-01  0.7185450E+00
  0.8755000E-01  0.7190448E+00
  0.8760000E-01  0.7195532E+00
  0.8765000E-01  0.7201236E+00
  0.8770000E-01  0.7208698E+00
  0.8775000E-01  0.7219173E+00
  0.8780000E-01  0.7234103E+00
  0.8785000E-01  0.7255289E+00
  0.8790000E-01  0.7282331E+00
  0.8795000E-01  0.7311978E+00
  0.8800000E-01  0.7341017E+00
  0.8805000E-01  0.7370047E+00
  0.8810000E-01  0.7401556E+00
  0.8815000E-01  0.7435645E+00
  0.8820000E-01  0.7471310E+00
  0.8825000E-01  0.7507085E+00
  0.8830000E-01  0.7542192E+00
  0.8835000E-01  0.7576872E+00
  0.8840000E-01  0.7610028E+00
  0.8845000E-01  0.7641737E+00
  0.8850000E-01  0.7674947E+00
  0.8855000E-01  0.7712648E+00
  0.8860000E-01  0.7756153E+00
  0.8865000E-01  0.7805122E+00
  0.8870000E-01  0.7858133E+00
  0.8875000E-01  0.7914032E+00
  0.8880000E-01  0.7973440E+00
  0.8885000E-01  0.8036712E+00
  0.8890000E-01  0.8102688E+00
  0.8895000E-01  0.8172023E+00
  0.8900000E-01  0.8244884E+00
  0.8905000E-01  0.8318748E+00
  0.8910000E-01  0.8393834E+00
  0.8915000E-01  0.8471238E+00
  0.8920000E-01  0.8550674E+00
  0.8925000E-01  0.8632843E+00
  0.8930000E-01  0.8715591E+00
  0.8935000E-01  0.8794923E+00
  0.8940000E-01  0.8869203E+00
  0.8945000E-01  0.8938416E+00
  0.8950000E-01  0.9004298E+00
  0.8955000E-01  0.9069474E+00
  0.8960000E-01  0.9134251E+00
  0.8965000E-01  0.9197508E+00
  0.8970000E-01  0.9259123E+00
  0.8975000E-01  0.9319353E+00
  0.8980000E-01  0.9379537E+00
  0.8985000E-01  0.9441831E+00
  0.8990000E-01  0.9505721E+00
  0.8995000E-01  0.9569837E+00
  0.9000000E-01  0.9633770E+00
  0.9005000E-01  0.9695825E+00
  0.9010000E-01  0.9753984E+00
  0.9015000E-01  0.9807057E+00
  0.9020000E-01  0.9856391E+00
  0.9025000E-01  0.9905129E+00
  0.9030000E-01  0.9956480E+00
  0.9035000E-01  0.1001366E+01
  0.9040000E-01  0.1007717E+01
  0.9045000E-01  0.1014560E+01
  0.9050000E-01  0.1021782E+01
  0.9055000E-01  0.1029379E+01
  0.9060000E-01  0.1037230E+01
  0.9065000E-01  0.1045051E+01
  0.9070000E-01  0.1052691E+01
  0.9075000E-01  0.1060157E+01
  0.9080000E-01  0.1067770E+01
  0.9085000E-01  0.1075973E+01
  0.9090000E-01  0.1084861E+01
  0.9095000E-01  0.1094417E+01
  0.9100000E-01  0.1104671E+01
  0.9105000E-01  0.1115457E+01
  0.9110000E-01  0.1126562E+01
  0.9115000E-01  0.1137753E+01
  0.9120000E-01  0.1148799E+01
  0.9125000E-01  0.1159696E+01
  0.9130000E-01  0.1170496E+01
  0.9135000E-01  0.1181173E+01
  0.9140000E-01  0.1191706E+01
  0.9145000E-01  0.1202118E+01
  0.9150000E-01  0.1212557E+01
  0.9155000E-01  0.1223071E+01
  0.9160000E-01  0.1233429E+01
  0.9165000E-01  0.1243465E+01
  0.9170000E-01  0.1253242E+01
  0.9175000E-01  0.1262841E+01
  0.9180000E-01  0.1272223E+01
  0.9185000E-01  0.1281331E+01
  0.9190000E-01  0.1290144E+01
  0.9195000E-01  0.1298804E+01
  0.9200000E-01  0.1307539E+01
  0.9205000E-01  0.1316463E+01
  0.9210000E-01  0.1325738E+01
  0.9215000E-01  0.1335527E+01
  0.9220000E-01  0.1345965E+01
  0.9225000E-01  0.1357004E+01
  0.9230000E-01  0.1368359E+01
  0.9235000E-01  0.1379752E+01
  0.9240000E-01  0.1391024E+01
  0.9245000E-01  0.1402180E+01
  0.9250000E-01  0.1413085E+01
  0.9255000E-01  0.1423408E+01
  0.9260000E-01  0.1433109E+01
  0.9265000E-01  0.1442464E+01
  0.9270000E-01  0.1451850E+01
  0.9275000E-01  0.1461490E+01
  0.9280000E-01  0.1471434E+01
  0.9285000E-01  0.1482019E+01
  0.9290000E-01  0.1493529E+01
  0.9295000E-01  0.1505783E+01
  0.9300000E-01  0.1518398E+01
  0.9305000E-01  0.1530770E+01
  0.9310000E-01  0.1542533E+01
  0.9315000E-01  0.1553844E+01
  0.9320000E-01  0.1565131E+01
  0.9325000E-01  0.1577152E+01
  0.9330000E-01  0.1590628E+01
  0.9335000E-01  0.1605695E+01
  0.9340000E-01  0.1622127E+01
  0.9345000E-01  0.1639804E+01
  0.9350000E-01  0.1658605E+01
  0.9355000E-01  0.1678322E+01
  0.9360000E-01  0.1698572E+01
  0.9365000E-01  0.1718885E+01
  0.9370000E-01  0.1738772E+01
  0.9375000E-01  0.1758161E+01
  0.9380000E-01  0.1777543E+01
  0.9385000E-01  0.1797214E+01
  0.9390000E-01  0.1817171E+01
  0.9395000E-01  0.1837514E+01
  0.9400000E-01  0.1858520E+01
  0.9405000E-01  0.1880168E+01
  0.9410000E-01  0.1901951E+01
  0.9415000E-01  0.1923409E+01
  0.9420000E-01  0.1944469E+01
  0.9425000E-01  0.1965180E+01
  0.9430000E-01  0.1985785E+01
  0.9435000E-01  0.2006656E+01
  0.9440000E-01  0.2027773E+01
  0.9445000E-01  0.2049082E+01
  0.9450000E-01  0.2070760E+01
  0.9455000E-01  0.2093252E+01
  0.9460000E-01  0.2117193E+01
  0.9465000E-01  0.2142657E+01
  0.9470000E-01  0.2169353E+01
  0.9475000E-01  0.2197473E+01
  0.9480000E-01  0.2227256E+01
  0.9485000E-01  0.2258276E+01
  0.9490000E-01  0.2289947E+01
  0.9495000E-01  0.2322564E+01
  0.9500000E-01  0.2356941E+01
  0.9505000E-01  0.2393194E+01
  0.9510000E-01  0.2431082E+01
  0.9515000E-01  0.2470299E+01
  0.9520000E-01  0.2510342E+01
  0.9525000E-01  0.2550876E+01
  0.9530000E-01  0.2591712E+01
  0.9535000E-01  0.2632888E+01
  0.9540000E-01  0.2674368E+01
  0.9545000E-01  0.2716452E+01
  0.9550000E-01  0.2759729E+01
  0.9555000E-01  0.2804446E+01
  0.9560000E-01  0.2850806E+01
  0.9565000E-01  0.2898648E+01
  0.9570000E-01  0.2947631E+01
  0.9575000E-01  0.2997776E+01
  0.9580000E-01  0.3048898E+01
  0.9585000E-01  0.3100269E+01
  0.9590000E-01  0.3151237E+01
  0.9595000E-01  0.3201638E+01
  0.9600000E-01  0.3251905E+01
  0.9605000E-01  0.3302927E+01
  0.9610000E-01  0.3354974E+01
  0.9615000E-01  0.3407489E+01
  0.9620000E-01  0.3459799E+01
  0.9625000E-01  0.3511762E+01
  0.9630000E-01  0.3563563E+01
  0.9635000E-01  0.3615386E+01
  0.9640000E-01  0.3667431E+01
  0.9645000E-01  0.3719715E+01
  0.9650000E-01  0.3772159E+01
  0.9655000E-01  0.3824626E+01
  0.9660000E-01  0.3877071E+01
  0.9665000E-01  0.3929486E+01
  0.9670000E-01  0.3982094E+01
  0.9675000E-01  0.4035430E+01
  0.9680000E-01  0.4089666E+01
  0.9685000E-01  0.4144379E+01
  0.9690000E-01  0.4199131E+01
  0.9695000E-01  0.4253706E+01
  0.9700000E-01  0.4308128E+01
  0.9705000E-01  0.4362919E+01
  0.9710000E-01  0.4418823E+01
  0.9715000E-01  0.4476562E+01
  0.9720000E-01  0.4536599E+01
  0.9725000E-01  0.4599251E+01
  0.9730000E-01  0.4664404E+01
  0.9735000E-01  0.4731794E+01
  0.9740000E-01  0.4801527E+01
  0.9745000E-01  0.4874356E+01
  0.9750000E-01  0.4951463E+01
  0.9755000E-01  0.5034128E+01
  0.9760000E-01  0.5124332E+01
  0.9765000E-01  0.5224774E+01
  0.9770000E-01  0.5337531E+01
  0.9775000E-01  0.5464334E+01
  0.9780000E-01  0.5608175E+01
  0.9785000E-01  0.5773396E+01
  0.9790000E-01  0.5964226E+01
  0.9795000E-01  0.6184568E+01
  0.9800000E-01  0.6438535E+01
  0.9805000E-01  0.6730556E+01
  0.9810000E-01  0.7064756E+01
  0.9815000E-01  0.7444336E+01
  0.9820000E-01  0.7871322E+01
  0.9825000E-01  0.8346661E+01
  0.9830000E-01  0.8869456E+01
  0.9835000E-01  0.9436670E+01
  0.9840000E-01  0.1004302E+02
  0.9845000E-01  0.1068099E+02
  0.9850000E-01  0.1134050E+02
  0.9855000E-01  0.1200843E+02
  0.9860000E-01  0.1266952E+02
  0.9865000E-01  0.1330738E+02
  0.9870000E-01  0.1390498E+02
  0.9875000E-01  0.1444462E+02
  0.9880000E-01  0.1490846E+02
  0.9885000E-01  0.1527883E+02
  0.9890000E-01  0.1553853E+02
  0.9895000E-01  0.1567104E+02
  0.9900000E-01  0.1566092E+02
  0.9905000E-01  0.1549426E+02
  0.9910000E-01  0.1515954E+02
  0.9915000E-01  0.1464868E+02
  0.9920000E-01  0.1395806E+02
  0.9925000E-01  0.1308995E+02
  0.9930000E-01  0.1205403E+02
  0.9935000E-01  0.1086877E+02
  0.9940000E-01  0.9562674E+01
  0.9945000E-01  0.8174973E+01
  0.9950000E-01  0.6754744E+01
  0.9955000E-01  0.5357556E+01
  0.9960000E-01  0.4041758E+01
  0.9965000E-01  0.2863431E+01
  0.9970000E-01  0.1869584E+01
  0.9975000E-01  0.1091748E+01
  0.9980000E-01  0.5406484E+00
  0.9985000E-01  0.2031174E+00
  0.9990000E-01  0.4227001E-01
  0.9995000E-01  0.0000000E+00
  0.1000000E+00  0.0000000E+00
