  0.0000000E+00  0.0000000E+00
  0.5000000E-04  0.3492338E-13
  0.1000000E-03  0.4274721E-01
  0.1500000E-03  0.2051127E+00
  0.2000000E-03  0.5448657E+00
  0.2500000E-03  0.1098449E+01
  0.3000000E-03  0.1879513E+01
  0.3500000E-03  0.2876982E+01
  0.4000000E-03  0.4058037E+01
  0.4500000E-03  0.5375296E+01
  0.5000000E-03  0.6772747E+01
  0.5500000E-03  0.8191644E+01
  0.6000000E-03  0.9576520E+01
  0.6500000E-03  0.1087913E+02
  0.7000000E-03  0.1206068E+02
  0.7500000E-03  0.1309279E+02
  0.8000000E-03  0.1395702E+02
  0.8500000E-03  0.1464385E+02
  0.9000000E-03  0.1515127E+02
  0.9500000E-03  0.1548313E+02
  0.1000000E-02  0.1564768E+02
  0.1050000E-02  0.1565636E+02
  0.1100000E-02  0.1552291E+02
  0.1150000E-02  0.1526269E+02
  0.1200000E-02  0.1489214E+02
  0.1250000E-02  0.1442853E+02
  0.1300000E-02  0.1388963E+02
  0.1350000E-02  0.1329345E+02
  0.1400000E-02  0.1265804E+02
  0.1450000E-02  0.1200079E+02
  0.1500000E-02  0.1133799E+02
  0.1550000E-02  0.1068403E+02
  0.1600000E-02  0.1005131E+02
  0.1650000E-02  0.9449961E+01
  0.1700000E-02  0.8887623E+01
  0.1750000E-02  0.8369210E+01
  0.1800000E-02  0.7897228E+01
  0.1850000E-02  0.7472390E+01
  0.1900000E-02  0.7093816E+01
  0.1950000E-02  0.6759558E+01
  0.2000000E-02  0.6466623E+01
  0.2050000E-02  0.6211129E+01
  0.2100000E-02  0.5988767E+01
  0.2150000E-02  0.5794930E+01
  0.2200000E-02  0.5624746E+01
  0.2250000E-02  0.5473926E+01
  0.2300000E-02  0.5339205E+01
  0.2350000E-02  0.5218617E+01
  0.2400000E-02  0.5110761E+01
  0.2450000E-02  0.5013960E+01
  0.2500000E-02  0.4926391E+01
  0.2550000E-02  0.4846361E+01
  0.2600000E-02  0.4772365E+01
  0.2650000E-02  0.4703040E+01
  0.2700000E-02  0.4637181E+01
  0.2750000E-02  0.4573979E+01
  0.2800000E-02  0.4513203E+01
  0.2850000E-02  0.4454748E+01
  0.2900000E-02  0.4398138E+01
  0.2950000E-02  0.4342744E+01
  0.3000000E-02  0.4288142E+01
  0.3050000E-02  0.4234358E+01
  0.3100000E-02  0.4181126E+01
  0.3150000E-02  0.4127923E+01
  0.3200000E-02  0.4074460E+01
  0.3250000E-02  0.4020704E+01
  0.3300000E-02  0.3966810E+01
  0.3350000E-02  0.3913041E+01
  0.3400000E-02  0.3859381E+01
  0.3450000E-02  0.3805335E+01
  0.3500000E-02  0.3750366E+01
  0.3550000E-02  0.3694415E+01
  0.3600000E-02  0.3637843E+01
  0.3650000E-02  0.3580987E+01
  0.3700000E-02  0.3523898E+01
  0.3750000E-02  0.3466666E+01
  0.3800000E-02  0.3409858E+01
  0.3850000E-02  0.3354159E+01
  0.3900000E-02  0.3300076E+01
  0.3950000E-02  0.3248089E+01
  0.4000000E-02  0.3198036E+01
  0.4050000E-02  0.3149037E+01
  0.4100000E-02  0.3100503E+01
  0.4150000E-02  0.3052981E+01
  0.4200000E-02  0.3007103E+01
  0.4250000E-02  0.2962845E+01
  0.4300000E-02  0.2919732E+01
  0.4350000E-02  0.2877192E+01
  0.4400000E-02  0.2835060E+01
  0.4450000E-02  0.2793205E+01
  0.4500000E-02  0.2751505E+01
  0.4550000E-02  0.2709954E+01
  0.4600000E-02  0.2668850E+01
  0.4650000E-02  0.2628531E+01
  0.4700000E-02  0.2588839E+01
  0.4750000E-02  0.2549519E+01
  0.4800000E-02  0.2510381E+01
  0.4850000E-02  0.2471492E+01
  0.4900000E-02  0.2433479E+01
  0.4950000E-02  0.2396758E+01
  0.5000000E-02  0.2361094E+01
  0.5050000E-02  0.2326439E+01
  0.5100000E-02  0.2292884E+01
  0.5150000E-02  0.2260727E+01
  0.5200000E-02  0.2230386E+01
  0.5250000E-02  0.2201586E+01
  0.5300000E-02  0.2174087E+01
  0.5350000E-02  0.2148146E+01
  0.5400000E-02  0.2123869E+01
  0.5450000E-02  0.2101173E+01
  0.5500000E-02  0.2079732E+01
  0.5550000E-02  0.2059012E+01
  0.5600000E-02  0.2038624E+01
  0.5650000E-02  0.2018474E+01
  0.5700000E-02  0.1998661E+01
  0.5750000E-02  0.1979547E+01
  0.5800000E-02  0.1961552E+01
  0.5850000E-02  0.1944688E+01
  0.5900000E-02  0.1928541E+01
  0.5950000E-02  0.1912703E+01
  0.6000000E-02  0.1896950E+01
  0.6050000E-02  0.1880824E+01
  0.6100000E-02  0.1864032E+01
  0.6150000E-02  0.1846782E+01
  0.6200000E-02  0.1829178E+01
  0.6250000E-02  0.1811202E+01
  0.6300000E-02  0.1793031E+01
  0.6350000E-02  0.1774695E+01
  0.6400000E-02  0.1755979E+01
  0.6450000E-02  0.1737025E+01
  0.6500000E-02  0.1718217E+01
  0.6550000E-02  0.1699860E+01
  0.6600000E-02  0.1681950E+01
  0.6650000E-02  0.1664053E+01
  0.6700000E-02  0.1646017E+01
  0.6750000E-02  0.1628178E+01
  0.6800000E-02  0.1610768E+01
  0.6850000E-02  0.1593961E+01
  0.6900000E-02  0.1578085E+01
  0.6950000E-02  0.1563212E+01
  0.7000000E-02  0.1549214E+01
  0.7050000E-02  0.1535925E+01
  0.7100000E-02  0.1522937E+01
  0.7150000E-02  0.1509804E+01
  0.7200000E-02  0.1496300E+01
  0.7250000E-02  0.1482336E+01
  0.7300000E-02  0.1467945E+01
  0.7350000E-02  0.1453453E+01
  0.7400000E-02  0.1439151E+01
  0.7450000E-02  0.1425050E+01
  0.7500000E-02  0.1411086E+01
  0.7550000E-02  0.1397235E+01
  0.7600000E-02  0.1383597E+01
  0.7650000E-02  0.1370148E+01
  0.7700000E-02  0.1356724E+01
  0.7750000E-02  0.1343535E+01
  0.7800000E-02  0.1330947E+01
  0.7850000E-02  0.1318677E+01
  0.7900000E-02  0.1306007E+01
  0.7950000E-02  0.1292637E+01
  0.8000000E-02  0.1278813E+01
  0.8050000E-02  0.1264895E+01
  0.8100000E-02  0.1250860E+01
  0.8150000E-02  0.1236550E+01
  0.8200000E-02  0.1222272E+01
  0.8250000E-02  0.1208576E+01
  0.8300000E-02  0.1195751E+01
  0.8350000E-02  0.1183771E+01
  0.8400000E-02  0.1172636E+01
  0.8450000E-02  0.1162343E+01
  0.8500000E-02  0.1152698E+01
  0.8550000E-02  0.1143564E+01
  0.8600000E-02  0.1134869E+01
  0.8650000E-02  0.1126513E+01
  0.8700000E-02  0.1118595E+01
  0.8750000E-02  0.1111059E+01
  0.8800000E-02  0.1103518E+01
  0.8850000E-02  0.1095862E+01
  0.8900000E-02  0.1088369E+01
  0.8950000E-02  0.1081380E+01
  0.9000000E-02  0.1075204E+01
  0.9050000E-02  0.1070025E+01
  0.9100000E-02  0.1065644E+01
  0.9150000E-02  0.1061685E+01
  0.9200000E-02  0.1057896E+01
  0.9250000E-02  0.1054098E+01
  0.9300000E-02  0.1050087E+01
  0.9350000E-02  0.1045743E+01
  0.9400000E-02  0.1040916E+01
  0.9450000E-02  0.1035415E+01
  0.9500000E-02  0.1029347E+01
  0.9550000E-02  0.1022813E+01
  0.9600000E-02  0.1015874E+01
  0.9650000E-02  0.1008685E+01
  0.9700000E-02  0.1001539E+01
  0.9750000E-02  0.9948431E+00
  0.9800000E-02  0.9887450E+00
  0.9850000E-02  0.9831872E+00
  0.9900000E-02  0.9779763E+00
  0.9950000E-02  0.9729669E+00
  0.1000000E-01  0.9682390E+00
  0.1005000E-01  0.9638436E+00
  0.1010000E-01  0.9595776E+00
  0.1015000E-01  0.9552346E+00
  0.1020000E-01  0.9508250E+00
  0.1025000E-01  0.9464812E+00
  0.1030000E-01  0.9423289E+00
  0.1035000E-01  0.9383202E+00
  0.1040000E-01  0.9342738E+00
  0.1045000E-01  0.9299913E+00
  0.1050000E-01  0.9252949E+00
  0.1055000E-01  0.9200293E+00
  0.1060000E-01  0.9141003E+00
  0.1065000E-01  0.9076435E+00
  0.1070000E-01  0.9010498E+00
  0.1075000E-01  0.8946134E+00
  0.1080000E-01  0.8884103E+00
  0.1085000E-01  0.8823609E+00
  0.1090000E-01  0.8762780E+00
  0.1095000E-01  0.8701381E+00
  0.1100000E-01  0.8640333E+00
  0.1105000E-01  0.8580376E+00
  0.1110000E-01  0.8522482E+00
  0.1115000E-01  0.8467590E+00
  0.1120000E-01  0.8415243E+00
  0.1125000E-01  0.8363909E+00
  0.1130000E-01  0.8311781E+00
  0.1135000E-01  0.8258158E+00
  0.1140000E-01  0.8202476E+00
  0.1145000E-01  0.8143507E+00
  0.1150000E-01  0.8081060E+00
  0.1155000E-01  0.8014926E+00
  0.1160000E-01  0.7945081E+00
  0.1165000E-01  0.7873142E+00
  0.1170000E-01  0.7802376E+00
  0.1175000E-01  0.7736147E+00
  0.1180000E-01  0.7676741E+00
  0.1185000E-01  0.7624302E+00
  0.1190000E-01  0.7576452E+00
  0.1195000E-01  0.7530921E+00
  0.1200000E-01  0.7486936E+00
  0.1205000E-01  0.7444018E+00
  0.1210000E-01  0.7401158E+00
  0.1215000E-01  0.7357541E+00
  0.1220000E-01  0.7313695E+00
  0.1225000E-01  0.7270838E+00
  0.1230000E-01  0.7230009E+00
  0.1235000E-01  0.7191190E+00
  0.1240000E-01  0.7154150E+00
  0.1245000E-01  0.7118889E+00
  0.1250000E-01  0.7085318E+00
  0.1255000E-01  0.7053520E+00
  0.1260000E-01  0.7023426E+00
  0.1265000E-01  0.6993993E+00
  0.1270000E-01  0.6963634E+00
  0.1275000E-01  0.6930125E+00
  0.1280000E-01  0.6889587E+00
  0.1285000E-01  0.6840305E+00
  0.1290000E-01  0.6785222E+00
  0.1295000E-01  0.6727189E+00
  0.1300000E-01  0.6667039E+00
  0.1305000E-01  0.6605761E+00
  0.1310000E-01  0.6544374E+00
  0.1315000E-01  0.6483250E+00
  0.1320000E-01  0.6421500E+00
  0.1325000E-01  0.6358206E+00
  0.1330000E-01  0.6293776E+00
  0.1335000E-01  0.6229381E+00
  0.1340000E-01  0.6166994E+00
  0.1345000E-01  0.6109548E+00
  0.1350000E-01  0.6059259E+00
  0.1355000E-01  0.6015712E+00
  0.1360000E-01  0.5977128E+00
  0.1365000E-01  0.5942369E+00
  0.1370000E-01  0.5910694E+00
  0.1375000E-01  0.5880819E+00
  0.1380000E-01  0.5850096E+00
  0.1385000E-01  0.5816153E+00
  0.1390000E-01  0.5778074E+00
  0.1395000E-01  0.5735909E+00
  0.1400000E-01  0.5689434E+00
  0.1405000E-01  0.5638040E+00
  0.1410000E-01  0.5582793E+00
  0.1415000E-01  0.5527254E+00
  0.1420000E-01  0.5476558E+00
  0.1425000E-01  0.5434411E+00
  0.1430000E-01  0.5401317E+00
  0.1435000E-01  0.5376538E+00
  0.1440000E-01  0.5359727E+00
  0.1445000E-01  0.5350065E+00
  0.1450000E-01  0.5345275E+00
  0.1455000E-01  0.5342889E+00
  0.1460000E-01  0.5341239E+00
  0.1465000E-01  0.5337977E+00
  0.1470000E-01  0.5331392E+00
  0.1475000E-01  0.5322444E+00
  0.1480000E-01  0.5312850E+00
  0.1485000E-01  0.5303860E+00
  0.1490000E-01  0.5296094E+00
  0.1495000E-01  0.5288370E+00
  0.1500000E-01  0.5278674E+00
  0.1505000E-01  0.5265783E+00
  0.1510000E-01  0.5249027E+00
  0.1515000E-01  0.5227513E+00
  0.1520000E-01  0.5200580E+00
  0.1525000E-01  0.5168831E+00
  0.1530000E-01  0.5133504E+00
  0.1535000E-01  0.5095626E+00
  0.1540000E-01  0.5055612E+00
  0.1545000E-01  0.5014891E+00
  0.1550000E-01  0.4975303E+00
  0.1555000E-01  0.4936756E+00
  0.1560000E-01  0.4897303E+00
  0.1565000E-01  0.4854189E+00
  0.1570000E-01  0.4806694E+00
  0.1575000E-01  0.4755903E+00
  0.1580000E-01  0.4703793E+00
  0.1585000E-01  0.4653796E+00
  0.1590000E-01  0.4608107E+00
  0.1595000E-01  0.4566495E+00
  0.1600000E-01  0.4528241E+00
  0.1605000E-01  0.4493038E+00
  0.1610000E-01  0.4461418E+00
  0.1615000E-01  0.4433633E+00
  0.1620000E-01  0.4408643E+00
  0.1625000E-01  0.4384933E+00
  0.1630000E-01  0.4361402E+00
  0.1635000E-01  0.4338076E+00
  0.1640000E-01  0.4314878E+00
  0.1645000E-01  0.4292579E+00
  0.1650000E-01  0.4273008E+00
  0.1655000E-01  0.4256745E+00
  0.1660000E-01  0.4242960E+00
  0.1665000E-01  0.4230233E+00
  0.1670000E-01  0.4217868E+00
  0.1675000E-01  0.4205055E+00
  0.1680000E-01  0.4191768E+00
  0.1685000E-01  0.4178929E+00
  0.1690000E-01  0.4164791E+00
  0.1695000E-01  0.4147666E+00
  0.1700000E-01  0.4127998E+00
  0.1705000E-01  0.4106203E+00
  0.1710000E-01  0.4083498E+00
  0.1715000E-01  0.4061282E+00
  0.1720000E-01  0.4040182E+00
  0.1725000E-01  0.4020148E+00
  0.1730000E-01  0.4001122E+00
  0.1735000E-01  0.3983433E+00
  0.1740000E-01  0.3967097E+00
  0.1745000E-01  0.3951629E+00
  0.1750000E-01  0.3936185E+00
  0.1755000E-01  0.3920375E+00
  0.1760000E-01  0.3903718E+00
  0.1765000E-01  0.3885982E+00
  0.1770000E-01  0.3867603E+00
  0.1775000E-01  0.3848474E+00
  0.1780000E-01  0.3828270E+00
  0.1785000E-01  0.3807619E+00
  0.1790000E-01  0.3787995E+00
  0.1795000E-01  0.3770667E+00
  0.1800000E-01  0.3756442E+00
  0.1805000E-01  0.3745094E+00
  0.1810000E-01  0.3734879E+00
  0.1815000E-01  0.3724314E+00
  0.1820000E-01  0.3713339E+00
  0.1825000E-01  0.3702617E+00
  0.1830000E-01  0.3692863E+00
  0.1835000E-01  0.3683878E+00
  0.1840000E-01  0.3675092E+00
  0.1845000E-01  0.3666794E+00
  0.1850000E-01  0.3659267E+00
  0.1855000E-01  0.3652510E+00
  0.1860000E-01  0.3645707E+00
  0.1865000E-01  0.3637539E+00
  0.1870000E-01  0.3627451E+00
  0.1875000E-01  0.3615992E+00
  0.1880000E-01  0.3604184E+00
  0.1885000E-01  0.3592542E+00
  0.1890000E-01  0.3581144E+00
  0.1895000E-01  0.3569379E+00
  0.1900000E-01  0.3556109E+00
  0.1905000E-01  0.3540929E+00
  0.1910000E-01  0.3523805E+00
  0.1915000E-01  0.3504577E+00
  0.1920000E-01  0.3483019E+00
  0.1925000E-01  0.3459171E+00
  0.1930000E-01  0.3434637E+00
  0.1935000E-01  0.3411189E+00
  0.1940000E-01  0.3390002E+00
  0.1945000E-01  0.3371786E+00
  0.1950000E-01  0.3356456E+00
  0.1955000E-01  0.3343617E+00
  0.1960000E-01  0.3332436E+00
  0.1965000E-01  0.3321946E+00
  0.1970000E-01  0.3311978E+00
  0.1975000E-01  0.3303332E+00
  0.1980000E-01  0.3297850E+00
  0.1985000E-01  0.3296721E+00
  0.1990000E-01  0.3298672E+00
  0.1995000E-01  0.3301191E+00
  0.2000000E-01  0.3301831E+00
  0.2005000E-01  0.3298939E+00
  0.2010000E-01  0.3291824E+00
  0.2015000E-01  0.3280376E+00
  0.2020000E-01  0.3265497E+00
  0.2025000E-01  0.3248780E+00
  0.2030000E-01  0.3231161E+00
  0.2035000E-01  0.3212161E+00
  0.2040000E-01  0.3191025E+00
  0.2045000E-01  0.3168033E+00
  0.2050000E-01  0.3143953E+00
  0.2055000E-01  0.3119232E+00
  0.2060000E-01  0.3094088E+00
  0.2065000E-01  0.3069229E+00
  0.2070000E-01  0.3045973E+00
  0.2075000E-01  0.3024875E+00
  0.2080000E-01  0.3005455E+00
  0.2085000E-01  0.2987013E+00
  0.2090000E-01  0.2968564E+00
  0.2095000E-01  0.2949621E+00
  0.2100000E-01  0.2930957E+00
  0.2105000E-01  0.2914238E+00
  0.2110000E-01  0.2900766E+00
  0.2115000E-01  0.2890235E+00
  0.2120000E-01  0.2881339E+00
  0.2125000E-01  0.2872017E+00
  0.2130000E-01  0.2859583E+00
  0.2135000E-01  0.2842826E+00
  0.2140000E-01  0.2822730E+00
  0.2145000E-01  0.2800887E+00
  0.2150000E-01  0.2778315E+00
  0.2155000E-01  0.2755443E+00
  0.2160000E-01  0.2732099E+00
  0.2165000E-01  0.2707848E+00
  0.2170000E-01  0.2682516E+00
  0.2175000E-01  0.2656665E+00
  0.2180000E-01  0.2631415E+00
  0.2185000E-01  0.2607027E+00
  0.2190000E-01  0.2583326E+00
  0.2195000E-01  0.2560473E+00
  0.2200000E-01  0.2538452E+00
  0.2205000E-01  0.2517783E+00
  0.2210000E-01  0.2499592E+00
  0.2215000E-01  0.2484268E+00
  0.2220000E-01  0.2471077E+00
  0.2225000E-01  0.2459150E+00
  0.2230000E-01  0.2448378E+00
  0.2235000E-01  0.2439121E+00
  0.2240000E-01  0.2431645E+00
  0.2245000E-01  0.2425893E+00
  0.2250000E-01  0.2421514E+00
  0.2255000E-01  0.2418023E+00
  0.2260000E-01  0.2414695E+00
  0.2265000E-01  0.2410813E+00
  0.2270000E-01  0.2406217E+00
  0.2275000E-01  0.2400929E+00
  0.2280000E-01  0.2394054E+00
  0.2285000E-01  0.2385171E+00
  0.2290000E-01  0.2374976E+00
  0.2295000E-01  0.2363968E+00
  0.2300000E-01  0.2352184E+00
  0.2305000E-01  0.2339663E+00
  0.2310000E-01  0.2326632E+00
  0.2315000E-01  0.2313108E+00
  0.2320000E-01  0.2299402E+00
  0.2325000E-01  0.2285896E+00
  0.2330000E-01  0.2272606E+00
  0.2335000E-01  0.2259687E+00
  0.2340000E-01  0.2247526E+00
  0.2345000E-01  0.2236126E+00
  0.2350000E-01  0.2225076E+00
  0.2355000E-01  0.2214925E+00
  0.2360000E-01  0.2207186E+00
  0.2365000E-01  0.2202497E+00
  0.2370000E-01  0.2199899E+00
  0.2375000E-01  0.2197827E+00
  0.2380000E-01  0.2195316E+00
  0.2385000E-01  0.2191625E+00
  0.2390000E-01  0.2186197E+00
  0.2395000E-01  0.2179513E+00
  0.2400000E-01  0.2171958E+00
  0.2405000E-01  0.2163517E+00
  0.2410000E-01  0.2154522E+00
  0.2415000E-01  0.2145234E+00
  0.2420000E-01  0.2136050E+00
  0.2425000E-01  0.2127697E+00
  0.2430000E-01  0.2120764E+00
  0.2435000E-01  0.2114887E+00
  0.2440000E-01  0.2109039E+00
  0.2445000E-01  0.2102537E+00
  0.2450000E-01  0.2095651E+00
  0.2455000E-01  0.2089161E+00
  0.2460000E-01  0.2082891E+00
  0.2465000E-01  0.2076288E+00
  0.2470000E-01  0.2069514E+00
  0.2475000E-01  0.2062898E+00
  0.2480000E-01  0.2056086E+00
  0.2485000E-01  0.2048664E+00
  0.2490000E-01  0.2040970E+00
  0.2495000E-01  0.2033529E+00
  0.2500000E-01  0.2026482E+00
  0.2505000E-01  0.2019449E+00
  0.2510000E-01  0.2011909E+00
  0.2515000E-01  0.2003550E+00
  0.2520000E-01  0.1994604E+00
  0.2525000E-01  0.1985697E+00
  0.2530000E-01  0.1977475E+00
  0.2535000E-01  0.1969728E+00
  0.2540000E-01  0.1961592E+00
  0.2545000E-01  0.1952980E+00
  0.2550000E-01  0.1944301E+00
  0.2555000E-01  0.1935843E+00
  0.2560000E-01  0.1927602E+00
  0.2565000E-01  0.1919379E+00
  0.2570000E-01  0.1911105E+00
  0.2575000E-01  0.1903000E+00
  0.2580000E-01  0.1895243E+00
  0.2585000E-01  0.1888078E+00
  0.2590000E-01  0.1881613E+00
  0.2595000E-01  0.1875495E+00
  0.2600000E-01  0.1869268E+00
  0.2605000E-01  0.1862398E+00
  0.2610000E-01  0.1854735E+00
  0.2615000E-01  0.1846397E+00
  0.2620000E-01  0.1837338E+00
  0.2625000E-01  0.1827627E+00
  0.2630000E-01  0.1817699E+00
  0.2635000E-01  0.1807953E+00
  0.2640000E-01  0.1798213E+00
  0.2645000E-01  0.1788082E+00
  0.2650000E-01  0.1777662E+00
  0.2655000E-01  0.1767678E+00
  0.2660000E-01  0.1758218E+00
  0.2665000E-01  0.1748310E+00
  0.2670000E-01  0.1737593E+00
  0.2675000E-01  0.1726681E+00
  0.2680000E-01  0.1715661E+00
  0.2685000E-01  0.1704613E+00
  0.2690000E-01  0.1694253E+00
  0.2695000E-01  0.1685048E+00
  0.2700000E-01  0.1676690E+00
  0.2705000E-01  0.1668879E+00
  0.2710000E-01  0.1661547E+00
  0.2715000E-01  0.1654376E+00
  0.2720000E-01  0.1647150E+00
  0.2725000E-01  0.1639879E+00
  0.2730000E-01  0.1632258E+00
  0.2735000E-01  0.1623942E+00
  0.2740000E-01  0.1615212E+00
  0.2745000E-01  0.1606066E+00
  0.2750000E-01  0.1596381E+00
  0.2755000E-01  0.1586094E+00
  0.2760000E-01  0.1574902E+00
  0.2765000E-01  0.1562916E+00
  0.2770000E-01  0.1550346E+00
  0.2775000E-01  0.1537356E+00
  0.2780000E-01  0.1524217E+00
  0.2785000E-01  0.1510769E+00
  0.2790000E-01  0.1496727E+00
  0.2795000E-01  0.1482375E+00
  0.2800000E-01  0.1468365E+00
  0.2805000E-01  0.1454983E+00
  0.2810000E-01  0.1442226E+00
  0.2815000E-01  0.1430186E+00
  0.2820000E-01  0.1419118E+00
  0.2825000E-01  0.1408765E+00
  0.2830000E-01  0.1398434E+00
  0.2835000E-01  0.1387875E+00
  0.2840000E-01  0.1377238E+00
  0.2845000E-01  0.1366647E+00
  0.2850000E-01  0.1356024E+00
  0.2855000E-01  0.1345342E+00
  0.2860000E-01  0.1334439E+00
  0.2865000E-01  0.1323172E+00
  0.2870000E-01  0.1312056E+00
  0.2875000E-01  0.1301632E+00
  0.2880000E-01  0.1292365E+00
  0.2885000E-01  0.1284676E+00
  0.2890000E-01  0.1278536E+00
  0.2895000E-01  0.1273570E+00
  0.2900000E-01  0.1269494E+00
  0.2905000E-01  0.1266434E+00
  0.2910000E-01  0.1264349E+00
  0.2915000E-01  0.1262897E+00
  0.2920000E-01  0.1261987E+00
  0.2925000E-01  0.1261637E+00
  0.2930000E-01  0.1261569E+00
  0.2935000E-01  0.1261553E+00
  0.2940000E-01  0.1261875E+00
  0.2945000E-01  0.1262702E+00
  0.2950000E-01  0.1263588E+00
  0.2955000E-01  0.1264146E+00
  0.2960000E-01  0.1264067E+00
  0.2965000E-01  0.1263204E+00
  0.2970000E-01  0.1261738E+00
  0.2975000E-01  0.1259603E+00
  0.2980000E-01  0.1256402E+00
  0.2985000E-01  0.1251989E+00
  0.2990000E-01  0.1246724E+00
  0.2995000E-01  0.1240992E+00
  0.3000000E-01  0.1235119E+00
  0.3005000E-01  0.1229402E+00
  0.3010000E-01  0.1223778E+00
  0.3015000E-01  0.1217918E+00
  0.3020000E-01  0.1211681E+00
  0.3025000E-01  0.1204977E+00
  0.3030000E-01  0.1197854E+00
  0.3035000E-01  0.1190704E+00
  0.3040000E-01  0.1183750E+00
  0.3045000E-01  0.1176755E+00
  0.3050000E-01  0.1169730E+00
  0.3055000E-01  0.1163092E+00
  0.3060000E-01  0.1157321E+00
  0.3065000E-01  0.1152890E+00
  0.3070000E-01  0.1149676E+00
  0.3075000E-01  0.1147076E+00
  0.3080000E-01  0.1144832E+00
  0.3085000E-01  0.1143132E+00
  0.3090000E-01  0.1141889E+00
  0.3095000E-01  0.1140890E+00
  0.3100000E-01  0.1140186E+00
  0.3105000E-01  0.1139849E+00
  0.3110000E-01  0.1139858E+00
  0.3115000E-01  0.1140195E+00
  0.3120000E-01  0.1140599E+00
  0.3125000E-01  0.1140734E+00
  0.3130000E-01  0.1140471E+00
  0.3135000E-01  0.1139921E+00
  0.3140000E-01  0.1139500E+00
  0.3145000E-01  0.1139260E+00
  0.3150000E-01  0.1138883E+00
  0.3155000E-01  0.1138198E+00
  0.3160000E-01  0.1137217E+00
  0.3165000E-01  0.1135906E+00
  0.3170000E-01  0.1133872E+00
  0.3175000E-01  0.1130686E+00
  0.3180000E-01  0.1126456E+00
  0.3185000E-01  0.1121720E+00
  0.3190000E-01  0.1116851E+00
  0.3195000E-01  0.1111959E+00
  0.3200000E-01  0.1107206E+00
  0.3205000E-01  0.1102813E+00
  0.3210000E-01  0.1098773E+00
  0.3215000E-01  0.1094673E+00
  0.3220000E-01  0.1090028E+00
  0.3225000E-01  0.1084863E+00
  0.3230000E-01  0.1079497E+00
  0.3235000E-01  0.1074190E+00
  0.3240000E-01  0.1069164E+00
  0.3245000E-01  0.1064622E+00
  0.3250000E-01  0.1060825E+00
  0.3255000E-01  0.1057936E+00
  0.3260000E-01  0.1055844E+00
  0.3265000E-01  0.1054351E+00
  0.3270000E-01  0.1053173E+00
  0.3275000E-01  0.1051845E+00
  0.3280000E-01  0.1049972E+00
  0.3285000E-01  0.1047332E+00
  0.3290000E-01  0.1043855E+00
  0.3295000E-01  0.1039563E+00
  0.3300000E-01  0.1034657E+00
  0.3305000E-01  0.1029323E+00
  0.3310000E-01  0.1023644E+00
  0.3315000E-01  0.1017836E+00
  0.3320000E-01  0.1011950E+00
  0.3325000E-01  0.1005799E+00
  0.3330000E-01  0.9993520E-01
  0.3335000E-01  0.9927658E-01
  0.3340000E-01  0.9860344E-01
  0.3345000E-01  0.9789098E-01
  0.3350000E-01  0.9713357E-01
  0.3355000E-01  0.9634728E-01
  0.3360000E-01  0.9552628E-01
  0.3365000E-01  0.9467553E-01
  0.3370000E-01  0.9383380E-01
  0.3375000E-01  0.9301090E-01
  0.3380000E-01  0.9217728E-01
  0.3385000E-01  0.9132860E-01
  0.3390000E-01  0.9047379E-01
  0.3395000E-01  0.8959836E-01
  0.3400000E-01  0.8868636E-01
  0.3405000E-01  0.8773358E-01
  0.3410000E-01  0.8674739E-01
  0.3415000E-01  0.8574743E-01
  0.3420000E-01  0.8475242E-01
  0.3425000E-01  0.8376737E-01
  0.3430000E-01  0.8279929E-01
  0.3435000E-01  0.8186638E-01
  0.3440000E-01  0.8098412E-01
  0.3445000E-01  0.8014810E-01
  0.3450000E-01  0.7934980E-01
  0.3455000E-01  0.7860770E-01
  0.3460000E-01  0.7792628E-01
  0.3465000E-01  0.7726397E-01
  0.3470000E-01  0.7658005E-01
  0.3475000E-01  0.7585907E-01
  0.3480000E-01  0.7510293E-01
  0.3485000E-01  0.7430702E-01
  0.3490000E-01  0.7346635E-01
  0.3495000E-01  0.7260746E-01
  0.3500000E-01  0.7175221E-01
  0.3505000E-01  0.7090088E-01
  0.3510000E-01  0.7006383E-01
  0.3515000E-01  0.6924687E-01
  0.3520000E-01  0.6843640E-01
  0.3525000E-01  0.6763458E-01
  0.3530000E-01  0.6685680E-01
  0.3535000E-01  0.6611599E-01
  0.3540000E-01  0.6542857E-01
  0.3545000E-01  0.6482040E-01
  0.3550000E-01  0.6431287E-01
  0.3555000E-01  0.6390925E-01
  0.3560000E-01  0.6360820E-01
  0.3565000E-01  0.6341221E-01
  0.3570000E-01  0.6332043E-01
  0.3575000E-01  0.6330682E-01
  0.3580000E-01  0.6333100E-01
  0.3585000E-01  0.6335623E-01
  0.3590000E-01  0.6334547E-01
  0.3595000E-01  0.6326255E-01
  0.3600000E-01  0.6307790E-01
  0.3605000E-01  0.6279631E-01
  0.3610000E-01  0.6246722E-01
  0.3615000E-01  0.6213373E-01
  0.3620000E-01  0.6181201E-01
  0.3625000E-01  0.6151156E-01
  0.3630000E-01  0.6124063E-01
  0.3635000E-01  0.6098559E-01
  0.3640000E-01  0.6071003E-01
  0.3645000E-01  0.6039545E-01
  0.3650000E-01  0.6004603E-01
  0.3655000E-01  0.5966524E-01
  0.3660000E-01  0.5925825E-01
  0.3665000E-01  0.5882844E-01
  0.3670000E-01  0.5836855E-01
  0.3675000E-01  0.5786955E-01
  0.3680000E-01  0.5731865E-01
  0.3685000E-01  0.5671333E-01
  0.3690000E-01  0.5608077E-01
  0.3695000E-01  0.5544750E-01
  0.3700000E-01  0.5481641E-01
  0.3705000E-01  0.5418427E-01
  0.3710000E-01  0.5353279E-01
  0.3715000E-01  0.5283407E-01
  0.3720000E-01  0.5208621E-01
  0.3725000E-01  0.5134336E-01
  0.3730000E-01  0.5066617E-01
  0.3735000E-01  0.5007101E-01
  0.3740000E-01  0.4955780E-01
  0.3745000E-01  0.4910196E-01
  0.3750000E-01  0.4866227E-01
  0.3755000E-01  0.4822180E-01
  0.3760000E-01  0.4778357E-01
  0.3765000E-01  0.4734351E-01
  0.3770000E-01  0.4688412E-01
  0.3775000E-01  0.4639119E-01
  0.3780000E-01  0.4587639E-01
  0.3785000E-01  0.4535787E-01
  0.3790000E-01  0.4483913E-01
  0.3795000E-01  0.4431710E-01
  0.3800000E-01  0.4379371E-01
  0.3805000E-01  0.4329013E-01
  0.3810000E-01  0.4283116E-01
  0.3815000E-01  0.4242155E-01
  0.3820000E-01  0.4204814E-01
  0.3825000E-01  0.4168621E-01
  0.3830000E-01  0.4132100E-01
  0.3835000E-01  0.4095716E-01
  0.3840000E-01  0.4061909E-01
  0.3845000E-01  0.4033251E-01
  0.3850000E-01  0.4009599E-01
  0.3855000E-01  0.3988971E-01
  0.3860000E-01  0.3969853E-01
  0.3865000E-01  0.3952676E-01
  0.3870000E-01  0.3938685E-01
  0.3875000E-01  0.3927878E-01
  0.3880000E-01  0.3919317E-01
  0.3885000E-01  0.3912329E-01
  0.3890000E-01  0.3906805E-01
  0.3895000E-01  0.3903339E-01
  0.3900000E-01  0.3901471E-01
  0.3905000E-01  0.3899425E-01
  0.3910000E-01  0.3896752E-01
  0.3915000E-01  0.3894416E-01
  0.3920000E-01  0.3891898E-01
  0.3925000E-01  0.3886444E-01
  0.3930000E-01  0.3875676E-01
  0.3935000E-01  0.3859220E-01
  0.3940000E-01  0.3837064E-01
  0.3945000E-01  0.3809355E-01
  0.3950000E-01  0.3778065E-01
  0.3955000E-01  0.3744642E-01
  0.3960000E-01  0.3708311E-01
  0.3965000E-01  0.3669154E-01
  0.3970000E-01  0.3628364E-01
  0.3975000E-01  0.3586034E-01
  0.3980000E-01  0.3541577E-01
  0.3985000E-01  0.3495326E-01
  0.3990000E-01  0.3448946E-01
  0.3995000E-01  0.3404139E-01
  0.4000000E-01  0.3361702E-01
  0.4005000E-01  0.3322189E-01
  0.4010000E-01  0.3286346E-01
  0.4015000E-01  0.3254927E-01
  0.4020000E-01  0.3228284E-01
  0.4025000E-01  0.3206371E-01
  0.4030000E-01  0.3188859E-01
  0.4035000E-01  0.3175081E-01
  0.4040000E-01  0.3164006E-01
  0.4045000E-01  0.3154660E-01
  0.4050000E-01  0.3146461E-01
  0.4055000E-01  0.3138903E-01
  0.4060000E-01  0.3131710E-01
  0.4065000E-01  0.3125726E-01
  0.4070000E-01  0.3122943E-01
  0.4075000E-01  0.3123926E-01
  0.4080000E-01  0.3127551E-01
  0.4085000E-01  0.3132175E-01
  0.4090000E-01  0.3135888E-01
  0.4095000E-01  0.3137714E-01
  0.4100000E-01  0.3137647E-01
  0.4105000E-01  0.3134971E-01
  0.4110000E-01  0.3128784E-01
  0.4115000E-01  0.3119383E-01
  0.4120000E-01  0.3107497E-01
  0.4125000E-01  0.3093848E-01
  0.4130000E-01  0.3079312E-01
  0.4135000E-01  0.3064621E-01
  0.4140000E-01  0.3050459E-01
  0.4145000E-01  0.3037011E-01
  0.4150000E-01  0.3023066E-01
  0.4155000E-01  0.3006958E-01
  0.4160000E-01  0.2987990E-01
  0.4165000E-01  0.2966135E-01
  0.4170000E-01  0.2941339E-01
  0.4175000E-01  0.2914351E-01
  0.4180000E-01  0.2886393E-01
  0.4185000E-01  0.2857329E-01
  0.4190000E-01  0.2826658E-01
  0.4195000E-01  0.2795035E-01
  0.4200000E-01  0.2763166E-01
  0.4205000E-01  0.2731744E-01
  0.4210000E-01  0.2701546E-01
  0.4215000E-01  0.2672833E-01
  0.4220000E-01  0.2645390E-01
  0.4225000E-01  0.2618076E-01
  0.4230000E-01  0.2589292E-01
  0.4235000E-01  0.2558606E-01
  0.4240000E-01  0.2526971E-01
  0.4245000E-01  0.2495523E-01
  0.4250000E-01  0.2464931E-01
  0.4255000E-01  0.2435730E-01
  0.4260000E-01  0.2408312E-01
  0.4265000E-01  0.2382795E-01
  0.4270000E-01  0.2358804E-01
  0.4275000E-01  0.2335624E-01
  0.4280000E-01  0.2312800E-01
  0.4285000E-01  0.2289969E-01
  0.4290000E-01  0.2266469E-01
  0.4295000E-01  0.2240876E-01
  0.4300000E-01  0.2212055E-01
  0.4305000E-01  0.2180091E-01
  0.4310000E-01  0.2146124E-01
  0.4315000E-01  0.2111774E-01
  0.4320000E-01  0.2077897E-01
  0.4325000E-01  0.2044607E-01
  0.4330000E-01  0.2011301E-01
  0.4335000E-01  0.1977191E-01
  0.4340000E-01  0.1942419E-01
  0.4345000E-01  0.1907378E-01
  0.4350000E-01  0.1871785E-01
  0.4355000E-01  0.1834849E-01
  0.4360000E-01  0.1795764E-01
  0.4365000E-01  0.1754400E-01
  0.4370000E-01  0.1711278E-01
  0.4375000E-01  0.1666847E-01
  0.4380000E-01  0.1621590E-01
  0.4385000E-01  0.1576349E-01
  0.4390000E-01  0.1532047E-01
  0.4395000E-01  0.1489378E-01
  0.4400000E-01  0.1448833E-01
  0.4405000E-01  0.1411233E-01
  0.4410000E-01  0.1377072E-01
  0.4415000E-01  0.1346180E-01
  0.4420000E-01  0.1318448E-01
  0.4425000E-01  0.1293411E-01
  0.4430000E-01  0.1270018E-01
  0.4435000E-01  0.1246888E-01
  0.4440000E-01  0.1222880E-01
  0.4445000E-01  0.1197808E-01
  0.4450000E-01  0.1171950E-01
  0.4455000E-01  0.1145693E-01
  0.4460000E-01  0.1119255E-01
  0.4465000E-01  0.1092641E-01
  0.4470000E-01  0.1066386E-01
  0.4475000E-01  0.1039940E-01
  0.4480000E-01  0.1012236E-01
  0.4485000E-01  0.9834784E-02
  0.4490000E-01  0.9546076E-02
  0.4495000E-01  0.9264021E-02
  0.4500000E-01  0.8986124E-02
  0.4505000E-01  0.8708236E-02
  0.4510000E-01  0.8433328E-02
  0.4515000E-01  0.8172168E-02
  0.4520000E-01  0.7933179E-02
  0.4525000E-01  0.7717922E-02
  0.4530000E-01  0.7528167E-02
  0.4535000E-01  0.7365880E-02
  0.4540000E-01  0.7230352E-02
  0.4545000E-01  0.7116734E-02
  0.4550000E-01  0.7013625E-02
  0.4555000E-01  0.6907535E-02
  0.4560000E-01  0.6795309E-02
  0.4565000E-01  0.6680389E-02
  0.4570000E-01  0.6560132E-02
  0.4575000E-01  0.6431401E-02
  0.4580000E-01  0.6296259E-02
  0.4585000E-01  0.6155360E-02
  0.4590000E-01  0.6007479E-02
  0.4595000E-01  0.5852242E-02
  0.4600000E-01  0.5693081E-02
  0.4605000E-01  0.5536789E-02
  0.4610000E-01  0.5389930E-02
  0.4615000E-01  0.5257938E-02
  0.4620000E-01  0.5142002E-02
  0.4625000E-01  0.5036225E-02
  0.4630000E-01  0.4933066E-02
  0.4635000E-01  0.4828513E-02
  0.4640000E-01  0.4721375E-02
  0.4645000E-01  0.4610087E-02
  0.4650000E-01  0.4493863E-02
  0.4655000E-01  0.4376894E-02
  0.4660000E-01  0.4260592E-02
  0.4665000E-01  0.4141234E-02
  0.4670000E-01  0.4018090E-02
  0.4675000E-01  0.3895487E-02
  0.4680000E-01  0.3778729E-02
  0.4685000E-01  0.3667725E-02
  0.4690000E-01  0.3556673E-02
  0.4695000E-01  0.3440522E-02
  0.4700000E-01  0.3319477E-02
  0.4705000E-01  0.3195707E-02
  0.4710000E-01  0.3070168E-02
  0.4715000E-01  0.2941618E-02
  0.4720000E-01  0.2808312E-02
  0.4725000E-01  0.2672181E-02
  0.4730000E-01  0.2538464E-02
  0.4735000E-01  0.2413570E-02
  0.4740000E-01  0.2300985E-02
  0.4745000E-01  0.2200947E-02
  0.4750000E-01  0.2111430E-02
  0.4755000E-01  0.2028928E-02
  0.4760000E-01  0.1951270E-02
  0.4765000E-01  0.1880146E-02
  0.4770000E-01  0.1819893E-02
  0.4775000E-01  0.1770900E-02
  0.4780000E-01  0.1729826E-02
  0.4785000E-01  0.1691856E-02
  0.4790000E-01  0.1651195E-02
  0.4795000E-01  0.1605241E-02
  0.4800000E-01  0.1553955E-02
  0.4805000E-01  0.1498525E-02
  0.4810000E-01  0.1442796E-02
  0.4815000E-01  0.1391248E-02
  0.4820000E-01  0.1344497E-02
  0.4825000E-01  0.1300102E-02
  0.4830000E-01  0.1257213E-02
  0.4835000E-01  0.1216285E-02
  0.4840000E-01  0.1176843E-02
  0.4845000E-01  0.1137965E-02
  0.4850000E-01  0.1099580E-02
  0.4855000E-01  0.1061799E-02
  0.4860000E-01  0.1023573E-02
  0.4865000E-01  0.9823975E-03
  0.4870000E-01  0.9359047E-03
  0.4875000E-01  0.8845325E-03
  0.4880000E-01  0.8308464E-03
  0.4885000E-01  0.7764819E-03
  0.4890000E-01  0.7226890E-03
  0.4895000E-01  0.6712870E-03
  0.4900000E-01  0.6231737E-03
  0.4905000E-01  0.5781837E-03
  0.4910000E-01  0.5354200E-03
  0.4915000E-01  0.4937696E-03
  0.4920000E-01  0.4528541E-03
  0.4925000E-01  0.4138779E-03
  0.4930000E-01  0.3771804E-03
  0.4935000E-01  0.3418597E-03
  0.4940000E-01  0.3074789E-03
  0.4945000E-01  0.2733381E-03
  0.4950000E-01  0.2391357E-03
  0.4955000E-01  0.2055167E-03
  0.4960000E-01  0.1730130E-03
  0.4965000E-01  0.1420119E-03
  0.4970000E-01  0.1130968E-03
  0.4975000E-01  0.8661196E-04
  0.4980000E-01  0.6279356E-04
  0.4985000E-01  0.4159923E-04
  0.4990000E-01  0.2316943E-04
  0.4995000E-01  0.8031423E-05
  0.5000000E-01 -0.3582651E-05
  0.5005000E-01 -0.1190467E-04
  0.5010000E-01 -0.1730233E-04
  0.5015000E-01 -0.1994628E-04
  0.5020000E-01 -0.1979404E-04
  0.5025000E-01 -0.1671098E-04
  0.5030000E-01 -0.1067997E-04
  0.5035000E-01 -0.1798503E-05
  0.5040000E-01  0.9789817E-05
  0.5045000E-01  0.2358716E-04
  0.5050000E-01  0.3888369E-04
  0.5055000E-01  0.5529990E-04
  0.5060000E-01  0.7258739E-04
  0.5065000E-01  0.9053826E-04
  0.5070000E-01  0.1091959E-03
  0.5075000E-01  0.1291223E-03
  0.5080000E-01  0.1508956E-03
  0.5085000E-01  0.1742870E-03
  0.5090000E-01  0.1987550E-03
  0.5095000E-01  0.2243731E-03
  0.5100000E-01  0.2514087E-03
  0.5105000E-01  0.2790942E-03
  0.5110000E-01  0.3063888E-03
  0.5115000E-01  0.3327332E-03
  0.5120000E-01  0.3573239E-03
  0.5125000E-01  0.3806990E-03
  0.5130000E-01  0.4046605E-03
  0.5135000E-01  0.4296621E-03
  0.5140000E-01  0.4553179E-03
  0.5145000E-01  0.4816872E-03
  0.5150000E-01  0.5097078E-03
  0.5155000E-01  0.5408163E-03
  0.5160000E-01  0.5754788E-03
  0.5165000E-01  0.6136903E-03
  0.5170000E-01  0.6559945E-03
  0.5175000E-01  0.7027612E-03
  0.5180000E-01  0.7546417E-03
  0.5185000E-01  0.8127882E-03
  0.5190000E-01  0.8779166E-03
  0.5195000E-01  0.9509039E-03
  0.5200000E-01  0.1032330E-02
  0.5205000E-01  0.1121821E-02
  0.5210000E-01  0.1219210E-02
  0.5215000E-01  0.1323737E-02
  0.5220000E-01  0.1432605E-02
  0.5225000E-01  0.1543845E-02
  0.5230000E-01  0.1658750E-02
  0.5235000E-01  0.1778192E-02
  0.5240000E-01  0.1900618E-02
  0.5245000E-01  0.2024021E-02
  0.5250000E-01  0.2148110E-02
  0.5255000E-01  0.2274021E-02
  0.5260000E-01  0.2399977E-02
  0.5265000E-01  0.2522291E-02
  0.5270000E-01  0.2638969E-02
  0.5275000E-01  0.2749590E-02
  0.5280000E-01  0.2854417E-02
  0.5285000E-01  0.2951710E-02
  0.5290000E-01  0.3038427E-02
  0.5295000E-01  0.3117874E-02
  0.5300000E-01  0.3195916E-02
  0.5305000E-01  0.3275366E-02
  0.5310000E-01  0.3361245E-02
  0.5315000E-01  0.3459758E-02
  0.5320000E-01  0.3572410E-02
  0.5325000E-01  0.3694924E-02
  0.5330000E-01  0.3821367E-02
  0.5335000E-01  0.3948298E-02
  0.5340000E-01  0.4074700E-02
  0.5345000E-01  0.4200842E-02
  0.5350000E-01  0.4324471E-02
  0.5355000E-01  0.4440533E-02
  0.5360000E-01  0.4548893E-02
  0.5365000E-01  0.4652254E-02
  0.5370000E-01  0.4752222E-02
  0.5375000E-01  0.4850886E-02
  0.5380000E-01  0.4952817E-02
  0.5385000E-01  0.5064545E-02
  0.5390000E-01  0.5191569E-02
  0.5395000E-01  0.5335603E-02
  0.5400000E-01  0.5492985E-02
  0.5405000E-01  0.5655706E-02
  0.5410000E-01  0.5818583E-02
  0.5415000E-01  0.5984782E-02
  0.5420000E-01  0.6157698E-02
  0.5425000E-01  0.6337328E-02
  0.5430000E-01  0.6521734E-02
  0.5435000E-01  0.6709095E-02
  0.5440000E-01  0.6901664E-02
  0.5445000E-01  0.7105654E-02
  0.5450000E-01  0.7327071E-02
  0.5455000E-01  0.7567712E-02
  0.5460000E-01  0.7829668E-02
  0.5465000E-01  0.8111471E-02
  0.5470000E-01  0.8408160E-02
  0.5475000E-01  0.8719595E-02
  0.5480000E-01  0.9049970E-02
  0.5485000E-01  0.9402151E-02
  0.5490000E-01  0.9773423E-02
  0.5495000E-01  0.1015769E-01
  0.5500000E-01  0.1054789E-01
  0.5505000E-01  0.1093387E-01
  0.5510000E-01  0.1130323E-01
  0.5515000E-01  0.1165097E-01
  0.5520000E-01  0.1198166E-01
  0.5525000E-01  0.1230292E-01
  0.5530000E-01  0.1261645E-01
  0.5535000E-01  0.1292035E-01
  0.5540000E-01  0.1321729E-01
  0.5545000E-01  0.1351083E-01
  0.5550000E-01  0.1379798E-01
  0.5555000E-01  0.1407245E-01
  0.5560000E-01  0.1433116E-01
  0.5565000E-01  0.1457548E-01
  0.5570000E-01  0.1481079E-01
  0.5575000E-01  0.1504042E-01
  0.5580000E-01  0.1526527E-01
  0.5585000E-01  0.1548304E-01
  0.5590000E-01  0.1568881E-01
  0.5595000E-01  0.1588150E-01
  0.5600000E-01  0.1606328E-01
  0.5605000E-01  0.1623450E-01
  0.5610000E-01  0.1639396E-01
  0.5615000E-01  0.1654371E-01
  0.5620000E-01  0.1668729E-01
  0.5625000E-01  0.1682802E-01
  0.5630000E-01  0.1696923E-01
  0.5635000E-01  0.1711627E-01
  0.5640000E-01  0.1727237E-01
  0.5645000E-01  0.1743879E-01
  0.5650000E-01  0.1762325E-01
  0.5655000E-01  0.1783575E-01
  0.5660000E-01  0.1807844E-01
  0.5665000E-01  0.1834257E-01
  0.5670000E-01  0.1861440E-01
  0.5675000E-01  0.1888374E-01
  0.5680000E-01  0.1914673E-01
  0.5685000E-01  0.1940016E-01
  0.5690000E-01  0.1964008E-01
  0.5695000E-01  0.1987169E-01
  0.5700000E-01  0.2010789E-01
  0.5705000E-01  0.2035527E-01
  0.5710000E-01  0.2060651E-01
  0.5715000E-01  0.2084866E-01
  0.5720000E-01  0.2107318E-01
  0.5725000E-01  0.2127792E-01
  0.5730000E-01  0.2146831E-01
  0.5735000E-01  0.2165542E-01
  0.5740000E-01  0.2184825E-01
  0.5745000E-01  0.2205273E-01
  0.5750000E-01  0.2227219E-01
  0.5755000E-01  0.2250546E-01
  0.5760000E-01  0.2275001E-01
  0.5765000E-01  0.2299695E-01
  0.5770000E-01  0.2323264E-01
  0.5775000E-01  0.2345444E-01
  0.5780000E-01  0.2367054E-01
  0.5785000E-01  0.2388825E-01
  0.5790000E-01  0.2411418E-01
  0.5795000E-01  0.2435289E-01
  0.5800000E-01  0.2460532E-01
  0.5805000E-01  0.2486910E-01
  0.5810000E-01  0.2513515E-01
  0.5815000E-01  0.2539825E-01
  0.5820000E-01  0.2566663E-01
  0.5825000E-01  0.2595212E-01
  0.5830000E-01  0.2626280E-01
  0.5835000E-01  0.2660142E-01
  0.5840000E-01  0.2696071E-01
  0.5845000E-01  0.2732781E-01
  0.5850000E-01  0.2769380E-01
  0.5855000E-01  0.2805719E-01
  0.5860000E-01  0.2841933E-01
  0.5865000E-01  0.2878138E-01
  0.5870000E-01  0.2914522E-01
  0.5875000E-01  0.2951886E-01
  0.5880000E-01  0.2990140E-01
  0.5885000E-01  0.3028446E-01
  0.5890000E-01  0.3066870E-01
  0.5895000E-01  0.3106016E-01
  0.5900000E-01  0.3146899E-01
  0.5905000E-01  0.3189456E-01
  0.5910000E-01  0.3232649E-01
  0.5915000E-01  0.3275595E-01
  0.5920000E-01  0.3317469E-01
  0.5925000E-01  0.3358114E-01
  0.5930000E-01  0.3398156E-01
  0.5935000E-01  0.3438189E-01
  0.5940000E-01  0.3478140E-01
  0.5945000E-01  0.3517715E-01
  0.5950000E-01  0.3556645E-01
  0.5955000E-01  0.3593948E-01
  0.5960000E-01  0.3629229E-01
  0.5965000E-01  0.3663183E-01
  0.5970000E-01  0.3696488E-01
  0.5975000E-01  0.3730148E-01
  0.5980000E-01  0.3765413E-01
  0.5985000E-01  0.3803343E-01
  0.5990000E-01  0.3844180E-01
  0.5995000E-01  0.3886998E-01
  0.6000000E-01  0.3930258E-01
  0.6005000E-01  0.3972493E-01
  0.6010000E-01  0.4011667E-01
  0.6015000E-01  0.4046696E-01
  0.6020000E-01  0.4078664E-01
  0.6025000E-01  0.4109186E-01
  0.6030000E-01  0.4139758E-01
  0.6035000E-01  0.4171388E-01
  0.6040000E-01  0.4204127E-01
  0.6045000E-01  0.4237695E-01
  0.6050000E-01  0.4272661E-01
  0.6055000E-01  0.4309612E-01
  0.6060000E-01  0.4349580E-01
  0.6065000E-01  0.4393613E-01
  0.6070000E-01  0.4440757E-01
  0.6075000E-01  0.4489768E-01
  0.6080000E-01  0.4539919E-01
  0.6085000E-01  0.4590231E-01
  0.6090000E-01  0.4639918E-01
  0.6095000E-01  0.4687283E-01
  0.6100000E-01  0.4730600E-01
  0.6105000E-01  0.4770197E-01
  0.6110000E-01  0.4807056E-01
  0.6115000E-01  0.4841748E-01
  0.6120000E-01  0.4875004E-01
  0.6125000E-01  0.4908097E-01
  0.6130000E-01  0.4942857E-01
  0.6135000E-01  0.4980047E-01
  0.6140000E-01  0.5017612E-01
  0.6145000E-01  0.5052438E-01
  0.6150000E-01  0.5082604E-01
  0.6155000E-01  0.5107757E-01
  0.6160000E-01  0.5129100E-01
  0.6165000E-01  0.5148372E-01
  0.6170000E-01  0.5166597E-01
  0.6175000E-01  0.5183060E-01
  0.6180000E-01  0.5197265E-01
  0.6185000E-01  0.5210776E-01
  0.6190000E-01  0.5225538E-01
  0.6195000E-01  0.5242282E-01
  0.6200000E-01  0.5260019E-01
  0.6205000E-01  0.5276688E-01
  0.6210000E-01  0.5290646E-01
  0.6215000E-01  0.5301606E-01
  0.6220000E-01  0.5310320E-01
  0.6225000E-01  0.5317655E-01
  0.6230000E-01  0.5323129E-01
  0.6235000E-01  0.5325397E-01
  0.6240000E-01  0.5325063E-01
  0.6245000E-01  0.5323442E-01
  0.6250000E-01  0.5321175E-01
  0.6255000E-01  0.5318318E-01
  0.6260000E-01  0.5315011E-01
  0.6265000E-01  0.5312524E-01
  0.6270000E-01  0.5311476E-01
  0.6275000E-01  0.5314010E-01
  0.6280000E-01  0.5324692E-01
  0.6285000E-01  0.5345180E-01
  0.6290000E-01  0.5374160E-01
  0.6295000E-01  0.5410857E-01
  0.6300000E-01  0.5455084E-01
  0.6305000E-01  0.5505412E-01
  0.6310000E-01  0.5559720E-01
  0.6315000E-01  0.5616460E-01
  0.6320000E-01  0.5673441E-01
  0.6325000E-01  0.5728756E-01
  0.6330000E-01  0.5782062E-01
  0.6335000E-01  0.5833201E-01
  0.6340000E-01  0.5881465E-01
  0.6345000E-01  0.5926958E-01
  0.6350000E-01  0.5970904E-01
  0.6355000E-01  0.6012478E-01
  0.6360000E-01  0.6047990E-01
  0.6365000E-01  0.6075567E-01
  0.6370000E-01  0.6095767E-01
  0.6375000E-01  0.6110766E-01
  0.6380000E-01  0.6124328E-01
  0.6385000E-01  0.6140564E-01
  0.6390000E-01  0.6162679E-01
  0.6395000E-01  0.6190538E-01
  0.6400000E-01  0.6222949E-01
  0.6405000E-01  0.6261324E-01
  0.6410000E-01  0.6307566E-01
  0.6415000E-01  0.6361515E-01
  0.6420000E-01  0.6421065E-01
  0.6425000E-01  0.6483023E-01
  0.6430000E-01  0.6544002E-01
  0.6435000E-01  0.6601212E-01
  0.6440000E-01  0.6653170E-01
  0.6445000E-01  0.6699007E-01
  0.6450000E-01  0.6739764E-01
  0.6455000E-01  0.6778602E-01
  0.6460000E-01  0.6817703E-01
  0.6465000E-01  0.6858101E-01
  0.6470000E-01  0.6899910E-01
  0.6475000E-01  0.6940839E-01
  0.6480000E-01  0.6978103E-01
  0.6485000E-01  0.7009478E-01
  0.6490000E-01  0.7033519E-01
  0.6495000E-01  0.7051424E-01
  0.6500000E-01  0.7064863E-01
  0.6505000E-01  0.7075065E-01
  0.6510000E-01  0.7084528E-01
  0.6515000E-01  0.7096252E-01
  0.6520000E-01  0.7111174E-01
  0.6525000E-01  0.7127637E-01
  0.6530000E-01  0.7143923E-01
  0.6535000E-01  0.7160551E-01
  0.6540000E-01  0.7179531E-01
  0.6545000E-01  0.7203655E-01
  0.6550000E-01  0.7235445E-01
  0.6555000E-01  0.7275877E-01
  0.6560000E-01  0.7324206E-01
  0.6565000E-01  0.7377417E-01
  0.6570000E-01  0.7433538E-01
  0.6575000E-01  0.7492730E-01
  0.6580000E-01  0.7555540E-01
  0.6585000E-01  0.7622322E-01
  0.6590000E-01  0.7692651E-01
  0.6595000E-01  0.7767932E-01
  0.6600000E-01  0.7851996E-01
  0.6605000E-01  0.7947349E-01
  0.6610000E-01  0.8052864E-01
  0.6615000E-01  0.8165351E-01
  0.6620000E-01  0.8282673E-01
  0.6625000E-01  0.8403734E-01
  0.6630000E-01  0.8525899E-01
  0.6635000E-01  0.8646575E-01
  0.6640000E-01  0.8765786E-01
  0.6645000E-01  0.8882422E-01
  0.6650000E-01  0.8993999E-01
  0.6655000E-01  0.9101161E-01
  0.6660000E-01  0.9205801E-01
  0.6665000E-01  0.9308934E-01
  0.6670000E-01  0.9412687E-01
  0.6675000E-01  0.9517640E-01
  0.6680000E-01  0.9620397E-01
  0.6685000E-01  0.9717861E-01
  0.6690000E-01  0.9809370E-01
  0.6695000E-01  0.9896352E-01
  0.6700000E-01  0.9982041E-01
  0.6705000E-01  0.1007020E+00
  0.6710000E-01  0.1016261E+00
  0.6715000E-01  0.1025688E+00
  0.6720000E-01  0.1034867E+00
  0.6725000E-01  0.1043456E+00
  0.6730000E-01  0.1051292E+00
  0.6735000E-01  0.1058438E+00
  0.6740000E-01  0.1065115E+00
  0.6745000E-01  0.1071637E+00
  0.6750000E-01  0.1078212E+00
  0.6755000E-01  0.1084771E+00
  0.6760000E-01  0.1091151E+00
  0.6765000E-01  0.1097266E+00
  0.6770000E-01  0.1103172E+00
  0.6775000E-01  0.1108913E+00
  0.6780000E-01  0.1114307E+00
  0.6785000E-01  0.1119237E+00
  0.6790000E-01  0.1123701E+00
  0.6795000E-01  0.1127675E+00
  0.6800000E-01  0.1131128E+00
  0.6805000E-01  0.1134082E+00
  0.6810000E-01  0.1137001E+00
  0.6815000E-01  0.1140560E+00
  0.6820000E-01  0.1144818E+00
  0.6825000E-01  0.1149322E+00
  0.6830000E-01  0.1153933E+00
  0.6835000E-01  0.1158905E+00
  0.6840000E-01  0.1164339E+00
  0.6845000E-01  0.1169989E+00
  0.6850000E-01  0.1175591E+00
  0.6855000E-01  0.1181025E+00
  0.6860000E-01  0.1186149E+00
  0.6865000E-01  0.1190873E+00
  0.6870000E-01  0.1195185E+00
  0.6875000E-01  0.1198939E+00
  0.6880000E-01  0.1201949E+00
  0.6885000E-01  0.1204246E+00
  0.6890000E-01  0.1206286E+00
  0.6895000E-01  0.1208825E+00
  0.6900000E-01  0.1212179E+00
  0.6905000E-01  0.1216202E+00
  0.6910000E-01  0.1220879E+00
  0.6915000E-01  0.1226263E+00
  0.6920000E-01  0.1232285E+00
  0.6925000E-01  0.1238769E+00
  0.6930000E-01  0.1245343E+00
  0.6935000E-01  0.1251632E+00
  0.6940000E-01  0.1257596E+00
  0.6945000E-01  0.1263482E+00
  0.6950000E-01  0.1269641E+00
  0.6955000E-01  0.1276303E+00
  0.6960000E-01  0.1283334E+00
  0.6965000E-01  0.1290437E+00
  0.6970000E-01  0.1297392E+00
  0.6975000E-01  0.1303959E+00
  0.6980000E-01  0.1310001E+00
  0.6985000E-01  0.1315408E+00
  0.6990000E-01  0.1320171E+00
  0.6995000E-01  0.1324574E+00
  0.7000000E-01  0.1328589E+00
  0.7005000E-01  0.1331716E+00
  0.7010000E-01  0.1333517E+00
  0.7015000E-01  0.1333829E+00
  0.7020000E-01  0.1332807E+00
  0.7025000E-01  0.1330892E+00
  0.7030000E-01  0.1328620E+00
  0.7035000E-01  0.1326278E+00
  0.7040000E-01  0.1323781E+00
  0.7045000E-01  0.1321002E+00
  0.7050000E-01  0.1318080E+00
  0.7055000E-01  0.1315317E+00
  0.7060000E-01  0.1313083E+00
  0.7065000E-01  0.1311618E+00
  0.7070000E-01  0.1310750E+00
  0.7075000E-01  0.1310130E+00
  0.7080000E-01  0.1309611E+00
  0.7085000E-01  0.1309219E+00
  0.7090000E-01  0.1308802E+00
  0.7095000E-01  0.1308332E+00
  0.7100000E-01  0.1308206E+00
  0.7105000E-01  0.1308939E+00
  0.7110000E-01  0.1310959E+00
  0.7115000E-01  0.1314490E+00
  0.7120000E-01  0.1319677E+00
  0.7125000E-01  0.1326482E+00
  0.7130000E-01  0.1334476E+00
  0.7135000E-01  0.1343093E+00
  0.7140000E-01  0.1351839E+00
  0.7145000E-01  0.1360184E+00
  0.7150000E-01  0.1367823E+00
  0.7155000E-01  0.1374937E+00
  0.7160000E-01  0.1381719E+00
  0.7165000E-01  0.1388542E+00
  0.7170000E-01  0.1396030E+00
  0.7175000E-01  0.1404481E+00
  0.7180000E-01  0.1413980E+00
  0.7185000E-01  0.1424423E+00
  0.7190000E-01  0.1435500E+00
  0.7195000E-01  0.1447026E+00
  0.7200000E-01  0.1458956E+00
  0.7205000E-01  0.1471184E+00
  0.7210000E-01  0.1483449E+00
  0.7215000E-01  0.1495710E+00
  0.7220000E-01  0.1507999E+00
  0.7225000E-01  0.1520303E+00
  0.7230000E-01  0.1532543E+00
  0.7235000E-01  0.1544070E+00
  0.7240000E-01  0.1554135E+00
  0.7245000E-01  0.1562593E+00
  0.7250000E-01  0.1569685E+00
  0.7255000E-01  0.1575700E+00
  0.7260000E-01  0.1580930E+00
  0.7265000E-01  0.1585795E+00
  0.7270000E-01  0.1590763E+00
  0.7275000E-01  0.1595620E+00
  0.7280000E-01  0.1600101E+00
  0.7285000E-01  0.1604364E+00
  0.7290000E-01  0.1608416E+00
  0.7295000E-01  0.1612179E+00
  0.7300000E-01  0.1615719E+00
  0.7305000E-01  0.1619233E+00
  0.7310000E-01  0.1622954E+00
  0.7315000E-01  0.1627290E+00
  0.7320000E-01  0.1633000E+00
  0.7325000E-01  0.1640882E+00
  0.7330000E-01  0.1651323E+00
  0.7335000E-01  0.1664039E+00
  0.7340000E-01  0.1678389E+00
  0.7345000E-01  0.1693809E+00
  0.7350000E-01  0.1709760E+00
  0.7355000E-01  0.1725916E+00
  0.7360000E-01  0.1742112E+00
  0.7365000E-01  0.1758189E+00
  0.7370000E-01  0.1774180E+00
  0.7375000E-01  0.1790162E+00
  0.7380000E-01  0.1805819E+00
  0.7385000E-01  0.1820747E+00
  0.7390000E-01  0.1834961E+00
  0.7395000E-01  0.1848561E+00
  0.7400000E-01  0.1861053E+00
  0.7405000E-01  0.1871876E+00
  0.7410000E-01  0.1880800E+00
  0.7415000E-01  0.1887959E+00
  0.7420000E-01  0.1893776E+00
  0.7425000E-01  0.1898412E+00
  0.7430000E-01  0.1902080E+00
  0.7435000E-01  0.1905417E+00
  0.7440000E-01  0.1908991E+00
  0.7445000E-01  0.1912937E+00
  0.7450000E-01  0.1917338E+00
  0.7455000E-01  0.1922416E+00
  0.7460000E-01  0.1928005E+00
  0.7465000E-01  0.1933745E+00
  0.7470000E-01  0.1939701E+00
  0.7475000E-01  0.1945952E+00
  0.7480000E-01  0.1952753E+00
  0.7485000E-01  0.1960381E+00
  0.7490000E-01  0.1968874E+00
  0.7495000E-01  0.1978516E+00
  0.7500000E-01  0.1989276E+00
  0.7505000E-01  0.2000925E+00
  0.7510000E-01  0.2013573E+00
  0.7515000E-01  0.2027716E+00
  0.7520000E-01  0.2043905E+00
  0.7525000E-01  0.2061743E+00
  0.7530000E-01  0.2079895E+00
  0.7535000E-01  0.2097509E+00
  0.7540000E-01  0.2114401E+00
  0.7545000E-01  0.2129940E+00
  0.7550000E-01  0.2143134E+00
  0.7555000E-01  0.2153439E+00
  0.7560000E-01  0.2161652E+00
  0.7565000E-01  0.2169402E+00
  0.7570000E-01  0.2177482E+00
  0.7575000E-01  0.2185265E+00
  0.7580000E-01  0.2191857E+00
  0.7585000E-01  0.2197320E+00
  0.7590000E-01  0.2202496E+00
  0.7595000E-01  0.2208566E+00
  0.7600000E-01  0.2216174E+00
  0.7605000E-01  0.2225454E+00
  0.7610000E-01  0.2236380E+00
  0.7615000E-01  0.2248557E+00
  0.7620000E-01  0.2261353E+00
  0.7625000E-01  0.2273960E+00
  0.7630000E-01  0.2285391E+00
  0.7635000E-01  0.2294672E+00
  0.7640000E-01  0.2301410E+00
  0.7645000E-01  0.2306704E+00
  0.7650000E-01  0.2312262E+00
  0.7655000E-01  0.2318504E+00
  0.7660000E-01  0.2325471E+00
  0.7665000E-01  0.2333626E+00
  0.7670000E-01  0.2342915E+00
  0.7675000E-01  0.2353047E+00
  0.7680000E-01  0.2363763E+00
  0.7685000E-01  0.2374865E+00
  0.7690000E-01  0.2385801E+00
  0.7695000E-01  0.2395964E+00
  0.7700000E-01  0.2405500E+00
  0.7705000E-01  0.2414695E+00
  0.7710000E-01  0.2423473E+00
  0.7715000E-01  0.2431663E+00
  0.7720000E-01  0.2440057E+00
  0.7725000E-01  0.2449824E+00
  0.7730000E-01  0.2461338E+00
  0.7735000E-01  0.2474104E+00
  0.7740000E-01  0.2487893E+00
  0.7745000E-01  0.2503103E+00
  0.7750000E-01  0.2519301E+00
  0.7755000E-01  0.2535266E+00
  0.7760000E-01  0.2550221E+00
  0.7765000E-01  0.2564371E+00
  0.7770000E-01  0.2577852E+00
  0.7775000E-01  0.2589996E+00
  0.7780000E-01  0.2600338E+00
  0.7785000E-01  0.2609046E+00
  0.7790000E-01  0.2616577E+00
  0.7795000E-01  0.2623325E+00
  0.7800000E-01  0.2629286E+00
  0.7805000E-01  0.2634156E+00
  0.7810000E-01  0.2637563E+00
  0.7815000E-01  0.2639765E+00
  0.7820000E-01  0.2641607E+00
  0.7825000E-01  0.2643953E+00
  0.7830000E-01  0.2647323E+00
  0.7835000E-01  0.2651626E+00
  0.7840000E-01  0.2656716E+00
  0.7845000E-01  0.2662234E+00
  0.7850000E-01  0.2667787E+00
  0.7855000E-01  0.2673464E+00
  0.7860000E-01  0.2679333E+00
  0.7865000E-01  0.2684952E+00
  0.7870000E-01  0.2689717E+00
  0.7875000E-01  0.2693234E+00
  0.7880000E-01  0.2694883E+00
  0.7885000E-01  0.2694803E+00
  0.7890000E-01  0.2694593E+00
  0.7895000E-01  0.2695785E+00
  0.7900000E-01  0.2699056E+00
  0.7905000E-01  0.2704750E+00
  0.7910000E-01  0.2712557E+00
  0.7915000E-01  0.2721889E+00
  0.7920000E-01  0.2732993E+00
  0.7925000E-01  0.2746159E+00
  0.7930000E-01  0.2761347E+00
  0.7935000E-01  0.2777957E+00
  0.7940000E-01  0.2795431E+00
  0.7945000E-01  0.2814034E+00
  0.7950000E-01  0.2833781E+00
  0.7955000E-01  0.2854254E+00
  0.7960000E-01  0.2875411E+00
  0.7965000E-01  0.2897969E+00
  0.7970000E-01  0.2923161E+00
  0.7975000E-01  0.2951989E+00
  0.7980000E-01  0.2983930E+00
  0.7985000E-01  0.3016460E+00
  0.7990000E-01  0.3047132E+00
  0.7995000E-01  0.3075257E+00
  0.8000000E-01  0.3101657E+00
  0.8005000E-01  0.3127779E+00
  0.8010000E-01  0.3153900E+00
  0.8015000E-01  0.3179183E+00
  0.8020000E-01  0.3203288E+00
  0.8025000E-01  0.3226504E+00
  0.8030000E-01  0.3249292E+00
  0.8035000E-01  0.3272521E+00
  0.8040000E-01  0.3296763E+00
  0.8045000E-01  0.3321733E+00
  0.8050000E-01  0.3347390E+00
  0.8055000E-01  0.3374552E+00
  0.8060000E-01  0.3403852E+00
  0.8065000E-01  0.3434880E+00
  0.8070000E-01  0.3466067E+00
  0.8075000E-01  0.3495086E+00
  0.8080000E-01  0.3520740E+00
  0.8085000E-01  0.3543816E+00
  0.8090000E-01  0.3565367E+00
  0.8095000E-01  0.3585773E+00
  0.8100000E-01  0.3604934E+00
  0.8105000E-01  0.3622472E+00
  0.8110000E-01  0.3638793E+00
  0.8115000E-01  0.3655177E+00
  0.8120000E-01  0.3672632E+00
  0.8125000E-01  0.3691576E+00
  0.8130000E-01  0.3712107E+00
  0.8135000E-01  0.3733987E+00
  0.8140000E-01  0.3756824E+00
  0.8145000E-01  0.3779486E+00
  0.8150000E-01  0.3800699E+00
  0.8155000E-01  0.3820718E+00
  0.8160000E-01  0.3840602E+00
  0.8165000E-01  0.3861077E+00
  0.8170000E-01  0.3882623E+00
  0.8175000E-01  0.3906248E+00
  0.8180000E-01  0.3932471E+00
  0.8185000E-01  0.3960184E+00
  0.8190000E-01  0.3987822E+00
  0.8195000E-01  0.4014822E+00
  0.8200000E-01  0.4041405E+00
  0.8205000E-01  0.4067632E+00
  0.8210000E-01  0.4092797E+00
  0.8215000E-01  0.4115326E+00
  0.8220000E-01  0.4134444E+00
  0.8225000E-01  0.4150812E+00
  0.8230000E-01  0.4165708E+00
  0.8235000E-01  0.4179861E+00
  0.8240000E-01  0.4193808E+00
  0.8245000E-01  0.4208202E+00
  0.8250000E-01  0.4222892E+00
  0.8255000E-01  0.4237598E+00
  0.8260000E-01  0.4252017E+00
  0.8265000E-01  0.4266134E+00
  0.8270000E-01  0.4281479E+00
  0.8275000E-01  0.4300308E+00
  0.8280000E-01  0.4323059E+00
  0.8285000E-01  0.4348176E+00
  0.8290000E-01  0.4373257E+00
  0.8295000E-01  0.4395606E+00
  0.8300000E-01  0.4413712E+00
  0.8305000E-01  0.4427422E+00
  0.8310000E-01  0.4436678E+00
  0.8315000E-01  0.4442840E+00
  0.8320000E-01  0.4448709E+00
  0.8325000E-01  0.4455217E+00
  0.8330000E-01  0.4461304E+00
  0.8335000E-01  0.4466289E+00
  0.8340000E-01  0.4470214E+00
  0.8345000E-01  0.4473824E+00
  0.8350000E-01  0.4478521E+00
  0.8355000E-01  0.4484529E+00
  0.8360000E-01  0.4490609E+00
  0.8365000E-01  0.4496485E+00
  0.8370000E-01  0.4502607E+00
  0.8375000E-01  0.4508569E+00
  0.8380000E-01  0.4513829E+00
  0.8385000E-01  0.4518838E+00
  0.8390000E-01  0.4524850E+00
  0.8395000E-01  0.4532122E+00
  0.8400000E-01  0.4540596E+00
  0.8405000E-01  0.4550639E+00
  0.8410000E-01  0.4561796E+00
  0.8415000E-01  0.4574223E+00
  0.8420000E-01  0.4588493E+00
  0.8425000E-01  0.4604327E+00
  0.8430000E-01  0.4622287E+00
  0.8435000E-01  0.4643089E+00
  0.8440000E-01  0.4666656E+00
  0.8445000E-01  0.4693270E+00
  0.8450000E-01  0.4722616E+00
  0.8455000E-01  0.4754866E+00
  0.8460000E-01  0.4790252E+00
  0.8465000E-01  0.4827438E+00
  0.8470000E-01  0.4865246E+00
  0.8475000E-01  0.4903897E+00
  0.8480000E-01  0.4943943E+00
  0.8485000E-01  0.4984371E+00
  0.8490000E-01  0.5023914E+00
  0.8495000E-01  0.5061074E+00
  0.8500000E-01  0.5094302E+00
  0.8505000E-01  0.5124193E+00
  0.8510000E-01  0.5151450E+00
  0.8515000E-01  0.5176300E+00
  0.8520000E-01  0.5201029E+00
  0.8525000E-01  0.5228371E+00
  0.8530000E-01  0.5259152E+00
  0.8535000E-01  0.5293939E+00
  0.8540000E-01  0.5333461E+00
  0.8545000E-01  0.5377449E+00
  0.8550000E-01  0.5425287E+00
  0.8555000E-01  0.5475814E+00
  0.8560000E-01  0.5526749E+00
  0.8565000E-01  0.5577034E+00
  0.8570000E-01  0.5626748E+00
  0.8575000E-01  0.5675254E+00
  0.8580000E-01  0.5721839E+00
  0.8585000E-01  0.5765042E+00
  0.8590000E-01  0.5803977E+00
  0.8595000E-01  0.5841082E+00
  0.8600000E-01  0.5878608E+00
  0.8605000E-01  0.5915538E+00
  0.8610000E-01  0.5951153E+00
  0.8615000E-01  0.5986633E+00
  0.8620000E-01  0.6021688E+00
  0.8625000E-01  0.6055364E+00
  0.8630000E-01  0.6088033E+00
  0.8635000E-01  0.6120679E+00
  0.8640000E-01  0.6153482E+00
  0.8645000E-01  0.6184172E+00
  0.8650000E-01  0.6212488E+00
  0.8655000E-01  0.6241494E+00
  0.8660000E-01  0.6273867E+00
  0.8665000E-01  0.6311148E+00
  0.8670000E-01  0.6353362E+00
  0.8675000E-01  0.6399642E+00
  0.8680000E-01  0.6450155E+00
  0.8685000E-01  0.6504544E+00
  0.8690000E-01  0.6560647E+00
  0.8695000E-01  0.6615474E+00
  0.8700000E-01  0.6666784E+00
  0.8705000E-01  0.6714271E+00
  0.8710000E-01  0.6758698E+00
  0.8715000E-01  0.6801021E+00
  0.8720000E-01  0.6841879E+00
  0.8725000E-01  0.6881039E+00
  0.8730000E-01  0.6917887E+00
  0.8735000E-01  0.6952387E+00
  0.8740000E-01  0.6985448E+00
  0.8745000E-01  0.7018156E+00
  0.8750000E-01  0.7049930E+00
  0.8755000E-01  0.7079262E+00
  0.8760000E-01  0.7104440E+00
  0.8765000E-01  0.7124932E+00
  0.8770000E-01  0.7142286E+00
  0.8775000E-01  0.7159039E+00
  0.8780000E-01  0.7178563E+00
  0.8785000E-01  0.7203790E+00
  0.8790000E-01  0.7234032E+00
  0.8795000E-01  0.7266375E+00
  0.8800000E-01  0.7299045E+00
  0.8805000E-01  0.7332077E+00
  0.8810000E-01  0.7366875E+00
  0.8815000E-01  0.7404816E+00
  0.8820000E-01  0.7448264E+00
  0.8825000E-01  0.7498861E+00
  0.8830000E-01  0.7556090E+00
  0.8835000E-01  0.7617553E+00
  0.8840000E-01  0.7678362E+00
  0.8845000E-01  0.7735521E+00
  0.8850000E-01  0.7789508E+00
  0.8855000E-01  0.7840356E+00
  0.8860000E-01  0.7888644E+00
  0.8865000E-01  0.7936301E+00
  0.8870000E-01  0.7983324E+00
  0.8875000E-01  0.8028022E+00
  0.8880000E-01  0.8068670E+00
  0.8885000E-01  0.8104984E+00
  0.8890000E-01  0.8138568E+00
  0.8895000E-01  0.8171409E+00
  0.8900000E-01  0.8205567E+00
  0.8905000E-01  0.8241112E+00
  0.8910000E-01  0.8277305E+00
  0.8915000E-01  0.8313666E+00
  0.8920000E-01  0.8349371E+00
  0.8925000E-01  0.8385497E+00
  0.8930000E-01  0.8424587E+00
  0.8935000E-01  0.8469344E+00
  0.8940000E-01  0.8522178E+00
  0.8945000E-01  0.8584327E+00
  0.8950000E-01  0.8654405E+00
  0.8955000E-01  0.8730235E+00
  0.8960000E-01  0.8809217E+00
  0.8965000E-01  0.8889113E+00
  0.8970000E-01  0.8969826E+00
  0.8975000E-01  0.9050609E+00
  0.8980000E-01  0.9131698E+00
  0.8985000E-01  0.9215376E+00
  0.8990000E-01  0.9302822E+00
  0.8995000E-01  0.9394060E+00
  0.9000000E-01  0.9488847E+00
  0.9005000E-01  0.9583914E+00
  0.9010000E-01  0.9674570E+00
  0.9015000E-01  0.9759657E+00
  0.9020000E-01  0.9840146E+00
  0.9025000E-01  0.9916605E+00
  0.9030000E-01  0.9990039E+00
  0.9035000E-01  0.1006269E+01
  0.9040000E-01  0.1013762E+01
  0.9045000E-01  0.1021889E+01
  0.9050000E-01  0.1030987E+01
  0.9055000E-01  0.1041166E+01
  0.9060000E-01  0.1052312E+01
  0.9065000E-01  0.1064179E+01
  0.9070000E-01  0.1076365E+01
  0.9075000E-01  0.1088326E+01
  0.9080000E-01  0.1099856E+01
  0.9085000E-01  0.1110884E+01
  0.9090000E-01  0.1121128E+01
  0.9095000E-01  0.1130477E+01
  0.9100000E-01  0.1139037E+01
  0.9105000E-01  0.1146950E+01
  0.9110000E-01  0.1154542E+01
  0.9115000E-01  0.1162032E+01
  0.9120000E-01  0.1169398E+01
  0.9125000E-01  0.1176651E+01
  0.9130000E-01  0.1183658E+01
  0.9135000E-01  0.1190165E+01
  0.9140000E-01  0.1196181E+01
  0.9145000E-01  0.1202121E+01
  0.9150000E-01  0.1208556E+01
  0.9155000E-01  0.1215771E+01
  0.9160000E-01  0.1223689E+01
  0.9165000E-01  0.1232171E+01
  0.9170000E-01  0.1241304E+01
  0.9175000E-01  0.1251105E+01
  0.9180000E-01  0.1261174E+01
  0.9185000E-01  0.1271186E+01
  0.9190000E-01  0.1280852E+01
  0.9195000E-01  0.1289734E+01
  0.9200000E-01  0.1297845E+01
  0.9205000E-01  0.1305733E+01
  0.9210000E-01  0.1313653E+01
  0.9215000E-01  0.1321370E+01
  0.9220000E-01  0.1328737E+01
  0.9225000E-01  0.1336056E+01
  0.9230000E-01  0.1343581E+01
  0.9235000E-01  0.1351494E+01
  0.9240000E-01  0.1360057E+01
  0.9245000E-01  0.1369464E+01
  0.9250000E-01  0.1379814E+01
  0.9255000E-01  0.1390941E+01
  0.9260000E-01  0.1402614E+01
  0.9265000E-01  0.1414315E+01
  0.9270000E-01  0.1425518E+01
  0.9275000E-01  0.1436336E+01
  0.9280000E-01  0.1447279E+01
  0.9285000E-01  0.1458843E+01
  0.9290000E-01  0.1471171E+01
  0.9295000E-01  0.1484142E+01
  0.9300000E-01  0.1497591E+01
  0.9305000E-01  0.1511493E+01
  0.9310000E-01  0.1525947E+01
  0.9315000E-01  0.1541065E+01
  0.9320000E-01  0.1557206E+01
  0.9325000E-01  0.1574510E+01
  0.9330000E-01  0.1592747E+01
  0.9335000E-01  0.1611451E+01
  0.9340000E-01  0.1629990E+01
  0.9345000E-01  0.1648128E+01
  0.9350000E-01  0.1666077E+01
  0.9355000E-01  0.1684067E+01
  0.9360000E-01  0.1702305E+01
  0.9365000E-01  0.1720853E+01
  0.9370000E-01  0.1739510E+01
  0.9375000E-01  0.1758197E+01
  0.9380000E-01  0.1777122E+01
  0.9385000E-01  0.1796359E+01
  0.9390000E-01  0.1815578E+01
  0.9395000E-01  0.1834616E+01
  0.9400000E-01  0.1853720E+01
  0.9405000E-01  0.1873500E+01
  0.9410000E-01  0.1894521E+01
  0.9415000E-01  0.1916617E+01
  0.9420000E-01  0.1939078E+01
  0.9425000E-01  0.1961116E+01
  0.9430000E-01  0.1982312E+01
  0.9435000E-01  0.2003048E+01
  0.9440000E-01  0.2024376E+01
  0.9445000E-01  0.2046927E+01
  0.9450000E-01  0.2070460E+01
  0.9455000E-01  0.2094783E+01
  0.9460000E-01  0.2119935E+01
  0.9465000E-01  0.2146009E+01
  0.9470000E-01  0.2173188E+01
  0.9475000E-01  0.2201985E+01
  0.9480000E-01  0.2232831E+01
  0.9485000E-01  0.2265446E+01
  0.9490000E-01  0.2299391E+01
  0.9495000E-01  0.2334016E+01
  0.9500000E-01  0.2368659E+01
  0.9505000E-01  0.2403191E+01
  0.9510000E-01  0.2437587E+01
  0.9515000E-01  0.2471790E+01
  0.9520000E-01  0.2505752E+01
  0.9525000E-01  0.2539463E+01
  0.9530000E-01  0.2573317E+01
  0.9535000E-01  0.2608399E+01
  0.9540000E-01  0.2645584E+01
  0.9545000E-01  0.2684895E+01
  0.9550000E-01  0.2726252E+01
  0.9555000E-01  0.2769764E+01
  0.9560000E-01  0.2815424E+01
  0.9565000E-01  0.2863047E+01
  0.9570000E-01  0.2912185E+01
  0.9575000E-01  0.2962313E+01
  0.9580000E-01  0.3012969E+01
  0.9585000E-01  0.3063647E+01
  0.9590000E-01  0.3113938E+01
  0.9595000E-01  0.3163811E+01
  0.9600000E-01  0.3213402E+01
  0.9605000E-01  0.3262608E+01
  0.9610000E-01  0.3311665E+01
  0.9615000E-01  0.3361369E+01
  0.9620000E-01  0.3412215E+01
  0.9625000E-01  0.3464197E+01
  0.9630000E-01  0.3516764E+01
  0.9635000E-01  0.3569590E+01
  0.9640000E-01  0.3622728E+01
  0.9645000E-01  0.3676415E+01
  0.9650000E-01  0.3730906E+01
  0.9655000E-01  0.3786173E+01
  0.9660000E-01  0.3842177E+01
  0.9665000E-01  0.3898667E+01
  0.9670000E-01  0.3955098E+01
  0.9675000E-01  0.4010787E+01
  0.9680000E-01  0.4065249E+01
  0.9685000E-01  0.4118452E+01
  0.9690000E-01  0.4170797E+01
  0.9695000E-01  0.4222689E+01
  0.9700000E-01  0.4274364E+01
  0.9705000E-01  0.4326314E+01
  0.9710000E-01  0.4379088E+01
  0.9715000E-01  0.4433280E+01
  0.9720000E-01  0.4489439E+01
  0.9725000E-01  0.4548026E+01
  0.9730000E-01  0.4609666E+01
  0.9735000E-01  0.4675545E+01
  0.9740000E-01  0.4746670E+01
  0.9745000E-01  0.4823724E+01
  0.9750000E-01  0.4907133E+01
  0.9755000E-01  0.4997039E+01
  0.9760000E-01  0.5094624E+01
  0.9765000E-01  0.5202539E+01
  0.9770000E-01  0.5323649E+01
  0.9775000E-01  0.5460722E+01
  0.9780000E-01  0.5616553E+01
  0.9785000E-01  0.5794218E+01
  0.9790000E-01  0.5997118E+01
  0.9795000E-01  0.6228595E+01
  0.9800000E-01  0.6492183E+01
  0.9805000E-01  0.6791596E+01
  0.9810000E-01  0.7130192E+01
  0.9815000E-01  0.7510961E+01
  0.9820000E-01  0.7936213E+01
  0.9825000E-01  0.8407053E+01
  0.9830000E-01  0.8922935E+01
  0.9835000E-01  0.9481432E+01
  0.9840000E-01  0.1007786E+02
  0.9845000E-01  0.1070514E+02
  0.9850000E-01  0.1135366E+02
  0.9855000E-01  0.1201131E+02
  0.9860000E-01  0.1266366E+02
  0.9865000E-01  0.1329434E+02
  0.9870000E-01  0.1388597E+02
  0.9875000E-01  0.1442058E+02
  0.9880000E-01  0.1488025E+02
  0.9885000E-01  0.1524726E+02
  0.9890000E-01  0.1550439E+02
  0.9895000E-01  0.1563520E+02
  0.9900000E-01  0.1562438E+02
  0.9905000E-01  0.1545819E+02
  0.9910000E-01  0.1512505E+02
  0.9915000E-01  0.1461664E+02
  0.9920000E-01  0.1392906E+02
  0.9925000E-01  0.1306439E+02
  0.9930000E-01  0.1203225E+02
  0.9935000E-01  0.1085108E+02
  0.9940000E-01  0.9549356E+01
  0.9945000E-01  0.8165988E+01
  0.9950000E-01  0.6749312E+01
  0.9955000E-01  0.5354624E+01
  0.9960000E-01  0.4040203E+01
  0.9965000E-01  0.2862327E+01
  0.9970000E-01  0.1868484E+01
  0.9975000E-01  0.1090589E+01
  0.9980000E-01  0.5398084E+00
  0.9985000E-01  0.2027243E+00
  0.9990000E-01  0.4217332E-01
  0.9995000E-01  0.0000000E+00
  0.1000000E+00  0.0000000E+00
