  0.0000000E+00  0.0000000E+00
  0.5000000E-04 -0.5727587E-14
  0.1000000E-03  0.4265737E-01
  0.1500000E-03  0.2047288E+00
  0.2000000E-03  0.5451289E+00
  0.2500000E-03  0.1100759E+01
  0.3000000E-03  0.1884006E+01
  0.3500000E-03  0.2883727E+01
  0.4000000E-03  0.4067681E+01
  0.4500000E-03  0.5387937E+01
  0.5000000E-03  0.6788022E+01
  0.5500000E-03  0.8209348E+01
  0.6000000E-03  0.9596176E+01
  0.6500000E-03  0.1089991E+02
  0.7000000E-03  0.1208184E+02
  0.7500000E-03  0.1311375E+02
  0.8000000E-03  0.1397751E+02
  0.8500000E-03  0.1466409E+02
  0.9000000E-03  0.1517148E+02
  0.9500000E-03  0.1550329E+02
  0.1000000E-02  0.1566765E+02
  0.1050000E-02  0.1567602E+02
  0.1100000E-02  0.1554214E+02
  0.1150000E-02  0.1528147E+02
  0.1200000E-02  0.1491073E+02
  0.1250000E-02  0.1444736E+02
  0.1300000E-02  0.1390914E+02
  0.1350000E-02  0.1331384E+02
  0.1400000E-02  0.1267935E+02
  0.1450000E-02  0.1202296E+02
  0.1500000E-02  0.1136101E+02
  0.1550000E-02  0.1070792E+02
  0.1600000E-02  0.1007575E+02
  0.1650000E-02  0.9474516E+01
  0.1700000E-02  0.8912133E+01
  0.1750000E-02  0.8393697E+01
  0.1800000E-02  0.7921427E+01
  0.1850000E-02  0.7495539E+01
  0.1900000E-02  0.7114518E+01
  0.1950000E-02  0.6775823E+01
  0.2000000E-02  0.6476407E+01
  0.2050000E-02  0.6213001E+01
  0.2100000E-02  0.5982153E+01
  0.2150000E-02  0.5779937E+01
  0.2200000E-02  0.5602416E+01
  0.2250000E-02  0.5446265E+01
  0.2300000E-02  0.5308458E+01
  0.2350000E-02  0.5186404E+01
  0.2400000E-02  0.5078002E+01
  0.2450000E-02  0.4981174E+01
  0.2500000E-02  0.4893585E+01
  0.2550000E-02  0.4813034E+01
  0.2600000E-02  0.4737994E+01
  0.2650000E-02  0.4667815E+01
  0.2700000E-02  0.4601880E+01
  0.2750000E-02  0.4539588E+01
  0.2800000E-02  0.4480514E+01
  0.2850000E-02  0.4424219E+01
  0.2900000E-02  0.4370327E+01
  0.2950000E-02  0.4318409E+01
  0.3000000E-02  0.4267672E+01
  0.3050000E-02  0.4217361E+01
  0.3100000E-02  0.4167011E+01
  0.3150000E-02  0.4116021E+01
  0.3200000E-02  0.4063844E+01
  0.3250000E-02  0.4010284E+01
  0.3300000E-02  0.3955442E+01
  0.3350000E-02  0.3900007E+01
  0.3400000E-02  0.3844801E+01
  0.3450000E-02  0.3790181E+01
  0.3500000E-02  0.3736269E+01
  0.3550000E-02  0.3683516E+01
  0.3600000E-02  0.3632157E+01
  0.3650000E-02  0.3581416E+01
  0.3700000E-02  0.3530224E+01
  0.3750000E-02  0.3478240E+01
  0.3800000E-02  0.3425494E+01
  0.3850000E-02  0.3372360E+01
  0.3900000E-02  0.3319408E+01
  0.3950000E-02  0.3266758E+01
  0.4000000E-02  0.3214199E+01
  0.4050000E-02  0.3161552E+01
  0.4100000E-02  0.3109008E+01
  0.4150000E-02  0.3057241E+01
  0.4200000E-02  0.3007003E+01
  0.4250000E-02  0.2958569E+01
  0.4300000E-02  0.2912008E+01
  0.4350000E-02  0.2867535E+01
  0.4400000E-02  0.2825023E+01
  0.4450000E-02  0.2784033E+01
  0.4500000E-02  0.2744204E+01
  0.4550000E-02  0.2705370E+01
  0.4600000E-02  0.2667306E+01
  0.4650000E-02  0.2629454E+01
  0.4700000E-02  0.2591249E+01
  0.4750000E-02  0.2552864E+01
  0.4800000E-02  0.2514869E+01
  0.4850000E-02  0.2477881E+01
  0.4900000E-02  0.2442013E+01
  0.4950000E-02  0.2406849E+01
  0.5000000E-02  0.2372406E+01
  0.5050000E-02  0.2339141E+01
  0.5100000E-02  0.2307552E+01
  0.5150000E-02  0.2277776E+01
  0.5200000E-02  0.2249748E+01
  0.5250000E-02  0.2223216E+01
  0.5300000E-02  0.2197814E+01
  0.5350000E-02  0.2173026E+01
  0.5400000E-02  0.2148161E+01
  0.5450000E-02  0.2123190E+01
  0.5500000E-02  0.2098121E+01
  0.5550000E-02  0.2072681E+01
  0.5600000E-02  0.2047048E+01
  0.5650000E-02  0.2021683E+01
  0.5700000E-02  0.1996624E+01
  0.5750000E-02  0.1971562E+01
  0.5800000E-02  0.1946671E+01
  0.5850000E-02  0.1922365E+01
  0.5900000E-02  0.1898665E+01
  0.5950000E-02  0.1875510E+01
  0.6000000E-02  0.1853195E+01
  0.6050000E-02  0.1832055E+01
  0.6100000E-02  0.1812003E+01
  0.6150000E-02  0.1792645E+01
  0.6200000E-02  0.1773718E+01
  0.6250000E-02  0.1755075E+01
  0.6300000E-02  0.1736711E+01
  0.6350000E-02  0.1718797E+01
  0.6400000E-02  0.1701661E+01
  0.6450000E-02  0.1685658E+01
  0.6500000E-02  0.1670687E+01
  0.6550000E-02  0.1656364E+01
  0.6600000E-02  0.1642699E+01
  0.6650000E-02  0.1629697E+01
  0.6700000E-02  0.1617187E+01
  0.6750000E-02  0.1604954E+01
  0.6800000E-02  0.1592500E+01
  0.6850000E-02  0.1579461E+01
  0.6900000E-02  0.1566007E+01
  0.6950000E-02  0.1552516E+01
  0.7000000E-02  0.1538946E+01
  0.7050000E-02  0.1525096E+01
  0.7100000E-02  0.1511089E+01
  0.7150000E-02  0.1497196E+01
  0.7200000E-02  0.1483673E+01
  0.7250000E-02  0.1470693E+01
  0.7300000E-02  0.1458078E+01
  0.7350000E-02  0.1445667E+01
  0.7400000E-02  0.1433562E+01
  0.7450000E-02  0.1421791E+01
  0.7500000E-02  0.1410237E+01
  0.7550000E-02  0.1398833E+01
  0.7600000E-02  0.1387581E+01
  0.7650000E-02  0.1376312E+01
  0.7700000E-02  0.1364999E+01
  0.7750000E-02  0.1354040E+01
  0.7800000E-02  0.1343454E+01
  0.7850000E-02  0.1332813E+01
  0.7900000E-02  0.1322097E+01
  0.7950000E-02  0.1311635E+01
  0.8000000E-02  0.1301366E+01
  0.8050000E-02  0.1290887E+01
  0.8100000E-02  0.1280140E+01
  0.8150000E-02  0.1269314E+01
  0.8200000E-02  0.1258645E+01
  0.8250000E-02  0.1248543E+01
  0.8300000E-02  0.1239015E+01
  0.8350000E-02  0.1229754E+01
  0.8400000E-02  0.1220716E+01
  0.8450000E-02  0.1211920E+01
  0.8500000E-02  0.1203356E+01
  0.8550000E-02  0.1194935E+01
  0.8600000E-02  0.1186394E+01
  0.8650000E-02  0.1177480E+01
  0.8700000E-02  0.1168074E+01
  0.8750000E-02  0.1158131E+01
  0.8800000E-02  0.1147882E+01
  0.8850000E-02  0.1137825E+01
  0.8900000E-02  0.1128212E+01
  0.8950000E-02  0.1118979E+01
  0.9000000E-02  0.1109906E+01
  0.9050000E-02  0.1100901E+01
  0.9100000E-02  0.1092201E+01
  0.9150000E-02  0.1083994E+01
  0.9200000E-02  0.1076194E+01
  0.9250000E-02  0.1068687E+01
  0.9300000E-02  0.1061531E+01
  0.9350000E-02  0.1054914E+01
  0.9400000E-02  0.1049024E+01
  0.9450000E-02  0.1043801E+01
  0.9500000E-02  0.1039050E+01
  0.9550000E-02  0.1034655E+01
  0.9600000E-02  0.1030398E+01
  0.9650000E-02  0.1026054E+01
  0.9700000E-02  0.1021689E+01
  0.9750000E-02  0.1017289E+01
  0.9800000E-02  0.1012546E+01
  0.9850000E-02  0.1007172E+01
  0.9900000E-02  0.1001092E+01
  0.9950000E-02  0.9944549E+00
  0.1000000E-01  0.9875881E+00
  0.1005000E-01  0.9808646E+00
  0.1010000E-01  0.9744463E+00
  0.1015000E-01  0.9682126E+00
  0.1020000E-01  0.9619633E+00
  0.1025000E-01  0.9554726E+00
  0.1030000E-01  0.9483534E+00
  0.1035000E-01  0.9402876E+00
  0.1040000E-01  0.9314472E+00
  0.1045000E-01  0.9224520E+00
  0.1050000E-01  0.9137630E+00
  0.1055000E-01  0.9053996E+00
  0.1060000E-01  0.8971828E+00
  0.1065000E-01  0.8889305E+00
  0.1070000E-01  0.8805634E+00
  0.1075000E-01  0.8721258E+00
  0.1080000E-01  0.8638271E+00
  0.1085000E-01  0.8558898E+00
  0.1090000E-01  0.8483299E+00
  0.1095000E-01  0.8410659E+00
  0.1100000E-01  0.8341647E+00
  0.1105000E-01  0.8277321E+00
  0.1110000E-01  0.8215553E+00
  0.1115000E-01  0.8153647E+00
  0.1120000E-01  0.8093006E+00
  0.1125000E-01  0.8036362E+00
  0.1130000E-01  0.7985565E+00
  0.1135000E-01  0.7939809E+00
  0.1140000E-01  0.7896668E+00
  0.1145000E-01  0.7856676E+00
  0.1150000E-01  0.7821107E+00
  0.1155000E-01  0.7788942E+00
  0.1160000E-01  0.7757718E+00
  0.1165000E-01  0.7725466E+00
  0.1170000E-01  0.7690736E+00
  0.1175000E-01  0.7653522E+00
  0.1180000E-01  0.7616358E+00
  0.1185000E-01  0.7581671E+00
  0.1190000E-01  0.7549702E+00
  0.1195000E-01  0.7517350E+00
  0.1200000E-01  0.7479912E+00
  0.1205000E-01  0.7435224E+00
  0.1210000E-01  0.7381938E+00
  0.1215000E-01  0.7320758E+00
  0.1220000E-01  0.7255979E+00
  0.1225000E-01  0.7190078E+00
  0.1230000E-01  0.7124865E+00
  0.1235000E-01  0.7063847E+00
  0.1240000E-01  0.7008032E+00
  0.1245000E-01  0.6954338E+00
  0.1250000E-01  0.6900229E+00
  0.1255000E-01  0.6846438E+00
  0.1260000E-01  0.6794785E+00
  0.1265000E-01  0.6745539E+00
  0.1270000E-01  0.6698376E+00
  0.1275000E-01  0.6654320E+00
  0.1280000E-01  0.6614177E+00
  0.1285000E-01  0.6576362E+00
  0.1290000E-01  0.6538303E+00
  0.1295000E-01  0.6498540E+00
  0.1300000E-01  0.6456518E+00
  0.1305000E-01  0.6412615E+00
  0.1310000E-01  0.6367952E+00
  0.1315000E-01  0.6323475E+00
  0.1320000E-01  0.6279818E+00
  0.1325000E-01  0.6237565E+00
  0.1330000E-01  0.6195547E+00
  0.1335000E-01  0.6152358E+00
  0.1340000E-01  0.6109050E+00
  0.1345000E-01  0.6066540E+00
  0.1350000E-01  0.6025304E+00
  0.1355000E-01  0.5985919E+00
  0.1360000E-01  0.5948653E+00
  0.1365000E-01  0.5914130E+00
  0.1370000E-01  0.5882599E+00
  0.1375000E-01  0.5853750E+00
  0.1380000E-01  0.5827631E+00
  0.1385000E-01  0.5804081E+00
  0.1390000E-01  0.5781531E+00
  0.1395000E-01  0.5758893E+00
  0.1400000E-01  0.5736696E+00
  0.1405000E-01  0.5716290E+00
  0.1410000E-01  0.5697553E+00
  0.1415000E-01  0.5678593E+00
  0.1420000E-01  0.5658024E+00
  0.1425000E-01  0.5635458E+00
  0.1430000E-01  0.5611593E+00
  0.1435000E-01  0.5587938E+00
  0.1440000E-01  0.5564643E+00
  0.1445000E-01  0.5539837E+00
  0.1450000E-01  0.5513119E+00
  0.1455000E-01  0.5485788E+00
  0.1460000E-01  0.5459667E+00
  0.1465000E-01  0.5437088E+00
  0.1470000E-01  0.5418709E+00
  0.1475000E-01  0.5402642E+00
  0.1480000E-01  0.5386954E+00
  0.1485000E-01  0.5371360E+00
  0.1490000E-01  0.5356392E+00
  0.1495000E-01  0.5343595E+00
  0.1500000E-01  0.5332995E+00
  0.1505000E-01  0.5321845E+00
  0.1510000E-01  0.5307758E+00
  0.1515000E-01  0.5290266E+00
  0.1520000E-01  0.5269223E+00
  0.1525000E-01  0.5245208E+00
  0.1530000E-01  0.5220436E+00
  0.1535000E-01  0.5196990E+00
  0.1540000E-01  0.5176523E+00
  0.1545000E-01  0.5159348E+00
  0.1550000E-01  0.5143653E+00
  0.1555000E-01  0.5127992E+00
  0.1560000E-01  0.5112189E+00
  0.1565000E-01  0.5095624E+00
  0.1570000E-01  0.5076555E+00
  0.1575000E-01  0.5053332E+00
  0.1580000E-01  0.5025874E+00
  0.1585000E-01  0.4995053E+00
  0.1590000E-01  0.4961711E+00
  0.1595000E-01  0.4927546E+00
  0.1600000E-01  0.4894743E+00
  0.1605000E-01  0.4863997E+00
  0.1610000E-01  0.4833757E+00
  0.1615000E-01  0.4802434E+00
  0.1620000E-01  0.4770561E+00
  0.1625000E-01  0.4738617E+00
  0.1630000E-01  0.4705313E+00
  0.1635000E-01  0.4670085E+00
  0.1640000E-01  0.4634654E+00
  0.1645000E-01  0.4601056E+00
  0.1650000E-01  0.4570787E+00
  0.1655000E-01  0.4543878E+00
  0.1660000E-01  0.4518739E+00
  0.1665000E-01  0.4493554E+00
  0.1670000E-01  0.4466718E+00
  0.1675000E-01  0.4436640E+00
  0.1680000E-01  0.4403455E+00
  0.1685000E-01  0.4369419E+00
  0.1690000E-01  0.4337424E+00
  0.1695000E-01  0.4309456E+00
  0.1700000E-01  0.4284898E+00
  0.1705000E-01  0.4262511E+00
  0.1710000E-01  0.4242048E+00
  0.1715000E-01  0.4223477E+00
  0.1720000E-01  0.4206786E+00
  0.1725000E-01  0.4191335E+00
  0.1730000E-01  0.4175896E+00
  0.1735000E-01  0.4160122E+00
  0.1740000E-01  0.4144180E+00
  0.1745000E-01  0.4127936E+00
  0.1750000E-01  0.4111369E+00
  0.1755000E-01  0.4094719E+00
  0.1760000E-01  0.4077659E+00
  0.1765000E-01  0.4059465E+00
  0.1770000E-01  0.4040158E+00
  0.1775000E-01  0.4020507E+00
  0.1780000E-01  0.4000885E+00
  0.1785000E-01  0.3980991E+00
  0.1790000E-01  0.3960381E+00
  0.1795000E-01  0.3938962E+00
  0.1800000E-01  0.3917694E+00
  0.1805000E-01  0.3897673E+00
  0.1810000E-01  0.3878411E+00
  0.1815000E-01  0.3859244E+00
  0.1820000E-01  0.3841028E+00
  0.1825000E-01  0.3824562E+00
  0.1830000E-01  0.3809521E+00
  0.1835000E-01  0.3794869E+00
  0.1840000E-01  0.3779828E+00
  0.1845000E-01  0.3764196E+00
  0.1850000E-01  0.3748310E+00
  0.1855000E-01  0.3732316E+00
  0.1860000E-01  0.3716377E+00
  0.1865000E-01  0.3701179E+00
  0.1870000E-01  0.3686593E+00
  0.1875000E-01  0.3671932E+00
  0.1880000E-01  0.3657303E+00
  0.1885000E-01  0.3642235E+00
  0.1890000E-01  0.3624980E+00
  0.1895000E-01  0.3605021E+00
  0.1900000E-01  0.3583436E+00
  0.1905000E-01  0.3560917E+00
  0.1910000E-01  0.3537048E+00
  0.1915000E-01  0.3511712E+00
  0.1920000E-01  0.3485579E+00
  0.1925000E-01  0.3458913E+00
  0.1930000E-01  0.3431561E+00
  0.1935000E-01  0.3403931E+00
  0.1940000E-01  0.3376585E+00
  0.1945000E-01  0.3350284E+00
  0.1950000E-01  0.3325389E+00
  0.1955000E-01  0.3300413E+00
  0.1960000E-01  0.3273767E+00
  0.1965000E-01  0.3245629E+00
  0.1970000E-01  0.3216970E+00
  0.1975000E-01  0.3188403E+00
  0.1980000E-01  0.3160285E+00
  0.1985000E-01  0.3132624E+00
  0.1990000E-01  0.3105007E+00
  0.1995000E-01  0.3077183E+00
  0.2000000E-01  0.3050067E+00
  0.2005000E-01  0.3024717E+00
  0.2010000E-01  0.3001225E+00
  0.2015000E-01  0.2979085E+00
  0.2020000E-01  0.2957771E+00
  0.2025000E-01  0.2937196E+00
  0.2030000E-01  0.2916861E+00
  0.2035000E-01  0.2895954E+00
  0.2040000E-01  0.2874651E+00
  0.2045000E-01  0.2853446E+00
  0.2050000E-01  0.2832945E+00
  0.2055000E-01  0.2813483E+00
  0.2060000E-01  0.2795065E+00
  0.2065000E-01  0.2778134E+00
  0.2070000E-01  0.2762909E+00
  0.2075000E-01  0.2749573E+00
  0.2080000E-01  0.2738935E+00
  0.2085000E-01  0.2731855E+00
  0.2090000E-01  0.2727886E+00
  0.2095000E-01  0.2725676E+00
  0.2100000E-01  0.2724192E+00
  0.2105000E-01  0.2723453E+00
  0.2110000E-01  0.2723268E+00
  0.2115000E-01  0.2722572E+00
  0.2120000E-01  0.2720597E+00
  0.2125000E-01  0.2716902E+00
  0.2130000E-01  0.2711556E+00
  0.2135000E-01  0.2704399E+00
  0.2140000E-01  0.2694414E+00
  0.2145000E-01  0.2681905E+00
  0.2150000E-01  0.2668372E+00
  0.2155000E-01  0.2654744E+00
  0.2160000E-01  0.2641513E+00
  0.2165000E-01  0.2628714E+00
  0.2170000E-01  0.2615895E+00
  0.2175000E-01  0.2602231E+00
  0.2180000E-01  0.2586888E+00
  0.2185000E-01  0.2569904E+00
  0.2190000E-01  0.2552024E+00
  0.2195000E-01  0.2533641E+00
  0.2200000E-01  0.2514761E+00
  0.2205000E-01  0.2495877E+00
  0.2210000E-01  0.2477587E+00
  0.2215000E-01  0.2460299E+00
  0.2220000E-01  0.2444267E+00
  0.2225000E-01  0.2428931E+00
  0.2230000E-01  0.2413932E+00
  0.2235000E-01  0.2399038E+00
  0.2240000E-01  0.2383742E+00
  0.2245000E-01  0.2368185E+00
  0.2250000E-01  0.2352837E+00
  0.2255000E-01  0.2338136E+00
  0.2260000E-01  0.2324394E+00
  0.2265000E-01  0.2311725E+00
  0.2270000E-01  0.2300356E+00
  0.2275000E-01  0.2290508E+00
  0.2280000E-01  0.2281719E+00
  0.2285000E-01  0.2273498E+00
  0.2290000E-01  0.2265794E+00
  0.2295000E-01  0.2258562E+00
  0.2300000E-01  0.2252227E+00
  0.2305000E-01  0.2247039E+00
  0.2310000E-01  0.2242472E+00
  0.2315000E-01  0.2237839E+00
  0.2320000E-01  0.2232513E+00
  0.2325000E-01  0.2225976E+00
  0.2330000E-01  0.2218241E+00
  0.2335000E-01  0.2209678E+00
  0.2340000E-01  0.2200656E+00
  0.2345000E-01  0.2191264E+00
  0.2350000E-01  0.2180961E+00
  0.2355000E-01  0.2169396E+00
  0.2360000E-01  0.2156764E+00
  0.2365000E-01  0.2144014E+00
  0.2370000E-01  0.2132574E+00
  0.2375000E-01  0.2123074E+00
  0.2380000E-01  0.2115053E+00
  0.2385000E-01  0.2107802E+00
  0.2390000E-01  0.2100838E+00
  0.2395000E-01  0.2094057E+00
  0.2400000E-01  0.2087364E+00
  0.2405000E-01  0.2080651E+00
  0.2410000E-01  0.2074052E+00
  0.2415000E-01  0.2067121E+00
  0.2420000E-01  0.2059002E+00
  0.2425000E-01  0.2049585E+00
  0.2430000E-01  0.2039172E+00
  0.2435000E-01  0.2028106E+00
  0.2440000E-01  0.2016902E+00
  0.2445000E-01  0.2005335E+00
  0.2450000E-01  0.1992703E+00
  0.2455000E-01  0.1978331E+00
  0.2460000E-01  0.1962025E+00
  0.2465000E-01  0.1944293E+00
  0.2470000E-01  0.1925563E+00
  0.2475000E-01  0.1906165E+00
  0.2480000E-01  0.1886446E+00
  0.2485000E-01  0.1866400E+00
  0.2490000E-01  0.1845987E+00
  0.2495000E-01  0.1825676E+00
  0.2500000E-01  0.1806405E+00
  0.2505000E-01  0.1788962E+00
  0.2510000E-01  0.1773307E+00
  0.2515000E-01  0.1758753E+00
  0.2520000E-01  0.1744190E+00
  0.2525000E-01  0.1728590E+00
  0.2530000E-01  0.1711997E+00
  0.2535000E-01  0.1695330E+00
  0.2540000E-01  0.1679243E+00
  0.2545000E-01  0.1664071E+00
  0.2550000E-01  0.1649852E+00
  0.2555000E-01  0.1636512E+00
  0.2560000E-01  0.1624271E+00
  0.2565000E-01  0.1613544E+00
  0.2570000E-01  0.1604493E+00
  0.2575000E-01  0.1596769E+00
  0.2580000E-01  0.1589779E+00
  0.2585000E-01  0.1582785E+00
  0.2590000E-01  0.1575347E+00
  0.2595000E-01  0.1567704E+00
  0.2600000E-01  0.1560792E+00
  0.2605000E-01  0.1555550E+00
  0.2610000E-01  0.1552479E+00
  0.2615000E-01  0.1551742E+00
  0.2620000E-01  0.1553320E+00
  0.2625000E-01  0.1557041E+00
  0.2630000E-01  0.1562211E+00
  0.2635000E-01  0.1567803E+00
  0.2640000E-01  0.1572892E+00
  0.2645000E-01  0.1576750E+00
  0.2650000E-01  0.1578569E+00
  0.2655000E-01  0.1577994E+00
  0.2660000E-01  0.1575610E+00
  0.2665000E-01  0.1572347E+00
  0.2670000E-01  0.1569423E+00
  0.2675000E-01  0.1567451E+00
  0.2680000E-01  0.1566137E+00
  0.2685000E-01  0.1565533E+00
  0.2690000E-01  0.1565580E+00
  0.2695000E-01  0.1565446E+00
  0.2700000E-01  0.1564403E+00
  0.2705000E-01  0.1562227E+00
  0.2710000E-01  0.1558843E+00
  0.2715000E-01  0.1554355E+00
  0.2720000E-01  0.1549059E+00
  0.2725000E-01  0.1543039E+00
  0.2730000E-01  0.1536559E+00
  0.2735000E-01  0.1530142E+00
  0.2740000E-01  0.1524111E+00
  0.2745000E-01  0.1518943E+00
  0.2750000E-01  0.1514867E+00
  0.2755000E-01  0.1511672E+00
  0.2760000E-01  0.1509132E+00
  0.2765000E-01  0.1507564E+00
  0.2770000E-01  0.1507344E+00
  0.2775000E-01  0.1508161E+00
  0.2780000E-01  0.1509731E+00
  0.2785000E-01  0.1512049E+00
  0.2790000E-01  0.1514785E+00
  0.2795000E-01  0.1517402E+00
  0.2800000E-01  0.1519595E+00
  0.2805000E-01  0.1521263E+00
  0.2810000E-01  0.1522730E+00
  0.2815000E-01  0.1524328E+00
  0.2820000E-01  0.1525946E+00
  0.2825000E-01  0.1527394E+00
  0.2830000E-01  0.1528403E+00
  0.2835000E-01  0.1528700E+00
  0.2840000E-01  0.1528454E+00
  0.2845000E-01  0.1527679E+00
  0.2850000E-01  0.1526023E+00
  0.2855000E-01  0.1523291E+00
  0.2860000E-01  0.1519283E+00
  0.2865000E-01  0.1514017E+00
  0.2870000E-01  0.1508064E+00
  0.2875000E-01  0.1502106E+00
  0.2880000E-01  0.1496373E+00
  0.2885000E-01  0.1490499E+00
  0.2890000E-01  0.1483926E+00
  0.2895000E-01  0.1476727E+00
  0.2900000E-01  0.1469267E+00
  0.2905000E-01  0.1461442E+00
  0.2910000E-01  0.1453172E+00
  0.2915000E-01  0.1444811E+00
  0.2920000E-01  0.1436462E+00
  0.2925000E-01  0.1427747E+00
  0.2930000E-01  0.1418201E+00
  0.2935000E-01  0.1407617E+00
  0.2940000E-01  0.1396024E+00
  0.2945000E-01  0.1384006E+00
  0.2950000E-01  0.1372809E+00
  0.2955000E-01  0.1363194E+00
  0.2960000E-01  0.1355143E+00
  0.2965000E-01  0.1348282E+00
  0.2970000E-01  0.1342198E+00
  0.2975000E-01  0.1336511E+00
  0.2980000E-01  0.1330997E+00
  0.2985000E-01  0.1325748E+00
  0.2990000E-01  0.1320613E+00
  0.2995000E-01  0.1315190E+00
  0.3000000E-01  0.1309321E+00
  0.3005000E-01  0.1302900E+00
  0.3010000E-01  0.1295495E+00
  0.3015000E-01  0.1286514E+00
  0.3020000E-01  0.1275876E+00
  0.3025000E-01  0.1264478E+00
  0.3030000E-01  0.1253187E+00
  0.3035000E-01  0.1242099E+00
  0.3040000E-01  0.1231142E+00
  0.3045000E-01  0.1220278E+00
  0.3050000E-01  0.1209662E+00
  0.3055000E-01  0.1199911E+00
  0.3060000E-01  0.1191607E+00
  0.3065000E-01  0.1184487E+00
  0.3070000E-01  0.1177799E+00
  0.3075000E-01  0.1171062E+00
  0.3080000E-01  0.1164143E+00
  0.3085000E-01  0.1157093E+00
  0.3090000E-01  0.1150183E+00
  0.3095000E-01  0.1143661E+00
  0.3100000E-01  0.1137453E+00
  0.3105000E-01  0.1131088E+00
  0.3110000E-01  0.1124046E+00
  0.3115000E-01  0.1116217E+00
  0.3120000E-01  0.1107838E+00
  0.3125000E-01  0.1099279E+00
  0.3130000E-01  0.1090648E+00
  0.3135000E-01  0.1081797E+00
  0.3140000E-01  0.1072704E+00
  0.3145000E-01  0.1063223E+00
  0.3150000E-01  0.1053177E+00
  0.3155000E-01  0.1042829E+00
  0.3160000E-01  0.1032488E+00
  0.3165000E-01  0.1022399E+00
  0.3170000E-01  0.1012957E+00
  0.3175000E-01  0.1004171E+00
  0.3180000E-01  0.9958804E-01
  0.3185000E-01  0.9883699E-01
  0.3190000E-01  0.9817592E-01
  0.3195000E-01  0.9755387E-01
  0.3200000E-01  0.9691740E-01
  0.3205000E-01  0.9627245E-01
  0.3210000E-01  0.9563028E-01
  0.3215000E-01  0.9498049E-01
  0.3220000E-01  0.9434656E-01
  0.3225000E-01  0.9376624E-01
  0.3230000E-01  0.9323988E-01
  0.3235000E-01  0.9273226E-01
  0.3240000E-01  0.9220306E-01
  0.3245000E-01  0.9162744E-01
  0.3250000E-01  0.9098951E-01
  0.3255000E-01  0.9030576E-01
  0.3260000E-01  0.8962379E-01
  0.3265000E-01  0.8896111E-01
  0.3270000E-01  0.8831804E-01
  0.3275000E-01  0.8769338E-01
  0.3280000E-01  0.8707969E-01
  0.3285000E-01  0.8649341E-01
  0.3290000E-01  0.8596751E-01
  0.3295000E-01  0.8552987E-01
  0.3300000E-01  0.8516747E-01
  0.3305000E-01  0.8484267E-01
  0.3310000E-01  0.8454393E-01
  0.3315000E-01  0.8425731E-01
  0.3320000E-01  0.8398391E-01
  0.3325000E-01  0.8372703E-01
  0.3330000E-01  0.8348628E-01
  0.3335000E-01  0.8326881E-01
  0.3340000E-01  0.8305696E-01
  0.3345000E-01  0.8284102E-01
  0.3350000E-01  0.8264124E-01
  0.3355000E-01  0.8248292E-01
  0.3360000E-01  0.8234586E-01
  0.3365000E-01  0.8218998E-01
  0.3370000E-01  0.8200105E-01
  0.3375000E-01  0.8176762E-01
  0.3380000E-01  0.8145944E-01
  0.3385000E-01  0.8105349E-01
  0.3390000E-01  0.8055904E-01
  0.3395000E-01  0.8001073E-01
  0.3400000E-01  0.7944511E-01
  0.3405000E-01  0.7887456E-01
  0.3410000E-01  0.7831456E-01
  0.3415000E-01  0.7779363E-01
  0.3420000E-01  0.7732207E-01
  0.3425000E-01  0.7690038E-01
  0.3430000E-01  0.7653220E-01
  0.3435000E-01  0.7620359E-01
  0.3440000E-01  0.7589499E-01
  0.3445000E-01  0.7560941E-01
  0.3450000E-01  0.7535001E-01
  0.3455000E-01  0.7510668E-01
  0.3460000E-01  0.7485172E-01
  0.3465000E-01  0.7454934E-01
  0.3470000E-01  0.7417904E-01
  0.3475000E-01  0.7373154E-01
  0.3480000E-01  0.7322141E-01
  0.3485000E-01  0.7268431E-01
  0.3490000E-01  0.7215726E-01
  0.3495000E-01  0.7168360E-01
  0.3500000E-01  0.7129950E-01
  0.3505000E-01  0.7101504E-01
  0.3510000E-01  0.7080703E-01
  0.3515000E-01  0.7063486E-01
  0.3520000E-01  0.7046982E-01
  0.3525000E-01  0.7029636E-01
  0.3530000E-01  0.7011519E-01
  0.3535000E-01  0.6994450E-01
  0.3540000E-01  0.6979565E-01
  0.3545000E-01  0.6966372E-01
  0.3550000E-01  0.6954117E-01
  0.3555000E-01  0.6942005E-01
  0.3560000E-01  0.6930448E-01
  0.3565000E-01  0.6920239E-01
  0.3570000E-01  0.6911852E-01
  0.3575000E-01  0.6905364E-01
  0.3580000E-01  0.6898421E-01
  0.3585000E-01  0.6888706E-01
  0.3590000E-01  0.6875666E-01
  0.3595000E-01  0.6860476E-01
  0.3600000E-01  0.6845026E-01
  0.3605000E-01  0.6830642E-01
  0.3610000E-01  0.6818253E-01
  0.3615000E-01  0.6807291E-01
  0.3620000E-01  0.6797154E-01
  0.3625000E-01  0.6789136E-01
  0.3630000E-01  0.6783997E-01
  0.3635000E-01  0.6780440E-01
  0.3640000E-01  0.6776044E-01
  0.3645000E-01  0.6769341E-01
  0.3650000E-01  0.6761022E-01
  0.3655000E-01  0.6752409E-01
  0.3660000E-01  0.6743152E-01
  0.3665000E-01  0.6732560E-01
  0.3670000E-01  0.6719762E-01
  0.3675000E-01  0.6702934E-01
  0.3680000E-01  0.6683114E-01
  0.3685000E-01  0.6661629E-01
  0.3690000E-01  0.6636764E-01
  0.3695000E-01  0.6606335E-01
  0.3700000E-01  0.6569941E-01
  0.3705000E-01  0.6528384E-01
  0.3710000E-01  0.6481463E-01
  0.3715000E-01  0.6428546E-01
  0.3720000E-01  0.6370651E-01
  0.3725000E-01  0.6309524E-01
  0.3730000E-01  0.6246037E-01
  0.3735000E-01  0.6181911E-01
  0.3740000E-01  0.6118347E-01
  0.3745000E-01  0.6055227E-01
  0.3750000E-01  0.5992408E-01
  0.3755000E-01  0.5929211E-01
  0.3760000E-01  0.5865070E-01
  0.3765000E-01  0.5800379E-01
  0.3770000E-01  0.5735847E-01
  0.3775000E-01  0.5670886E-01
  0.3780000E-01  0.5605338E-01
  0.3785000E-01  0.5540542E-01
  0.3790000E-01  0.5477775E-01
  0.3795000E-01  0.5416578E-01
  0.3800000E-01  0.5355778E-01
  0.3805000E-01  0.5295931E-01
  0.3810000E-01  0.5237723E-01
  0.3815000E-01  0.5181993E-01
  0.3820000E-01  0.5130551E-01
  0.3825000E-01  0.5083994E-01
  0.3830000E-01  0.5041506E-01
  0.3835000E-01  0.5002769E-01
  0.3840000E-01  0.4968359E-01
  0.3845000E-01  0.4937772E-01
  0.3850000E-01  0.4909207E-01
  0.3855000E-01  0.4881008E-01
  0.3860000E-01  0.4851808E-01
  0.3865000E-01  0.4821637E-01
  0.3870000E-01  0.4792528E-01
  0.3875000E-01  0.4767682E-01
  0.3880000E-01  0.4748186E-01
  0.3885000E-01  0.4730900E-01
  0.3890000E-01  0.4711748E-01
  0.3895000E-01  0.4688047E-01
  0.3900000E-01  0.4659402E-01
  0.3905000E-01  0.4627219E-01
  0.3910000E-01  0.4592536E-01
  0.3915000E-01  0.4556047E-01
  0.3920000E-01  0.4518270E-01
  0.3925000E-01  0.4479000E-01
  0.3930000E-01  0.4438443E-01
  0.3935000E-01  0.4396730E-01
  0.3940000E-01  0.4352994E-01
  0.3945000E-01  0.4306037E-01
  0.3950000E-01  0.4254951E-01
  0.3955000E-01  0.4200119E-01
  0.3960000E-01  0.4142557E-01
  0.3965000E-01  0.4083127E-01
  0.3970000E-01  0.4023398E-01
  0.3975000E-01  0.3965218E-01
  0.3980000E-01  0.3909031E-01
  0.3985000E-01  0.3853945E-01
  0.3990000E-01  0.3799093E-01
  0.3995000E-01  0.3744451E-01
  0.4000000E-01  0.3690626E-01
  0.4005000E-01  0.3638812E-01
  0.4010000E-01  0.3589732E-01
  0.4015000E-01  0.3543156E-01
  0.4020000E-01  0.3499127E-01
  0.4025000E-01  0.3458352E-01
  0.4030000E-01  0.3421145E-01
  0.4035000E-01  0.3386693E-01
  0.4040000E-01  0.3353512E-01
  0.4045000E-01  0.3319689E-01
  0.4050000E-01  0.3284363E-01
  0.4055000E-01  0.3247460E-01
  0.4060000E-01  0.3208477E-01
  0.4065000E-01  0.3168371E-01
  0.4070000E-01  0.3128896E-01
  0.4075000E-01  0.3090791E-01
  0.4080000E-01  0.3053916E-01
  0.4085000E-01  0.3018243E-01
  0.4090000E-01  0.2984941E-01
  0.4095000E-01  0.2955229E-01
  0.4100000E-01  0.2928480E-01
  0.4105000E-01  0.2902513E-01
  0.4110000E-01  0.2876303E-01
  0.4115000E-01  0.2849843E-01
  0.4120000E-01  0.2822190E-01
  0.4125000E-01  0.2792725E-01
  0.4130000E-01  0.2762059E-01
  0.4135000E-01  0.2731432E-01
  0.4140000E-01  0.2702261E-01
  0.4145000E-01  0.2675323E-01
  0.4150000E-01  0.2650539E-01
  0.4155000E-01  0.2627533E-01
  0.4160000E-01  0.2605970E-01
  0.4165000E-01  0.2585921E-01
  0.4170000E-01  0.2567384E-01
  0.4175000E-01  0.2550040E-01
  0.4180000E-01  0.2533107E-01
  0.4185000E-01  0.2514815E-01
  0.4190000E-01  0.2493688E-01
  0.4195000E-01  0.2470318E-01
  0.4200000E-01  0.2446652E-01
  0.4205000E-01  0.2423744E-01
  0.4210000E-01  0.2401383E-01
  0.4215000E-01  0.2378709E-01
  0.4220000E-01  0.2354127E-01
  0.4225000E-01  0.2326348E-01
  0.4230000E-01  0.2295865E-01
  0.4235000E-01  0.2263988E-01
  0.4240000E-01  0.2232047E-01
  0.4245000E-01  0.2201539E-01
  0.4250000E-01  0.2173287E-01
  0.4255000E-01  0.2147256E-01
  0.4260000E-01  0.2122617E-01
  0.4265000E-01  0.2097810E-01
  0.4270000E-01  0.2071966E-01
  0.4275000E-01  0.2045436E-01
  0.4280000E-01  0.2019206E-01
  0.4285000E-01  0.1994050E-01
  0.4290000E-01  0.1970083E-01
  0.4295000E-01  0.1947643E-01
  0.4300000E-01  0.1926945E-01
  0.4305000E-01  0.1907237E-01
  0.4310000E-01  0.1887350E-01
  0.4315000E-01  0.1867565E-01
  0.4320000E-01  0.1848320E-01
  0.4325000E-01  0.1828717E-01
  0.4330000E-01  0.1808487E-01
  0.4335000E-01  0.1788316E-01
  0.4340000E-01  0.1768554E-01
  0.4345000E-01  0.1748489E-01
  0.4350000E-01  0.1727788E-01
  0.4355000E-01  0.1707199E-01
  0.4360000E-01  0.1688002E-01
  0.4365000E-01  0.1671130E-01
  0.4370000E-01  0.1656674E-01
  0.4375000E-01  0.1644671E-01
  0.4380000E-01  0.1634476E-01
  0.4385000E-01  0.1625072E-01
  0.4390000E-01  0.1615767E-01
  0.4395000E-01  0.1606372E-01
  0.4400000E-01  0.1596563E-01
  0.4405000E-01  0.1584755E-01
  0.4410000E-01  0.1569588E-01
  0.4415000E-01  0.1550549E-01
  0.4420000E-01  0.1528047E-01
  0.4425000E-01  0.1503187E-01
  0.4430000E-01  0.1475930E-01
  0.4435000E-01  0.1446530E-01
  0.4440000E-01  0.1416412E-01
  0.4445000E-01  0.1386138E-01
  0.4450000E-01  0.1355967E-01
  0.4455000E-01  0.1326587E-01
  0.4460000E-01  0.1298675E-01
  0.4465000E-01  0.1273104E-01
  0.4470000E-01  0.1249979E-01
  0.4475000E-01  0.1228577E-01
  0.4480000E-01  0.1208287E-01
  0.4485000E-01  0.1188293E-01
  0.4490000E-01  0.1168017E-01
  0.4495000E-01  0.1147746E-01
  0.4500000E-01  0.1128400E-01
  0.4505000E-01  0.1110387E-01
  0.4510000E-01  0.1093277E-01
  0.4515000E-01  0.1076084E-01
  0.4520000E-01  0.1057232E-01
  0.4525000E-01  0.1035811E-01
  0.4530000E-01  0.1012498E-01
  0.4535000E-01  0.9884064E-02
  0.4540000E-01  0.9637020E-02
  0.4545000E-01  0.9380189E-02
  0.4550000E-01  0.9114277E-02
  0.4555000E-01  0.8845223E-02
  0.4560000E-01  0.8583784E-02
  0.4565000E-01  0.8339715E-02
  0.4570000E-01  0.8116989E-02
  0.4575000E-01  0.7911641E-02
  0.4580000E-01  0.7716676E-02
  0.4585000E-01  0.7528390E-02
  0.4590000E-01  0.7346596E-02
  0.4595000E-01  0.7176167E-02
  0.4600000E-01  0.7018016E-02
  0.4605000E-01  0.6869229E-02
  0.4610000E-01  0.6727744E-02
  0.4615000E-01  0.6590054E-02
  0.4620000E-01  0.6455966E-02
  0.4625000E-01  0.6328451E-02
  0.4630000E-01  0.6210453E-02
  0.4635000E-01  0.6103184E-02
  0.4640000E-01  0.6004577E-02
  0.4645000E-01  0.5912637E-02
  0.4650000E-01  0.5826216E-02
  0.4655000E-01  0.5742752E-02
  0.4660000E-01  0.5658320E-02
  0.4665000E-01  0.5569906E-02
  0.4670000E-01  0.5476110E-02
  0.4675000E-01  0.5377845E-02
  0.4680000E-01  0.5276301E-02
  0.4685000E-01  0.5168322E-02
  0.4690000E-01  0.5050815E-02
  0.4695000E-01  0.4921896E-02
  0.4700000E-01  0.4780803E-02
  0.4705000E-01  0.4629695E-02
  0.4710000E-01  0.4472249E-02
  0.4715000E-01  0.4312833E-02
  0.4720000E-01  0.4156469E-02
  0.4725000E-01  0.4007165E-02
  0.4730000E-01  0.3864012E-02
  0.4735000E-01  0.3726289E-02
  0.4740000E-01  0.3595697E-02
  0.4745000E-01  0.3474404E-02
  0.4750000E-01  0.3366772E-02
  0.4755000E-01  0.3275085E-02
  0.4760000E-01  0.3197167E-02
  0.4765000E-01  0.3129073E-02
  0.4770000E-01  0.3064848E-02
  0.4775000E-01  0.2997279E-02
  0.4780000E-01  0.2923488E-02
  0.4785000E-01  0.2844769E-02
  0.4790000E-01  0.2760862E-02
  0.4795000E-01  0.2669691E-02
  0.4800000E-01  0.2570211E-02
  0.4805000E-01  0.2464038E-02
  0.4810000E-01  0.2355355E-02
  0.4815000E-01  0.2247612E-02
  0.4820000E-01  0.2144339E-02
  0.4825000E-01  0.2047695E-02
  0.4830000E-01  0.1956132E-02
  0.4835000E-01  0.1867209E-02
  0.4840000E-01  0.1780957E-02
  0.4845000E-01  0.1698240E-02
  0.4850000E-01  0.1618442E-02
  0.4855000E-01  0.1541517E-02
  0.4860000E-01  0.1467375E-02
  0.4865000E-01  0.1395533E-02
  0.4870000E-01  0.1325396E-02
  0.4875000E-01  0.1256028E-02
  0.4880000E-01  0.1186389E-02
  0.4885000E-01  0.1115289E-02
  0.4890000E-01  0.1042583E-02
  0.4895000E-01  0.9703903E-03
  0.4900000E-01  0.9011045E-03
  0.4905000E-01  0.8351354E-03
  0.4910000E-01  0.7715416E-03
  0.4915000E-01  0.7092735E-03
  0.4920000E-01  0.6476584E-03
  0.4925000E-01  0.5865062E-03
  0.4930000E-01  0.5262098E-03
  0.4935000E-01  0.4671967E-03
  0.4940000E-01  0.4099228E-03
  0.4945000E-01  0.3554495E-03
  0.4950000E-01  0.3043394E-03
  0.4955000E-01  0.2566229E-03
  0.4960000E-01  0.2124339E-03
  0.4965000E-01  0.1722611E-03
  0.4970000E-01  0.1366803E-03
  0.4975000E-01  0.1057378E-03
  0.4980000E-01  0.7900592E-04
  0.4985000E-01  0.5587169E-04
  0.4990000E-01  0.3615217E-04
  0.4995000E-01  0.2017804E-04
  0.5000000E-01  0.8334976E-05
  0.5005000E-01  0.7914805E-06
  0.5010000E-01 -0.2407963E-05
  0.5015000E-01 -0.1141801E-05
  0.5020000E-01  0.4675602E-05
  0.5025000E-01  0.1485493E-04
  0.5030000E-01  0.2909990E-04
  0.5035000E-01  0.4724841E-04
  0.5040000E-01  0.6912380E-04
  0.5045000E-01  0.9469297E-04
  0.5050000E-01  0.1243076E-03
  0.5055000E-01  0.1583662E-03
  0.5060000E-01  0.1970800E-03
  0.5065000E-01  0.2402359E-03
  0.5070000E-01  0.2868522E-03
  0.5075000E-01  0.3357125E-03
  0.5080000E-01  0.3853108E-03
  0.5085000E-01  0.4337910E-03
  0.5090000E-01  0.4803971E-03
  0.5095000E-01  0.5258056E-03
  0.5100000E-01  0.5709495E-03
  0.5105000E-01  0.6159749E-03
  0.5110000E-01  0.6599843E-03
  0.5115000E-01  0.7038522E-03
  0.5120000E-01  0.7506113E-03
  0.5125000E-01  0.8023591E-03
  0.5130000E-01  0.8590851E-03
  0.5135000E-01  0.9196754E-03
  0.5140000E-01  0.9835129E-03
  0.5145000E-01  0.1050237E-02
  0.5150000E-01  0.1118834E-02
  0.5155000E-01  0.1188119E-02
  0.5160000E-01  0.1257840E-02
  0.5165000E-01  0.1328641E-02
  0.5170000E-01  0.1401441E-02
  0.5175000E-01  0.1477083E-02
  0.5180000E-01  0.1555730E-02
  0.5185000E-01  0.1637368E-02
  0.5190000E-01  0.1722527E-02
  0.5195000E-01  0.1810784E-02
  0.5200000E-01  0.1900353E-02
  0.5205000E-01  0.1990044E-02
  0.5210000E-01  0.2079788E-02
  0.5215000E-01  0.2169396E-02
  0.5220000E-01  0.2257606E-02
  0.5225000E-01  0.2343165E-02
  0.5230000E-01  0.2426523E-02
  0.5235000E-01  0.2508263E-02
  0.5240000E-01  0.2588312E-02
  0.5245000E-01  0.2666123E-02
  0.5250000E-01  0.2740176E-02
  0.5255000E-01  0.2809471E-02
  0.5260000E-01  0.2875632E-02
  0.5265000E-01  0.2943067E-02
  0.5270000E-01  0.3016447E-02
  0.5275000E-01  0.3098293E-02
  0.5280000E-01  0.3188382E-02
  0.5285000E-01  0.3284109E-02
  0.5290000E-01  0.3385175E-02
  0.5295000E-01  0.3494271E-02
  0.5300000E-01  0.3611546E-02
  0.5305000E-01  0.3736148E-02
  0.5310000E-01  0.3867896E-02
  0.5315000E-01  0.4004955E-02
  0.5320000E-01  0.4146220E-02
  0.5325000E-01  0.4292033E-02
  0.5330000E-01  0.4441435E-02
  0.5335000E-01  0.4592254E-02
  0.5340000E-01  0.4742178E-02
  0.5345000E-01  0.4887670E-02
  0.5350000E-01  0.5025938E-02
  0.5355000E-01  0.5158469E-02
  0.5360000E-01  0.5288433E-02
  0.5365000E-01  0.5419096E-02
  0.5370000E-01  0.5555680E-02
  0.5375000E-01  0.5701305E-02
  0.5380000E-01  0.5854020E-02
  0.5385000E-01  0.6010420E-02
  0.5390000E-01  0.6167434E-02
  0.5395000E-01  0.6321756E-02
  0.5400000E-01  0.6470443E-02
  0.5405000E-01  0.6611000E-02
  0.5410000E-01  0.6740961E-02
  0.5415000E-01  0.6860501E-02
  0.5420000E-01  0.6971173E-02
  0.5425000E-01  0.7073676E-02
  0.5430000E-01  0.7170428E-02
  0.5435000E-01  0.7265359E-02
  0.5440000E-01  0.7363066E-02
  0.5445000E-01  0.7470796E-02
  0.5450000E-01  0.7597219E-02
  0.5455000E-01  0.7747113E-02
  0.5460000E-01  0.7922812E-02
  0.5465000E-01  0.8127457E-02
  0.5470000E-01  0.8360124E-02
  0.5475000E-01  0.8611380E-02
  0.5480000E-01  0.8867860E-02
  0.5485000E-01  0.9120070E-02
  0.5490000E-01  0.9362811E-02
  0.5495000E-01  0.9595364E-02
  0.5500000E-01  0.9821963E-02
  0.5505000E-01  0.1004876E-01
  0.5510000E-01  0.1028356E-01
  0.5515000E-01  0.1053371E-01
  0.5520000E-01  0.1079936E-01
  0.5525000E-01  0.1107227E-01
  0.5530000E-01  0.1134136E-01
  0.5535000E-01  0.1160290E-01
  0.5540000E-01  0.1186237E-01
  0.5545000E-01  0.1212363E-01
  0.5550000E-01  0.1238616E-01
  0.5555000E-01  0.1265027E-01
  0.5560000E-01  0.1291698E-01
  0.5565000E-01  0.1318697E-01
  0.5570000E-01  0.1346055E-01
  0.5575000E-01  0.1373430E-01
  0.5580000E-01  0.1400392E-01
  0.5585000E-01  0.1426760E-01
  0.5590000E-01  0.1452654E-01
  0.5595000E-01  0.1478507E-01
  0.5600000E-01  0.1504113E-01
  0.5605000E-01  0.1528629E-01
  0.5610000E-01  0.1551201E-01
  0.5615000E-01  0.1570768E-01
  0.5620000E-01  0.1586911E-01
  0.5625000E-01  0.1600418E-01
  0.5630000E-01  0.1612450E-01
  0.5635000E-01  0.1623503E-01
  0.5640000E-01  0.1633825E-01
  0.5645000E-01  0.1643901E-01
  0.5650000E-01  0.1653743E-01
  0.5655000E-01  0.1662994E-01
  0.5660000E-01  0.1671133E-01
  0.5665000E-01  0.1677574E-01
  0.5670000E-01  0.1682048E-01
  0.5675000E-01  0.1684382E-01
  0.5680000E-01  0.1684580E-01
  0.5685000E-01  0.1684196E-01
  0.5690000E-01  0.1685441E-01
  0.5695000E-01  0.1689298E-01
  0.5700000E-01  0.1696264E-01
  0.5705000E-01  0.1707197E-01
  0.5710000E-01  0.1722679E-01
  0.5715000E-01  0.1742250E-01
  0.5720000E-01  0.1765273E-01
  0.5725000E-01  0.1791511E-01
  0.5730000E-01  0.1820219E-01
  0.5735000E-01  0.1850384E-01
  0.5740000E-01  0.1881399E-01
  0.5745000E-01  0.1913446E-01
  0.5750000E-01  0.1947533E-01
  0.5755000E-01  0.1984522E-01
  0.5760000E-01  0.2024360E-01
  0.5765000E-01  0.2066075E-01
  0.5770000E-01  0.2108914E-01
  0.5775000E-01  0.2152882E-01
  0.5780000E-01  0.2197410E-01
  0.5785000E-01  0.2241678E-01
  0.5790000E-01  0.2286015E-01
  0.5795000E-01  0.2331358E-01
  0.5800000E-01  0.2377800E-01
  0.5805000E-01  0.2424661E-01
  0.5810000E-01  0.2471908E-01
  0.5815000E-01  0.2519920E-01
  0.5820000E-01  0.2568578E-01
  0.5825000E-01  0.2617485E-01
  0.5830000E-01  0.2666870E-01
  0.5835000E-01  0.2717072E-01
  0.5840000E-01  0.2767132E-01
  0.5845000E-01  0.2815539E-01
  0.5850000E-01  0.2862166E-01
  0.5855000E-01  0.2907743E-01
  0.5860000E-01  0.2952604E-01
  0.5865000E-01  0.2996033E-01
  0.5870000E-01  0.3036894E-01
  0.5875000E-01  0.3076154E-01
  0.5880000E-01  0.3116009E-01
  0.5885000E-01  0.3157294E-01
  0.5890000E-01  0.3199774E-01
  0.5895000E-01  0.3243270E-01
  0.5900000E-01  0.3288245E-01
  0.5905000E-01  0.3334488E-01
  0.5910000E-01  0.3380961E-01
  0.5915000E-01  0.3427637E-01
  0.5920000E-01  0.3474481E-01
  0.5925000E-01  0.3520451E-01
  0.5930000E-01  0.3564815E-01
  0.5935000E-01  0.3607980E-01
  0.5940000E-01  0.3650115E-01
  0.5945000E-01  0.3690674E-01
  0.5950000E-01  0.3730027E-01
  0.5955000E-01  0.3769184E-01
  0.5960000E-01  0.3809173E-01
  0.5965000E-01  0.3850748E-01
  0.5970000E-01  0.3893705E-01
  0.5975000E-01  0.3937666E-01
  0.5980000E-01  0.3982864E-01
  0.5985000E-01  0.4029769E-01
  0.5990000E-01  0.4078473E-01
  0.5995000E-01  0.4128354E-01
  0.6000000E-01  0.4178449E-01
  0.6005000E-01  0.4227762E-01
  0.6010000E-01  0.4275237E-01
  0.6015000E-01  0.4320486E-01
  0.6020000E-01  0.4363994E-01
  0.6025000E-01  0.4406593E-01
  0.6030000E-01  0.4448200E-01
  0.6035000E-01  0.4488195E-01
  0.6040000E-01  0.4526692E-01
  0.6045000E-01  0.4564183E-01
  0.6050000E-01  0.4601405E-01
  0.6055000E-01  0.4638763E-01
  0.6060000E-01  0.4677540E-01
  0.6065000E-01  0.4718816E-01
  0.6070000E-01  0.4761170E-01
  0.6075000E-01  0.4802633E-01
  0.6080000E-01  0.4840919E-01
  0.6085000E-01  0.4875243E-01
  0.6090000E-01  0.4907222E-01
  0.6095000E-01  0.4936765E-01
  0.6100000E-01  0.4962635E-01
  0.6105000E-01  0.4984324E-01
  0.6110000E-01  0.5001873E-01
  0.6115000E-01  0.5017294E-01
  0.6120000E-01  0.5032074E-01
  0.6125000E-01  0.5045264E-01
  0.6130000E-01  0.5056912E-01
  0.6135000E-01  0.5068334E-01
  0.6140000E-01  0.5080195E-01
  0.6145000E-01  0.5092392E-01
  0.6150000E-01  0.5105135E-01
  0.6155000E-01  0.5119263E-01
  0.6160000E-01  0.5135125E-01
  0.6165000E-01  0.5152529E-01
  0.6170000E-01  0.5171173E-01
  0.6175000E-01  0.5190166E-01
  0.6180000E-01  0.5207305E-01
  0.6185000E-01  0.5220316E-01
  0.6190000E-01  0.5229585E-01
  0.6195000E-01  0.5237903E-01
  0.6200000E-01  0.5247556E-01
  0.6205000E-01  0.5260241E-01
  0.6210000E-01  0.5277830E-01
  0.6215000E-01  0.5301073E-01
  0.6220000E-01  0.5328887E-01
  0.6225000E-01  0.5359611E-01
  0.6230000E-01  0.5392770E-01
  0.6235000E-01  0.5429002E-01
  0.6240000E-01  0.5468097E-01
  0.6245000E-01  0.5507929E-01
  0.6250000E-01  0.5546353E-01
  0.6255000E-01  0.5582178E-01
  0.6260000E-01  0.5613793E-01
  0.6265000E-01  0.5640773E-01
  0.6270000E-01  0.5663925E-01
  0.6275000E-01  0.5683066E-01
  0.6280000E-01  0.5697347E-01
  0.6285000E-01  0.5707897E-01
  0.6290000E-01  0.5716731E-01
  0.6295000E-01  0.5725131E-01
  0.6300000E-01  0.5734720E-01
  0.6305000E-01  0.5745716E-01
  0.6310000E-01  0.5759605E-01
  0.6315000E-01  0.5777390E-01
  0.6320000E-01  0.5796532E-01
  0.6325000E-01  0.5814942E-01
  0.6330000E-01  0.5831399E-01
  0.6335000E-01  0.5845304E-01
  0.6340000E-01  0.5856514E-01
  0.6345000E-01  0.5865372E-01
  0.6350000E-01  0.5871321E-01
  0.6355000E-01  0.5873480E-01
  0.6360000E-01  0.5872818E-01
  0.6365000E-01  0.5870085E-01
  0.6370000E-01  0.5866894E-01
  0.6375000E-01  0.5865952E-01
  0.6380000E-01  0.5869484E-01
  0.6385000E-01  0.5877321E-01
  0.6390000E-01  0.5888005E-01
  0.6395000E-01  0.5902287E-01
  0.6400000E-01  0.5920551E-01
  0.6405000E-01  0.5942214E-01
  0.6410000E-01  0.5968093E-01
  0.6415000E-01  0.5999961E-01
  0.6420000E-01  0.6038115E-01
  0.6425000E-01  0.6080220E-01
  0.6430000E-01  0.6124364E-01
  0.6435000E-01  0.6169594E-01
  0.6440000E-01  0.6214509E-01
  0.6445000E-01  0.6257610E-01
  0.6450000E-01  0.6297584E-01
  0.6455000E-01  0.6334693E-01
  0.6460000E-01  0.6370294E-01
  0.6465000E-01  0.6406125E-01
  0.6470000E-01  0.6444373E-01
  0.6475000E-01  0.6486750E-01
  0.6480000E-01  0.6534721E-01
  0.6485000E-01  0.6589169E-01
  0.6490000E-01  0.6649367E-01
  0.6495000E-01  0.6714103E-01
  0.6500000E-01  0.6782751E-01
  0.6505000E-01  0.6853256E-01
  0.6510000E-01  0.6922428E-01
  0.6515000E-01  0.6989671E-01
  0.6520000E-01  0.7057789E-01
  0.6525000E-01  0.7129377E-01
  0.6530000E-01  0.7203994E-01
  0.6535000E-01  0.7280705E-01
  0.6540000E-01  0.7359712E-01
  0.6545000E-01  0.7440207E-01
  0.6550000E-01  0.7519851E-01
  0.6555000E-01  0.7597603E-01
  0.6560000E-01  0.7675804E-01
  0.6565000E-01  0.7758860E-01
  0.6570000E-01  0.7850192E-01
  0.6575000E-01  0.7949619E-01
  0.6580000E-01  0.8055180E-01
  0.6585000E-01  0.8166693E-01
  0.6590000E-01  0.8285235E-01
  0.6595000E-01  0.8410158E-01
  0.6600000E-01  0.8540710E-01
  0.6605000E-01  0.8676425E-01
  0.6610000E-01  0.8814934E-01
  0.6615000E-01  0.8953795E-01
  0.6620000E-01  0.9090351E-01
  0.6625000E-01  0.9221732E-01
  0.6630000E-01  0.9345553E-01
  0.6635000E-01  0.9461266E-01
  0.6640000E-01  0.9570616E-01
  0.6645000E-01  0.9672318E-01
  0.6650000E-01  0.9761665E-01
  0.6655000E-01  0.9838947E-01
  0.6660000E-01  0.9909367E-01
  0.6665000E-01  0.9976160E-01
  0.6670000E-01  0.1003982E+00
  0.6675000E-01  0.1010153E+00
  0.6680000E-01  0.1016405E+00
  0.6685000E-01  0.1022937E+00
  0.6690000E-01  0.1029655E+00
  0.6695000E-01  0.1036425E+00
  0.6700000E-01  0.1043213E+00
  0.6705000E-01  0.1049936E+00
  0.6710000E-01  0.1056486E+00
  0.6715000E-01  0.1062697E+00
  0.6720000E-01  0.1068397E+00
  0.6725000E-01  0.1073498E+00
  0.6730000E-01  0.1078169E+00
  0.6735000E-01  0.1082527E+00
  0.6740000E-01  0.1086406E+00
  0.6745000E-01  0.1089739E+00
  0.6750000E-01  0.1092743E+00
  0.6755000E-01  0.1095532E+00
  0.6760000E-01  0.1097902E+00
  0.6765000E-01  0.1099498E+00
  0.6770000E-01  0.1100108E+00
  0.6775000E-01  0.1099923E+00
  0.6780000E-01  0.1099447E+00
  0.6785000E-01  0.1099047E+00
  0.6790000E-01  0.1098851E+00
  0.6795000E-01  0.1099059E+00
  0.6800000E-01  0.1100011E+00
  0.6805000E-01  0.1101595E+00
  0.6810000E-01  0.1103156E+00
  0.6815000E-01  0.1104500E+00
  0.6820000E-01  0.1105914E+00
  0.6825000E-01  0.1107590E+00
  0.6830000E-01  0.1109469E+00
  0.6835000E-01  0.1111462E+00
  0.6840000E-01  0.1113828E+00
  0.6845000E-01  0.1116883E+00
  0.6850000E-01  0.1120562E+00
  0.6855000E-01  0.1124598E+00
  0.6860000E-01  0.1128775E+00
  0.6865000E-01  0.1132721E+00
  0.6870000E-01  0.1136072E+00
  0.6875000E-01  0.1138929E+00
  0.6880000E-01  0.1141282E+00
  0.6885000E-01  0.1142872E+00
  0.6890000E-01  0.1143587E+00
  0.6895000E-01  0.1143230E+00
  0.6900000E-01  0.1141603E+00
  0.6905000E-01  0.1138729E+00
  0.6910000E-01  0.1134993E+00
  0.6915000E-01  0.1131233E+00
  0.6920000E-01  0.1128033E+00
  0.6925000E-01  0.1125482E+00
  0.6930000E-01  0.1123615E+00
  0.6935000E-01  0.1122523E+00
  0.6940000E-01  0.1122471E+00
  0.6945000E-01  0.1123713E+00
  0.6950000E-01  0.1126039E+00
  0.6955000E-01  0.1129283E+00
  0.6960000E-01  0.1133724E+00
  0.6965000E-01  0.1139461E+00
  0.6970000E-01  0.1146206E+00
  0.6975000E-01  0.1153826E+00
  0.6980000E-01  0.1162593E+00
  0.6985000E-01  0.1172671E+00
  0.6990000E-01  0.1183960E+00
  0.6995000E-01  0.1196388E+00
  0.7000000E-01  0.1209847E+00
  0.7005000E-01  0.1224226E+00
  0.7010000E-01  0.1239327E+00
  0.7015000E-01  0.1254628E+00
  0.7020000E-01  0.1269730E+00
  0.7025000E-01  0.1284312E+00
  0.7030000E-01  0.1297816E+00
  0.7035000E-01  0.1309871E+00
  0.7040000E-01  0.1320357E+00
  0.7045000E-01  0.1329187E+00
  0.7050000E-01  0.1336812E+00
  0.7055000E-01  0.1344043E+00
  0.7060000E-01  0.1351097E+00
  0.7065000E-01  0.1357583E+00
  0.7070000E-01  0.1363504E+00
  0.7075000E-01  0.1369315E+00
  0.7080000E-01  0.1375258E+00
  0.7085000E-01  0.1381197E+00
  0.7090000E-01  0.1387045E+00
  0.7095000E-01  0.1393191E+00
  0.7100000E-01  0.1399637E+00
  0.7105000E-01  0.1405728E+00
  0.7110000E-01  0.1411272E+00
  0.7115000E-01  0.1416864E+00
  0.7120000E-01  0.1422714E+00
  0.7125000E-01  0.1428420E+00
  0.7130000E-01  0.1433651E+00
  0.7135000E-01  0.1438374E+00
  0.7140000E-01  0.1442691E+00
  0.7145000E-01  0.1446803E+00
  0.7150000E-01  0.1451061E+00
  0.7155000E-01  0.1455937E+00
  0.7160000E-01  0.1461962E+00
  0.7165000E-01  0.1469384E+00
  0.7170000E-01  0.1478348E+00
  0.7175000E-01  0.1489120E+00
  0.7180000E-01  0.1501266E+00
  0.7185000E-01  0.1513610E+00
  0.7190000E-01  0.1525177E+00
  0.7195000E-01  0.1535464E+00
  0.7200000E-01  0.1544636E+00
  0.7205000E-01  0.1553008E+00
  0.7210000E-01  0.1560592E+00
  0.7215000E-01  0.1567511E+00
  0.7220000E-01  0.1573968E+00
  0.7225000E-01  0.1579857E+00
  0.7230000E-01  0.1585001E+00
  0.7235000E-01  0.1589500E+00
  0.7240000E-01  0.1593716E+00
  0.7245000E-01  0.1598238E+00
  0.7250000E-01  0.1603396E+00
  0.7255000E-01  0.1608445E+00
  0.7260000E-01  0.1612763E+00
  0.7265000E-01  0.1616577E+00
  0.7270000E-01  0.1620217E+00
  0.7275000E-01  0.1624065E+00
  0.7280000E-01  0.1628281E+00
  0.7285000E-01  0.1633234E+00
  0.7290000E-01  0.1639402E+00
  0.7295000E-01  0.1646676E+00
  0.7300000E-01  0.1654551E+00
  0.7305000E-01  0.1662455E+00
  0.7310000E-01  0.1669998E+00
  0.7315000E-01  0.1677034E+00
  0.7320000E-01  0.1683384E+00
  0.7325000E-01  0.1689163E+00
  0.7330000E-01  0.1694762E+00
  0.7335000E-01  0.1700151E+00
  0.7340000E-01  0.1705445E+00
  0.7345000E-01  0.1711081E+00
  0.7350000E-01  0.1717177E+00
  0.7355000E-01  0.1723697E+00
  0.7360000E-01  0.1730230E+00
  0.7365000E-01  0.1736014E+00
  0.7370000E-01  0.1741011E+00
  0.7375000E-01  0.1745978E+00
  0.7380000E-01  0.1751405E+00
  0.7385000E-01  0.1757387E+00
  0.7390000E-01  0.1763859E+00
  0.7395000E-01  0.1770401E+00
  0.7400000E-01  0.1776301E+00
  0.7405000E-01  0.1781623E+00
  0.7410000E-01  0.1787485E+00
  0.7415000E-01  0.1795321E+00
  0.7420000E-01  0.1806052E+00
  0.7425000E-01  0.1819496E+00
  0.7430000E-01  0.1835042E+00
  0.7435000E-01  0.1852240E+00
  0.7440000E-01  0.1870687E+00
  0.7445000E-01  0.1889587E+00
  0.7450000E-01  0.1907674E+00
  0.7455000E-01  0.1923679E+00
  0.7460000E-01  0.1936947E+00
  0.7465000E-01  0.1947661E+00
  0.7470000E-01  0.1956484E+00
  0.7475000E-01  0.1964172E+00
  0.7480000E-01  0.1971304E+00
  0.7485000E-01  0.1978533E+00
  0.7490000E-01  0.1986865E+00
  0.7495000E-01  0.1996619E+00
  0.7500000E-01  0.2006788E+00
  0.7505000E-01  0.2016748E+00
  0.7510000E-01  0.2026614E+00
  0.7515000E-01  0.2035852E+00
  0.7520000E-01  0.2043841E+00
  0.7525000E-01  0.2050736E+00
  0.7530000E-01  0.2057375E+00
  0.7535000E-01  0.2064426E+00
  0.7540000E-01  0.2071788E+00
  0.7545000E-01  0.2079351E+00
  0.7550000E-01  0.2087561E+00
  0.7555000E-01  0.2096190E+00
  0.7560000E-01  0.2103662E+00
  0.7565000E-01  0.2109359E+00
  0.7570000E-01  0.2113976E+00
  0.7575000E-01  0.2118046E+00
  0.7580000E-01  0.2121712E+00
  0.7585000E-01  0.2124692E+00
  0.7590000E-01  0.2126965E+00
  0.7595000E-01  0.2129331E+00
  0.7600000E-01  0.2132915E+00
  0.7605000E-01  0.2138315E+00
  0.7610000E-01  0.2144604E+00
  0.7615000E-01  0.2150087E+00
  0.7620000E-01  0.2154258E+00
  0.7625000E-01  0.2157732E+00
  0.7630000E-01  0.2161237E+00
  0.7635000E-01  0.2164948E+00
  0.7640000E-01  0.2168714E+00
  0.7645000E-01  0.2172709E+00
  0.7650000E-01  0.2176601E+00
  0.7655000E-01  0.2179384E+00
  0.7660000E-01  0.2180804E+00
  0.7665000E-01  0.2181994E+00
  0.7670000E-01  0.2184574E+00
  0.7675000E-01  0.2189183E+00
  0.7680000E-01  0.2195518E+00
  0.7685000E-01  0.2203187E+00
  0.7690000E-01  0.2212216E+00
  0.7695000E-01  0.2222857E+00
  0.7700000E-01  0.2235072E+00
  0.7705000E-01  0.2248566E+00
  0.7710000E-01  0.2262915E+00
  0.7715000E-01  0.2277480E+00
  0.7720000E-01  0.2292080E+00
  0.7725000E-01  0.2307456E+00
  0.7730000E-01  0.2324249E+00
  0.7735000E-01  0.2342535E+00
  0.7740000E-01  0.2362259E+00
  0.7745000E-01  0.2383639E+00
  0.7750000E-01  0.2406692E+00
  0.7755000E-01  0.2430869E+00
  0.7760000E-01  0.2455443E+00
  0.7765000E-01  0.2479434E+00
  0.7770000E-01  0.2502166E+00
  0.7775000E-01  0.2523326E+00
  0.7780000E-01  0.2542465E+00
  0.7785000E-01  0.2559227E+00
  0.7790000E-01  0.2574110E+00
  0.7795000E-01  0.2588125E+00
  0.7800000E-01  0.2601708E+00
  0.7805000E-01  0.2615216E+00
  0.7810000E-01  0.2629048E+00
  0.7815000E-01  0.2643208E+00
  0.7820000E-01  0.2657344E+00
  0.7825000E-01  0.2670774E+00
  0.7830000E-01  0.2682369E+00
  0.7835000E-01  0.2691264E+00
  0.7840000E-01  0.2698303E+00
  0.7845000E-01  0.2705106E+00
  0.7850000E-01  0.2712630E+00
  0.7855000E-01  0.2721598E+00
  0.7860000E-01  0.2732134E+00
  0.7865000E-01  0.2744329E+00
  0.7870000E-01  0.2758442E+00
  0.7875000E-01  0.2773816E+00
  0.7880000E-01  0.2789376E+00
  0.7885000E-01  0.2804011E+00
  0.7890000E-01  0.2816956E+00
  0.7895000E-01  0.2828185E+00
  0.7900000E-01  0.2837624E+00
  0.7905000E-01  0.2845680E+00
  0.7910000E-01  0.2854278E+00
  0.7915000E-01  0.2865024E+00
  0.7920000E-01  0.2877282E+00
  0.7925000E-01  0.2889445E+00
  0.7930000E-01  0.2901187E+00
  0.7935000E-01  0.2913367E+00
  0.7940000E-01  0.2926154E+00
  0.7945000E-01  0.2938580E+00
  0.7950000E-01  0.2949732E+00
  0.7955000E-01  0.2959094E+00
  0.7960000E-01  0.2967191E+00
  0.7965000E-01  0.2975813E+00
  0.7970000E-01  0.2986001E+00
  0.7975000E-01  0.2997365E+00
  0.7980000E-01  0.3008979E+00
  0.7985000E-01  0.3020232E+00
  0.7990000E-01  0.3030764E+00
  0.7995000E-01  0.3040223E+00
  0.8000000E-01  0.3048664E+00
  0.8005000E-01  0.3056585E+00
  0.8010000E-01  0.3064589E+00
  0.8015000E-01  0.3073060E+00
  0.8020000E-01  0.3081749E+00
  0.8025000E-01  0.3090260E+00
  0.8030000E-01  0.3098320E+00
  0.8035000E-01  0.3105768E+00
  0.8040000E-01  0.3113678E+00
  0.8045000E-01  0.3122730E+00
  0.8050000E-01  0.3132103E+00
  0.8055000E-01  0.3141453E+00
  0.8060000E-01  0.3151868E+00
  0.8065000E-01  0.3164801E+00
  0.8070000E-01  0.3180131E+00
  0.8075000E-01  0.3197094E+00
  0.8080000E-01  0.3215301E+00
  0.8085000E-01  0.3234158E+00
  0.8090000E-01  0.3253460E+00
  0.8095000E-01  0.3273337E+00
  0.8100000E-01  0.3293712E+00
  0.8105000E-01  0.3313964E+00
  0.8110000E-01  0.3333711E+00
  0.8115000E-01  0.3353096E+00
  0.8120000E-01  0.3371357E+00
  0.8125000E-01  0.3387406E+00
  0.8130000E-01  0.3401708E+00
  0.8135000E-01  0.3416033E+00
  0.8140000E-01  0.3431485E+00
  0.8145000E-01  0.3448976E+00
  0.8150000E-01  0.3469705E+00
  0.8155000E-01  0.3493661E+00
  0.8160000E-01  0.3520931E+00
  0.8165000E-01  0.3551926E+00
  0.8170000E-01  0.3586356E+00
  0.8175000E-01  0.3623607E+00
  0.8180000E-01  0.3662274E+00
  0.8185000E-01  0.3700910E+00
  0.8190000E-01  0.3738865E+00
  0.8195000E-01  0.3775568E+00
  0.8200000E-01  0.3810850E+00
  0.8205000E-01  0.3844947E+00
  0.8210000E-01  0.3877931E+00
  0.8215000E-01  0.3909578E+00
  0.8220000E-01  0.3939044E+00
  0.8225000E-01  0.3965571E+00
  0.8230000E-01  0.3990143E+00
  0.8235000E-01  0.4013947E+00
  0.8240000E-01  0.4037006E+00
  0.8245000E-01  0.4060443E+00
  0.8250000E-01  0.4085545E+00
  0.8255000E-01  0.4112030E+00
  0.8260000E-01  0.4140021E+00
  0.8265000E-01  0.4169827E+00
  0.8270000E-01  0.4200610E+00
  0.8275000E-01  0.4230692E+00
  0.8280000E-01  0.4258276E+00
  0.8285000E-01  0.4283475E+00
  0.8290000E-01  0.4307812E+00
  0.8295000E-01  0.4331228E+00
  0.8300000E-01  0.4352712E+00
  0.8305000E-01  0.4372419E+00
  0.8310000E-01  0.4390571E+00
  0.8315000E-01  0.4407011E+00
  0.8320000E-01  0.4421848E+00
  0.8325000E-01  0.4435904E+00
  0.8330000E-01  0.4451309E+00
  0.8335000E-01  0.4469484E+00
  0.8340000E-01  0.4489334E+00
  0.8345000E-01  0.4508492E+00
  0.8350000E-01  0.4526186E+00
  0.8355000E-01  0.4543527E+00
  0.8360000E-01  0.4561871E+00
  0.8365000E-01  0.4582017E+00
  0.8370000E-01  0.4602556E+00
  0.8375000E-01  0.4621686E+00
  0.8380000E-01  0.4638823E+00
  0.8385000E-01  0.4653329E+00
  0.8390000E-01  0.4665285E+00
  0.8395000E-01  0.4676484E+00
  0.8400000E-01  0.4688480E+00
  0.8405000E-01  0.4701489E+00
  0.8410000E-01  0.4715538E+00
  0.8415000E-01  0.4730553E+00
  0.8420000E-01  0.4746841E+00
  0.8425000E-01  0.4766436E+00
  0.8430000E-01  0.4791285E+00
  0.8435000E-01  0.4820680E+00
  0.8440000E-01  0.4852357E+00
  0.8445000E-01  0.4884463E+00
  0.8450000E-01  0.4916821E+00
  0.8455000E-01  0.4949747E+00
  0.8460000E-01  0.4982865E+00
  0.8465000E-01  0.5015897E+00
  0.8470000E-01  0.5047922E+00
  0.8475000E-01  0.5077662E+00
  0.8480000E-01  0.5104889E+00
  0.8485000E-01  0.5131350E+00
  0.8490000E-01  0.5159851E+00
  0.8495000E-01  0.5191348E+00
  0.8500000E-01  0.5224981E+00
  0.8505000E-01  0.5259574E+00
  0.8510000E-01  0.5294324E+00
  0.8515000E-01  0.5330143E+00
  0.8520000E-01  0.5368224E+00
  0.8525000E-01  0.5407663E+00
  0.8530000E-01  0.5447047E+00
  0.8535000E-01  0.5485383E+00
  0.8540000E-01  0.5522078E+00
  0.8545000E-01  0.5556516E+00
  0.8550000E-01  0.5587026E+00
  0.8555000E-01  0.5613223E+00
  0.8560000E-01  0.5636364E+00
  0.8565000E-01  0.5657214E+00
  0.8570000E-01  0.5677028E+00
  0.8575000E-01  0.5697401E+00
  0.8580000E-01  0.5718949E+00
  0.8585000E-01  0.5740766E+00
  0.8590000E-01  0.5761403E+00
  0.8595000E-01  0.5780788E+00
  0.8600000E-01  0.5799088E+00
  0.8605000E-01  0.5815720E+00
  0.8610000E-01  0.5831508E+00
  0.8615000E-01  0.5848855E+00
  0.8620000E-01  0.5869416E+00
  0.8625000E-01  0.5892965E+00
  0.8630000E-01  0.5917286E+00
  0.8635000E-01  0.5939066E+00
  0.8640000E-01  0.5956844E+00
  0.8645000E-01  0.5971279E+00
  0.8650000E-01  0.5984071E+00
  0.8655000E-01  0.5997611E+00
  0.8660000E-01  0.6012670E+00
  0.8665000E-01  0.6029504E+00
  0.8670000E-01  0.6048757E+00
  0.8675000E-01  0.6070465E+00
  0.8680000E-01  0.6095102E+00
  0.8685000E-01  0.6123364E+00
  0.8690000E-01  0.6155944E+00
  0.8695000E-01  0.6193455E+00
  0.8700000E-01  0.6235947E+00
  0.8705000E-01  0.6283339E+00
  0.8710000E-01  0.6334199E+00
  0.8715000E-01  0.6385890E+00
  0.8720000E-01  0.6436218E+00
  0.8725000E-01  0.6484419E+00
  0.8730000E-01  0.6532321E+00
  0.8735000E-01  0.6581557E+00
  0.8740000E-01  0.6632749E+00
  0.8745000E-01  0.6686162E+00
  0.8750000E-01  0.6740912E+00
  0.8755000E-01  0.6796049E+00
  0.8760000E-01  0.6850253E+00
  0.8765000E-01  0.6902981E+00
  0.8770000E-01  0.6955997E+00
  0.8775000E-01  0.7012342E+00
  0.8780000E-01  0.7072843E+00
  0.8785000E-01  0.7134506E+00
  0.8790000E-01  0.7194650E+00
  0.8795000E-01  0.7253252E+00
  0.8800000E-01  0.7309572E+00
  0.8805000E-01  0.7363258E+00
  0.8810000E-01  0.7417069E+00
  0.8815000E-01  0.7472740E+00
  0.8820000E-01  0.7529911E+00
  0.8825000E-01  0.7587087E+00
  0.8830000E-01  0.7643468E+00
  0.8835000E-01  0.7699811E+00
  0.8840000E-01  0.7755900E+00
  0.8845000E-01  0.7810226E+00
  0.8850000E-01  0.7862296E+00
  0.8855000E-01  0.7912024E+00
  0.8860000E-01  0.7958716E+00
  0.8865000E-01  0.8002754E+00
  0.8870000E-01  0.8045985E+00
  0.8875000E-01  0.8091738E+00
  0.8880000E-01  0.8141978E+00
  0.8885000E-01  0.8196060E+00
  0.8890000E-01  0.8252271E+00
  0.8895000E-01  0.8309573E+00
  0.8900000E-01  0.8368028E+00
  0.8905000E-01  0.8427513E+00
  0.8910000E-01  0.8486128E+00
  0.8915000E-01  0.8541027E+00
  0.8920000E-01  0.8592755E+00
  0.8925000E-01  0.8644132E+00
  0.8930000E-01  0.8697607E+00
  0.8935000E-01  0.8753996E+00
  0.8940000E-01  0.8810979E+00
  0.8945000E-01  0.8867088E+00
  0.8950000E-01  0.8923266E+00
  0.8955000E-01  0.8981102E+00
  0.8960000E-01  0.9041165E+00
  0.8965000E-01  0.9102375E+00
  0.8970000E-01  0.9164208E+00
  0.8975000E-01  0.9226703E+00
  0.8980000E-01  0.9290478E+00
  0.8985000E-01  0.9355830E+00
  0.8990000E-01  0.9422683E+00
  0.8995000E-01  0.9492347E+00
  0.9000000E-01  0.9566189E+00
  0.9005000E-01  0.9645285E+00
  0.9010000E-01  0.9730477E+00
  0.9015000E-01  0.9822208E+00
  0.9020000E-01  0.9920435E+00
  0.9025000E-01  0.1002260E+01
  0.9030000E-01  0.1012589E+01
  0.9035000E-01  0.1022849E+01
  0.9040000E-01  0.1032722E+01
  0.9045000E-01  0.1042112E+01
  0.9050000E-01  0.1051170E+01
  0.9055000E-01  0.1060027E+01
  0.9060000E-01  0.1068719E+01
  0.9065000E-01  0.1077051E+01
  0.9070000E-01  0.1084981E+01
  0.9075000E-01  0.1092665E+01
  0.9080000E-01  0.1100071E+01
  0.9085000E-01  0.1107073E+01
  0.9090000E-01  0.1113504E+01
  0.9095000E-01  0.1119365E+01
  0.9100000E-01  0.1125073E+01
  0.9105000E-01  0.1131192E+01
  0.9110000E-01  0.1138256E+01
  0.9115000E-01  0.1146404E+01
  0.9120000E-01  0.1155274E+01
  0.9125000E-01  0.1164467E+01
  0.9130000E-01  0.1173790E+01
  0.9135000E-01  0.1183361E+01
  0.9140000E-01  0.1193391E+01
  0.9145000E-01  0.1203771E+01
  0.9150000E-01  0.1214141E+01
  0.9155000E-01  0.1224075E+01
  0.9160000E-01  0.1233287E+01
  0.9165000E-01  0.1241914E+01
  0.9170000E-01  0.1250329E+01
  0.9175000E-01  0.1258968E+01
  0.9180000E-01  0.1268177E+01
  0.9185000E-01  0.1277806E+01
  0.9190000E-01  0.1287641E+01
  0.9195000E-01  0.1297775E+01
  0.9200000E-01  0.1308026E+01
  0.9205000E-01  0.1318086E+01
  0.9210000E-01  0.1327981E+01
  0.9215000E-01  0.1337765E+01
  0.9220000E-01  0.1347346E+01
  0.9225000E-01  0.1356638E+01
  0.9230000E-01  0.1365668E+01
  0.9235000E-01  0.1374677E+01
  0.9240000E-01  0.1383564E+01
  0.9245000E-01  0.1391827E+01
  0.9250000E-01  0.1399613E+01
  0.9255000E-01  0.1407542E+01
  0.9260000E-01  0.1415909E+01
  0.9265000E-01  0.1424685E+01
  0.9270000E-01  0.1433991E+01
  0.9275000E-01  0.1444164E+01
  0.9280000E-01  0.1455096E+01
  0.9285000E-01  0.1466258E+01
  0.9290000E-01  0.1477015E+01
  0.9295000E-01  0.1487256E+01
  0.9300000E-01  0.1497632E+01
  0.9305000E-01  0.1508866E+01
  0.9310000E-01  0.1521275E+01
  0.9315000E-01  0.1534610E+01
  0.9320000E-01  0.1548494E+01
  0.9325000E-01  0.1562812E+01
  0.9330000E-01  0.1577349E+01
  0.9335000E-01  0.1591910E+01
  0.9340000E-01  0.1606692E+01
  0.9345000E-01  0.1621902E+01
  0.9350000E-01  0.1637401E+01
  0.9355000E-01  0.1653198E+01
  0.9360000E-01  0.1669833E+01
  0.9365000E-01  0.1687728E+01
  0.9370000E-01  0.1706884E+01
  0.9375000E-01  0.1727162E+01
  0.9380000E-01  0.1748549E+01
  0.9385000E-01  0.1770758E+01
  0.9390000E-01  0.1793338E+01
  0.9395000E-01  0.1816271E+01
  0.9400000E-01  0.1839902E+01
  0.9405000E-01  0.1864545E+01
  0.9410000E-01  0.1890184E+01
  0.9415000E-01  0.1916598E+01
  0.9420000E-01  0.1943600E+01
  0.9425000E-01  0.1971082E+01
  0.9430000E-01  0.1999133E+01
  0.9435000E-01  0.2028105E+01
  0.9440000E-01  0.2058119E+01
  0.9445000E-01  0.2088870E+01
  0.9450000E-01  0.2119907E+01
  0.9455000E-01  0.2151216E+01
  0.9460000E-01  0.2182986E+01
  0.9465000E-01  0.2215033E+01
  0.9470000E-01  0.2246989E+01
  0.9475000E-01  0.2278625E+01
  0.9480000E-01  0.2309724E+01
  0.9485000E-01  0.2340301E+01
  0.9490000E-01  0.2370557E+01
  0.9495000E-01  0.2400580E+01
  0.9500000E-01  0.2430511E+01
  0.9505000E-01  0.2460453E+01
  0.9510000E-01  0.2490829E+01
  0.9515000E-01  0.2522167E+01
  0.9520000E-01  0.2554628E+01
  0.9525000E-01  0.2588151E+01
  0.9530000E-01  0.2622639E+01
  0.9535000E-01  0.2658030E+01
  0.9540000E-01  0.2694476E+01
  0.9545000E-01  0.2732199E+01
  0.9550000E-01  0.2771498E+01
  0.9555000E-01  0.2813027E+01
  0.9560000E-01  0.2856973E+01
  0.9565000E-01  0.2902876E+01
  0.9570000E-01  0.2950153E+01
  0.9575000E-01  0.2997985E+01
  0.9580000E-01  0.3045570E+01
  0.9585000E-01  0.3092653E+01
  0.9590000E-01  0.3139212E+01
  0.9595000E-01  0.3185480E+01
  0.9600000E-01  0.3231762E+01
  0.9605000E-01  0.3278172E+01
  0.9610000E-01  0.3325268E+01
  0.9615000E-01  0.3373717E+01
  0.9620000E-01  0.3423497E+01
  0.9625000E-01  0.3473887E+01
  0.9630000E-01  0.3524097E+01
  0.9635000E-01  0.3573863E+01
  0.9640000E-01  0.3623317E+01
  0.9645000E-01  0.3673005E+01
  0.9650000E-01  0.3723638E+01
  0.9655000E-01  0.3775616E+01
  0.9660000E-01  0.3828592E+01
  0.9665000E-01  0.3881497E+01
  0.9670000E-01  0.3933367E+01
  0.9675000E-01  0.3984275E+01
  0.9680000E-01  0.4034757E+01
  0.9685000E-01  0.4085080E+01
  0.9690000E-01  0.4135282E+01
  0.9695000E-01  0.4185405E+01
  0.9700000E-01  0.4236027E+01
  0.9705000E-01  0.4288184E+01
  0.9710000E-01  0.4342141E+01
  0.9715000E-01  0.4397749E+01
  0.9720000E-01  0.4455506E+01
  0.9725000E-01  0.4515814E+01
  0.9730000E-01  0.4578838E+01
  0.9735000E-01  0.4644876E+01
  0.9740000E-01  0.4714459E+01
  0.9745000E-01  0.4788986E+01
  0.9750000E-01  0.4870123E+01
  0.9755000E-01  0.4958937E+01
  0.9760000E-01  0.5056391E+01
  0.9765000E-01  0.5164590E+01
  0.9770000E-01  0.5286291E+01
  0.9775000E-01  0.5423825E+01
  0.9780000E-01  0.5579775E+01
  0.9785000E-01  0.5757609E+01
  0.9790000E-01  0.5960547E+01
  0.9795000E-01  0.6192089E+01
  0.9800000E-01  0.6456548E+01
  0.9805000E-01  0.6757576E+01
  0.9810000E-01  0.7097963E+01
  0.9815000E-01  0.7480428E+01
  0.9820000E-01  0.7907310E+01
  0.9825000E-01  0.8380027E+01
  0.9830000E-01  0.8898250E+01
  0.9835000E-01  0.9459397E+01
  0.9840000E-01  0.1005847E+02
  0.9845000E-01  0.1068822E+02
  0.9850000E-01  0.1133884E+02
  0.9855000E-01  0.1199786E+02
  0.9860000E-01  0.1265087E+02
  0.9865000E-01  0.1328176E+02
  0.9870000E-01  0.1387340E+02
  0.9875000E-01  0.1440790E+02
  0.9880000E-01  0.1486722E+02
  0.9885000E-01  0.1523336E+02
  0.9890000E-01  0.1548890E+02
  0.9895000E-01  0.1561731E+02
  0.9900000E-01  0.1560344E+02
  0.9905000E-01  0.1543388E+02
  0.9910000E-01  0.1509759E+02
  0.9915000E-01  0.1458669E+02
  0.9920000E-01  0.1389756E+02
  0.9925000E-01  0.1303231E+02
  0.9930000E-01  0.1200046E+02
  0.9935000E-01  0.1082050E+02
  0.9940000E-01  0.9521080E+01
  0.9945000E-01  0.8140885E+01
  0.9950000E-01  0.6727717E+01
  0.9955000E-01  0.5336611E+01
  0.9960000E-01  0.4025847E+01
  0.9965000E-01  0.2851326E+01
  0.9970000E-01  0.1860256E+01
  0.9975000E-01  0.1084853E+01
  0.9980000E-01  0.5361422E+00
  0.9985000E-01  0.2008710E+00
  0.9990000E-01  0.4171230E-01
  0.9995000E-01  0.0000000E+00
  0.1000000E+00  0.0000000E+00
