  0.0000000E+00  0.0000000E+00
  0.5000000E-04  0.2153565E-12
  0.1000000E-03  0.4050918E-01
  0.1500000E-03  0.1797809E+00
  0.2000000E-03  0.4226927E+00
  0.2500000E-03  0.7131060E+00
  0.3000000E-03  0.9632616E+00
  0.3500000E-03  0.1073750E+01
  0.4000000E-03  0.9579984E+00
  0.4500000E-03  0.5741063E+00
  0.5000000E-03 -0.7764421E-01
  0.5500000E-03 -0.9591617E+00
  0.6000000E-03 -0.2009674E+01
  0.6500000E-03 -0.3158136E+01
  0.7000000E-03 -0.4333725E+01
  0.7500000E-03 -0.5477947E+01
  0.8000000E-03 -0.6540424E+01
  0.8500000E-03 -0.7490981E+01
  0.9000000E-03 -0.8310781E+01
  0.9500000E-03 -0.8981066E+01
  0.1000000E-02 -0.9503360E+01
  0.1050000E-02 -0.9872228E+01
  0.1100000E-02 -0.1008565E+02
  0.1150000E-02 -0.1015152E+02
  0.1200000E-02 -0.1007256E+02
  0.1250000E-02 -0.9854684E+01
  0.1300000E-02 -0.9495954E+01
  0.1350000E-02 -0.9015552E+01
  0.1400000E-02 -0.8414922E+01
  0.1450000E-02 -0.7737568E+01
  0.1500000E-02 -0.6961236E+01
  0.1550000E-02 -0.6174667E+01
  0.1600000E-02 -0.5353575E+01
  0.1650000E-02 -0.4565586E+01
  0.1700000E-02 -0.3787491E+01
  0.1750000E-02 -0.3075802E+01
  0.1800000E-02 -0.2393565E+01
  0.1850000E-02 -0.1802810E+01
  0.1900000E-02 -0.1272387E+01
  0.1950000E-02 -0.8344395E+00
  0.2000000E-02 -0.4321148E+00
  0.2050000E-02 -0.1221044E+00
  0.2100000E-02  0.1553421E+00
  0.2150000E-02  0.3680448E+00
  0.2200000E-02  0.5504960E+00
  0.2250000E-02  0.6710350E+00
  0.2300000E-02  0.7852903E+00
  0.2350000E-02  0.8635710E+00
  0.2400000E-02  0.9469075E+00
  0.2450000E-02  0.9897625E+00
  0.2500000E-02  0.1009524E+01
  0.2550000E-02  0.9967586E+00
  0.2600000E-02  0.9939786E+00
  0.2650000E-02  0.9727887E+00
  0.2700000E-02  0.9602389E+00
  0.2750000E-02  0.9319969E+00
  0.2800000E-02  0.9087339E+00
  0.2850000E-02  0.8713829E+00
  0.2900000E-02  0.8405449E+00
  0.2950000E-02  0.8060031E+00
  0.3000000E-02  0.8012224E+00
  0.3050000E-02  0.8019489E+00
  0.3100000E-02  0.7822087E+00
  0.3150000E-02  0.7397143E+00
  0.3200000E-02  0.6864926E+00
  0.3250000E-02  0.6214582E+00
  0.3300000E-02  0.5812811E+00
  0.3350000E-02  0.5589081E+00
  0.3400000E-02  0.5679326E+00
  0.3450000E-02  0.5688280E+00
  0.3500000E-02  0.5777591E+00
  0.3550000E-02  0.5768060E+00
  0.3600000E-02  0.5744197E+00
  0.3650000E-02  0.5625351E+00
  0.3700000E-02  0.5495830E+00
  0.3750000E-02  0.5303682E+00
  0.3800000E-02  0.5214626E+00
  0.3850000E-02  0.5170314E+00
  0.3900000E-02  0.5223521E+00
  0.3950000E-02  0.5137522E+00
  0.4000000E-02  0.4997829E+00
  0.4050000E-02  0.4837772E+00
  0.4100000E-02  0.4803104E+00
  0.4150000E-02  0.4822938E+00
  0.4200000E-02  0.4838130E+00
  0.4250000E-02  0.4796909E+00
  0.4300000E-02  0.4679284E+00
  0.4350000E-02  0.4491643E+00
  0.4400000E-02  0.4370245E+00
  0.4450000E-02  0.4270637E+00
  0.4500000E-02  0.4255093E+00
  0.4550000E-02  0.4237092E+00
  0.4600000E-02  0.4255241E+00
  0.4650000E-02  0.4219855E+00
  0.4700000E-02  0.4203373E+00
  0.4750000E-02  0.4225876E+00
  0.4800000E-02  0.4287277E+00
  0.4850000E-02  0.4287430E+00
  0.4900000E-02  0.4135362E+00
  0.4950000E-02  0.3968774E+00
  0.5000000E-02  0.3908264E+00
  0.5050000E-02  0.3916099E+00
  0.5100000E-02  0.4003206E+00
  0.5150000E-02  0.4127928E+00
  0.5200000E-02  0.4285462E+00
  0.5250000E-02  0.4367971E+00
  0.5300000E-02  0.4390094E+00
  0.5350000E-02  0.4400558E+00
  0.5400000E-02  0.4436532E+00
  0.5450000E-02  0.4493133E+00
  0.5500000E-02  0.4502331E+00
  0.5550000E-02  0.4469395E+00
  0.5600000E-02  0.4384004E+00
  0.5650000E-02  0.4290967E+00
  0.5700000E-02  0.4275738E+00
  0.5750000E-02  0.4297366E+00
  0.5800000E-02  0.4326842E+00
  0.5850000E-02  0.4317775E+00
  0.5900000E-02  0.4347726E+00
  0.5950000E-02  0.4341217E+00
  0.6000000E-02  0.4276207E+00
  0.6050000E-02  0.4217618E+00
  0.6100000E-02  0.4285895E+00
  0.6150000E-02  0.4352175E+00
  0.6200000E-02  0.4348595E+00
  0.6250000E-02  0.4195347E+00
  0.6300000E-02  0.4125708E+00
  0.6350000E-02  0.4142489E+00
  0.6400000E-02  0.4171724E+00
  0.6450000E-02  0.4193973E+00
  0.6500000E-02  0.4181952E+00
  0.6550000E-02  0.4177025E+00
  0.6600000E-02  0.4235074E+00
  0.6650000E-02  0.4255650E+00
  0.6700000E-02  0.4206056E+00
  0.6750000E-02  0.4101038E+00
  0.6800000E-02  0.4028995E+00
  0.6850000E-02  0.3929724E+00
  0.6900000E-02  0.3818878E+00
  0.6950000E-02  0.3693494E+00
  0.7000000E-02  0.3607241E+00
  0.7050000E-02  0.3612410E+00
  0.7100000E-02  0.3591775E+00
  0.7150000E-02  0.3506778E+00
  0.7200000E-02  0.3521210E+00
  0.7250000E-02  0.3531877E+00
  0.7300000E-02  0.3465456E+00
  0.7350000E-02  0.3332271E+00
  0.7400000E-02  0.3263717E+00
  0.7450000E-02  0.3185669E+00
  0.7500000E-02  0.3096795E+00
  0.7550000E-02  0.3073163E+00
  0.7600000E-02  0.3075919E+00
  0.7650000E-02  0.3015201E+00
  0.7700000E-02  0.2896395E+00
  0.7750000E-02  0.2821947E+00
  0.7800000E-02  0.2803946E+00
  0.7850000E-02  0.2822132E+00
  0.7900000E-02  0.2749510E+00
  0.7950000E-02  0.2653664E+00
  0.8000000E-02  0.2575797E+00
  0.8050000E-02  0.2547310E+00
  0.8100000E-02  0.2505993E+00
  0.8150000E-02  0.2445204E+00
  0.8200000E-02  0.2423993E+00
  0.8250000E-02  0.2434453E+00
  0.8300000E-02  0.2532351E+00
  0.8350000E-02  0.2601829E+00
  0.8400000E-02  0.2643498E+00
  0.8450000E-02  0.2719789E+00
  0.8500000E-02  0.2691584E+00
  0.8550000E-02  0.2589885E+00
  0.8600000E-02  0.2571675E+00
  0.8650000E-02  0.2650213E+00
  0.8700000E-02  0.2772928E+00
  0.8750000E-02  0.2859922E+00
  0.8800000E-02  0.2901560E+00
  0.8850000E-02  0.2921564E+00
  0.8900000E-02  0.2942176E+00
  0.8950000E-02  0.2942670E+00
  0.9000000E-02  0.3011828E+00
  0.9050000E-02  0.3039547E+00
  0.9100000E-02  0.3048390E+00
  0.9150000E-02  0.3018972E+00
  0.9200000E-02  0.2977649E+00
  0.9250000E-02  0.2909183E+00
  0.9300000E-02  0.2805233E+00
  0.9350000E-02  0.2695919E+00
  0.9400000E-02  0.2678605E+00
  0.9450000E-02  0.2719110E+00
  0.9500000E-02  0.2801124E+00
  0.9550000E-02  0.2870395E+00
  0.9600000E-02  0.2887850E+00
  0.9650000E-02  0.2841218E+00
  0.9700000E-02  0.2782955E+00
  0.9750000E-02  0.2763477E+00
  0.9800000E-02  0.2707392E+00
  0.9850000E-02  0.2645340E+00
  0.9900000E-02  0.2584613E+00
  0.9950000E-02  0.2530503E+00
  0.1000000E-01  0.2516225E+00
  0.1005000E-01  0.2551431E+00
  0.1010000E-01  0.2577791E+00
  0.1015000E-01  0.2561186E+00
  0.1020000E-01  0.2521765E+00
  0.1025000E-01  0.2489881E+00
  0.1030000E-01  0.2465966E+00
  0.1035000E-01  0.2463231E+00
  0.1040000E-01  0.2559765E+00
  0.1045000E-01  0.2683064E+00
  0.1050000E-01  0.2756182E+00
  0.1055000E-01  0.2771936E+00
  0.1060000E-01  0.2761974E+00
  0.1065000E-01  0.2698210E+00
  0.1070000E-01  0.2639951E+00
  0.1075000E-01  0.2614417E+00
  0.1080000E-01  0.2581795E+00
  0.1085000E-01  0.2575689E+00
  0.1090000E-01  0.2567913E+00
  0.1095000E-01  0.2530944E+00
  0.1100000E-01  0.2470132E+00
  0.1105000E-01  0.2439013E+00
  0.1110000E-01  0.2468425E+00
  0.1115000E-01  0.2408595E+00
  0.1120000E-01  0.2324347E+00
  0.1125000E-01  0.2285523E+00
  0.1130000E-01  0.2263155E+00
  0.1135000E-01  0.2293589E+00
  0.1140000E-01  0.2342980E+00
  0.1145000E-01  0.2373691E+00
  0.1150000E-01  0.2356123E+00
  0.1155000E-01  0.2323530E+00
  0.1160000E-01  0.2335620E+00
  0.1165000E-01  0.2335734E+00
  0.1170000E-01  0.2317567E+00
  0.1175000E-01  0.2258513E+00
  0.1180000E-01  0.2210139E+00
  0.1185000E-01  0.2183224E+00
  0.1190000E-01  0.2201691E+00
  0.1195000E-01  0.2263984E+00
  0.1200000E-01  0.2301654E+00
  0.1205000E-01  0.2301050E+00
  0.1210000E-01  0.2242658E+00
  0.1215000E-01  0.2182011E+00
  0.1220000E-01  0.2149353E+00
  0.1225000E-01  0.2100145E+00
  0.1230000E-01  0.2070972E+00
  0.1235000E-01  0.2074958E+00
  0.1240000E-01  0.2043045E+00
  0.1245000E-01  0.1996510E+00
  0.1250000E-01  0.1970947E+00
  0.1255000E-01  0.1931243E+00
  0.1260000E-01  0.1873120E+00
  0.1265000E-01  0.1826019E+00
  0.1270000E-01  0.1837664E+00
  0.1275000E-01  0.1871495E+00
  0.1280000E-01  0.1875625E+00
  0.1285000E-01  0.1840691E+00
  0.1290000E-01  0.1840985E+00
  0.1295000E-01  0.1860244E+00
  0.1300000E-01  0.1866160E+00
  0.1305000E-01  0.1865897E+00
  0.1310000E-01  0.1850726E+00
  0.1315000E-01  0.1813254E+00
  0.1320000E-01  0.1777442E+00
  0.1325000E-01  0.1792699E+00
  0.1330000E-01  0.1839037E+00
  0.1335000E-01  0.1842202E+00
  0.1340000E-01  0.1843262E+00
  0.1345000E-01  0.1858918E+00
  0.1350000E-01  0.1855274E+00
  0.1355000E-01  0.1833827E+00
  0.1360000E-01  0.1808611E+00
  0.1365000E-01  0.1789954E+00
  0.1370000E-01  0.1810328E+00
  0.1375000E-01  0.1846356E+00
  0.1380000E-01  0.1872024E+00
  0.1385000E-01  0.1869516E+00
  0.1390000E-01  0.1877907E+00
  0.1395000E-01  0.1840304E+00
  0.1400000E-01  0.1758814E+00
  0.1405000E-01  0.1696791E+00
  0.1410000E-01  0.1653679E+00
  0.1415000E-01  0.1611751E+00
  0.1420000E-01  0.1607988E+00
  0.1425000E-01  0.1567963E+00
  0.1430000E-01  0.1538325E+00
  0.1435000E-01  0.1542465E+00
  0.1440000E-01  0.1561092E+00
  0.1445000E-01  0.1580134E+00
  0.1450000E-01  0.1589062E+00
  0.1455000E-01  0.1603522E+00
  0.1460000E-01  0.1630957E+00
  0.1465000E-01  0.1638327E+00
  0.1470000E-01  0.1640779E+00
  0.1475000E-01  0.1621656E+00
  0.1480000E-01  0.1571177E+00
  0.1485000E-01  0.1519648E+00
  0.1490000E-01  0.1491130E+00
  0.1495000E-01  0.1485566E+00
  0.1500000E-01  0.1454995E+00
  0.1505000E-01  0.1425400E+00
  0.1510000E-01  0.1389300E+00
  0.1515000E-01  0.1384663E+00
  0.1520000E-01  0.1436967E+00
  0.1525000E-01  0.1472078E+00
  0.1530000E-01  0.1480831E+00
  0.1535000E-01  0.1446279E+00
  0.1540000E-01  0.1419265E+00
  0.1545000E-01  0.1426431E+00
  0.1550000E-01  0.1459644E+00
  0.1555000E-01  0.1475104E+00
  0.1560000E-01  0.1438886E+00
  0.1565000E-01  0.1409605E+00
  0.1570000E-01  0.1401776E+00
  0.1575000E-01  0.1356925E+00
  0.1580000E-01  0.1329744E+00
  0.1585000E-01  0.1341322E+00
  0.1590000E-01  0.1368847E+00
  0.1595000E-01  0.1377438E+00
  0.1600000E-01  0.1413691E+00
  0.1605000E-01  0.1440849E+00
  0.1610000E-01  0.1455725E+00
  0.1615000E-01  0.1433569E+00
  0.1620000E-01  0.1409437E+00
  0.1625000E-01  0.1364735E+00
  0.1630000E-01  0.1337114E+00
  0.1635000E-01  0.1327283E+00
  0.1640000E-01  0.1324854E+00
  0.1645000E-01  0.1337645E+00
  0.1650000E-01  0.1383122E+00
  0.1655000E-01  0.1440455E+00
  0.1660000E-01  0.1481156E+00
  0.1665000E-01  0.1492364E+00
  0.1670000E-01  0.1502247E+00
  0.1675000E-01  0.1514648E+00
  0.1680000E-01  0.1544710E+00
  0.1685000E-01  0.1573060E+00
  0.1690000E-01  0.1564629E+00
  0.1695000E-01  0.1549844E+00
  0.1700000E-01  0.1528978E+00
  0.1705000E-01  0.1474016E+00
  0.1710000E-01  0.1413763E+00
  0.1715000E-01  0.1358396E+00
  0.1720000E-01  0.1339366E+00
  0.1725000E-01  0.1331786E+00
  0.1730000E-01  0.1355626E+00
  0.1735000E-01  0.1392376E+00
  0.1740000E-01  0.1393209E+00
  0.1745000E-01  0.1388694E+00
  0.1750000E-01  0.1379988E+00
  0.1755000E-01  0.1344289E+00
  0.1760000E-01  0.1311071E+00
  0.1765000E-01  0.1316769E+00
  0.1770000E-01  0.1338183E+00
  0.1775000E-01  0.1350139E+00
  0.1780000E-01  0.1376811E+00
  0.1785000E-01  0.1401055E+00
  0.1790000E-01  0.1441726E+00
  0.1795000E-01  0.1470006E+00
  0.1800000E-01  0.1462934E+00
  0.1805000E-01  0.1463880E+00
  0.1810000E-01  0.1440513E+00
  0.1815000E-01  0.1393903E+00
  0.1820000E-01  0.1361949E+00
  0.1825000E-01  0.1369632E+00
  0.1830000E-01  0.1370630E+00
  0.1835000E-01  0.1379425E+00
  0.1840000E-01  0.1388539E+00
  0.1845000E-01  0.1368684E+00
  0.1850000E-01  0.1363250E+00
  0.1855000E-01  0.1361654E+00
  0.1860000E-01  0.1373402E+00
  0.1865000E-01  0.1400195E+00
  0.1870000E-01  0.1414846E+00
  0.1875000E-01  0.1451224E+00
  0.1880000E-01  0.1512287E+00
  0.1885000E-01  0.1567718E+00
  0.1890000E-01  0.1615805E+00
  0.1895000E-01  0.1624549E+00
  0.1900000E-01  0.1603083E+00
  0.1905000E-01  0.1553369E+00
  0.1910000E-01  0.1512936E+00
  0.1915000E-01  0.1503871E+00
  0.1920000E-01  0.1510719E+00
  0.1925000E-01  0.1526360E+00
  0.1930000E-01  0.1559039E+00
  0.1935000E-01  0.1576968E+00
  0.1940000E-01  0.1572503E+00
  0.1945000E-01  0.1561111E+00
  0.1950000E-01  0.1548797E+00
  0.1955000E-01  0.1514216E+00
  0.1960000E-01  0.1469036E+00
  0.1965000E-01  0.1444674E+00
  0.1970000E-01  0.1415976E+00
  0.1975000E-01  0.1373843E+00
  0.1980000E-01  0.1353683E+00
  0.1985000E-01  0.1334284E+00
  0.1990000E-01  0.1317912E+00
  0.1995000E-01  0.1303803E+00
  0.2000000E-01  0.1294130E+00
  0.2005000E-01  0.1298681E+00
  0.2010000E-01  0.1329024E+00
  0.2015000E-01  0.1379562E+00
  0.2020000E-01  0.1446293E+00
  0.2025000E-01  0.1497977E+00
  0.2030000E-01  0.1522452E+00
  0.2035000E-01  0.1540838E+00
  0.2040000E-01  0.1546035E+00
  0.2045000E-01  0.1532092E+00
  0.2050000E-01  0.1521950E+00
  0.2055000E-01  0.1509422E+00
  0.2060000E-01  0.1497938E+00
  0.2065000E-01  0.1491099E+00
  0.2070000E-01  0.1474034E+00
  0.2075000E-01  0.1422002E+00
  0.2080000E-01  0.1355486E+00
  0.2085000E-01  0.1326158E+00
  0.2090000E-01  0.1320175E+00
  0.2095000E-01  0.1328305E+00
  0.2100000E-01  0.1319557E+00
  0.2105000E-01  0.1271146E+00
  0.2110000E-01  0.1224378E+00
  0.2115000E-01  0.1190865E+00
  0.2120000E-01  0.1176952E+00
  0.2125000E-01  0.1181381E+00
  0.2130000E-01  0.1201843E+00
  0.2135000E-01  0.1226227E+00
  0.2140000E-01  0.1227327E+00
  0.2145000E-01  0.1222466E+00
  0.2150000E-01  0.1224701E+00
  0.2155000E-01  0.1208489E+00
  0.2160000E-01  0.1202892E+00
  0.2165000E-01  0.1184346E+00
  0.2170000E-01  0.1172574E+00
  0.2175000E-01  0.1161460E+00
  0.2180000E-01  0.1156477E+00
  0.2185000E-01  0.1149103E+00
  0.2190000E-01  0.1155851E+00
  0.2195000E-01  0.1166749E+00
  0.2200000E-01  0.1182339E+00
  0.2205000E-01  0.1197620E+00
  0.2210000E-01  0.1212705E+00
  0.2215000E-01  0.1221298E+00
  0.2220000E-01  0.1217678E+00
  0.2225000E-01  0.1218602E+00
  0.2230000E-01  0.1227412E+00
  0.2235000E-01  0.1230217E+00
  0.2240000E-01  0.1229555E+00
  0.2245000E-01  0.1224771E+00
  0.2250000E-01  0.1225314E+00
  0.2255000E-01  0.1226671E+00
  0.2260000E-01  0.1222525E+00
  0.2265000E-01  0.1200773E+00
  0.2270000E-01  0.1184215E+00
  0.2275000E-01  0.1185733E+00
  0.2280000E-01  0.1183786E+00
  0.2285000E-01  0.1159872E+00
  0.2290000E-01  0.1149177E+00
  0.2295000E-01  0.1164079E+00
  0.2300000E-01  0.1177380E+00
  0.2305000E-01  0.1194277E+00
  0.2310000E-01  0.1200085E+00
  0.2315000E-01  0.1223793E+00
  0.2320000E-01  0.1233412E+00
  0.2325000E-01  0.1231660E+00
  0.2330000E-01  0.1251333E+00
  0.2335000E-01  0.1252641E+00
  0.2340000E-01  0.1218245E+00
  0.2345000E-01  0.1182193E+00
  0.2350000E-01  0.1150879E+00
  0.2355000E-01  0.1135918E+00
  0.2360000E-01  0.1135403E+00
  0.2365000E-01  0.1141990E+00
  0.2370000E-01  0.1158231E+00
  0.2375000E-01  0.1168640E+00
  0.2380000E-01  0.1167900E+00
  0.2385000E-01  0.1176514E+00
  0.2390000E-01  0.1189810E+00
  0.2395000E-01  0.1197542E+00
  0.2400000E-01  0.1207996E+00
  0.2405000E-01  0.1211161E+00
  0.2410000E-01  0.1212670E+00
  0.2415000E-01  0.1192569E+00
  0.2420000E-01  0.1178950E+00
  0.2425000E-01  0.1166242E+00
  0.2430000E-01  0.1135008E+00
  0.2435000E-01  0.1110220E+00
  0.2440000E-01  0.1101544E+00
  0.2445000E-01  0.1103733E+00
  0.2450000E-01  0.1111144E+00
  0.2455000E-01  0.1125738E+00
  0.2460000E-01  0.1147635E+00
  0.2465000E-01  0.1150175E+00
  0.2470000E-01  0.1153190E+00
  0.2475000E-01  0.1151171E+00
  0.2480000E-01  0.1154087E+00
  0.2485000E-01  0.1152121E+00
  0.2490000E-01  0.1159484E+00
  0.2495000E-01  0.1177635E+00
  0.2500000E-01  0.1177823E+00
  0.2505000E-01  0.1159193E+00
  0.2510000E-01  0.1150386E+00
  0.2515000E-01  0.1171021E+00
  0.2520000E-01  0.1189166E+00
  0.2525000E-01  0.1198046E+00
  0.2530000E-01  0.1211584E+00
  0.2535000E-01  0.1218972E+00
  0.2540000E-01  0.1209212E+00
  0.2545000E-01  0.1199836E+00
  0.2550000E-01  0.1193385E+00
  0.2555000E-01  0.1187265E+00
  0.2560000E-01  0.1183066E+00
  0.2565000E-01  0.1181119E+00
  0.2570000E-01  0.1175459E+00
  0.2575000E-01  0.1190004E+00
  0.2580000E-01  0.1205132E+00
  0.2585000E-01  0.1221635E+00
  0.2590000E-01  0.1232874E+00
  0.2595000E-01  0.1231221E+00
  0.2600000E-01  0.1233355E+00
  0.2605000E-01  0.1252300E+00
  0.2610000E-01  0.1279405E+00
  0.2615000E-01  0.1304857E+00
  0.2620000E-01  0.1305202E+00
  0.2625000E-01  0.1304251E+00
  0.2630000E-01  0.1293790E+00
  0.2635000E-01  0.1272375E+00
  0.2640000E-01  0.1269024E+00
  0.2645000E-01  0.1263845E+00
  0.2650000E-01  0.1236987E+00
  0.2655000E-01  0.1219514E+00
  0.2660000E-01  0.1212908E+00
  0.2665000E-01  0.1189180E+00
  0.2670000E-01  0.1164046E+00
  0.2675000E-01  0.1153388E+00
  0.2680000E-01  0.1147903E+00
  0.2685000E-01  0.1158925E+00
  0.2690000E-01  0.1184381E+00
  0.2695000E-01  0.1204224E+00
  0.2700000E-01  0.1231111E+00
  0.2705000E-01  0.1269264E+00
  0.2710000E-01  0.1285081E+00
  0.2715000E-01  0.1276393E+00
  0.2720000E-01  0.1246066E+00
  0.2725000E-01  0.1215327E+00
  0.2730000E-01  0.1202798E+00
  0.2735000E-01  0.1200848E+00
  0.2740000E-01  0.1210322E+00
  0.2745000E-01  0.1220433E+00
  0.2750000E-01  0.1223321E+00
  0.2755000E-01  0.1223858E+00
  0.2760000E-01  0.1235417E+00
  0.2765000E-01  0.1247517E+00
  0.2770000E-01  0.1255680E+00
  0.2775000E-01  0.1256083E+00
  0.2780000E-01  0.1250449E+00
  0.2785000E-01  0.1251330E+00
  0.2790000E-01  0.1241725E+00
  0.2795000E-01  0.1219079E+00
  0.2800000E-01  0.1198059E+00
  0.2805000E-01  0.1169271E+00
  0.2810000E-01  0.1144857E+00
  0.2815000E-01  0.1141841E+00
  0.2820000E-01  0.1159027E+00
  0.2825000E-01  0.1196335E+00
  0.2830000E-01  0.1233914E+00
  0.2835000E-01  0.1258563E+00
  0.2840000E-01  0.1261934E+00
  0.2845000E-01  0.1236483E+00
  0.2850000E-01  0.1220106E+00
  0.2855000E-01  0.1215366E+00
  0.2860000E-01  0.1190828E+00
  0.2865000E-01  0.1176612E+00
  0.2870000E-01  0.1186150E+00
  0.2875000E-01  0.1194330E+00
  0.2880000E-01  0.1179534E+00
  0.2885000E-01  0.1167648E+00
  0.2890000E-01  0.1168132E+00
  0.2895000E-01  0.1182861E+00
  0.2900000E-01  0.1180446E+00
  0.2905000E-01  0.1166599E+00
  0.2910000E-01  0.1155136E+00
  0.2915000E-01  0.1148676E+00
  0.2920000E-01  0.1154775E+00
  0.2925000E-01  0.1174713E+00
  0.2930000E-01  0.1188850E+00
  0.2935000E-01  0.1206129E+00
  0.2940000E-01  0.1213775E+00
  0.2945000E-01  0.1211846E+00
  0.2950000E-01  0.1199861E+00
  0.2955000E-01  0.1194654E+00
  0.2960000E-01  0.1191672E+00
  0.2965000E-01  0.1182775E+00
  0.2970000E-01  0.1160992E+00
  0.2975000E-01  0.1136487E+00
  0.2980000E-01  0.1115183E+00
  0.2985000E-01  0.1097989E+00
  0.2990000E-01  0.1078012E+00
  0.2995000E-01  0.1061105E+00
  0.3000000E-01  0.1052562E+00
  0.3005000E-01  0.1055848E+00
  0.3010000E-01  0.1062707E+00
  0.3015000E-01  0.1072103E+00
  0.3020000E-01  0.1076654E+00
  0.3025000E-01  0.1071668E+00
  0.3030000E-01  0.1060375E+00
  0.3035000E-01  0.1046526E+00
  0.3040000E-01  0.1043332E+00
  0.3045000E-01  0.1053841E+00
  0.3050000E-01  0.1065697E+00
  0.3055000E-01  0.1064419E+00
  0.3060000E-01  0.1062049E+00
  0.3065000E-01  0.1059504E+00
  0.3070000E-01  0.1047194E+00
  0.3075000E-01  0.1019601E+00
  0.3080000E-01  0.9974512E-01
  0.3085000E-01  0.9856108E-01
  0.3090000E-01  0.9879570E-01
  0.3095000E-01  0.9824441E-01
  0.3100000E-01  0.9679765E-01
  0.3105000E-01  0.9640559E-01
  0.3110000E-01  0.9711323E-01
  0.3115000E-01  0.9667093E-01
  0.3120000E-01  0.9599100E-01
  0.3125000E-01  0.9487233E-01
  0.3130000E-01  0.9394910E-01
  0.3135000E-01  0.9353806E-01
  0.3140000E-01  0.9374488E-01
  0.3145000E-01  0.9518308E-01
  0.3150000E-01  0.9631970E-01
  0.3155000E-01  0.9799407E-01
  0.3160000E-01  0.9646648E-01
  0.3165000E-01  0.9544268E-01
  0.3170000E-01  0.9604653E-01
  0.3175000E-01  0.9670057E-01
  0.3180000E-01  0.9788129E-01
  0.3185000E-01  0.9892744E-01
  0.3190000E-01  0.1006909E+00
  0.3195000E-01  0.1028637E+00
  0.3200000E-01  0.1028409E+00
  0.3205000E-01  0.1031137E+00
  0.3210000E-01  0.1037507E+00
  0.3215000E-01  0.1026393E+00
  0.3220000E-01  0.1006086E+00
  0.3225000E-01  0.9982852E-01
  0.3230000E-01  0.1007191E+00
  0.3235000E-01  0.1012111E+00
  0.3240000E-01  0.1012824E+00
  0.3245000E-01  0.1004530E+00
  0.3250000E-01  0.1004799E+00
  0.3255000E-01  0.1018199E+00
  0.3260000E-01  0.1040369E+00
  0.3265000E-01  0.1039716E+00
  0.3270000E-01  0.1033029E+00
  0.3275000E-01  0.1016845E+00
  0.3280000E-01  0.9920832E-01
  0.3285000E-01  0.9837539E-01
  0.3290000E-01  0.9852882E-01
  0.3295000E-01  0.9816187E-01
  0.3300000E-01  0.9734484E-01
  0.3305000E-01  0.9822704E-01
  0.3310000E-01  0.1016185E+00
  0.3315000E-01  0.1047659E+00
  0.3320000E-01  0.1060314E+00
  0.3325000E-01  0.1064625E+00
  0.3330000E-01  0.1063822E+00
  0.3335000E-01  0.1045673E+00
  0.3340000E-01  0.1036293E+00
  0.3345000E-01  0.1032168E+00
  0.3350000E-01  0.1026342E+00
  0.3355000E-01  0.1024602E+00
  0.3360000E-01  0.1025489E+00
  0.3365000E-01  0.1039381E+00
  0.3370000E-01  0.1048829E+00
  0.3375000E-01  0.1051761E+00
  0.3380000E-01  0.1051051E+00
  0.3385000E-01  0.1050711E+00
  0.3390000E-01  0.1054357E+00
  0.3395000E-01  0.1049449E+00
  0.3400000E-01  0.1041539E+00
  0.3405000E-01  0.1035173E+00
  0.3410000E-01  0.1027339E+00
  0.3415000E-01  0.1021557E+00
  0.3420000E-01  0.1013566E+00
  0.3425000E-01  0.1003963E+00
  0.3430000E-01  0.9952853E-01
  0.3435000E-01  0.9886449E-01
  0.3440000E-01  0.9837605E-01
  0.3445000E-01  0.9841474E-01
  0.3450000E-01  0.9849980E-01
  0.3455000E-01  0.9846727E-01
  0.3460000E-01  0.9822836E-01
  0.3465000E-01  0.9758791E-01
  0.3470000E-01  0.9612596E-01
  0.3475000E-01  0.9525601E-01
  0.3480000E-01  0.9548154E-01
  0.3485000E-01  0.9639638E-01
  0.3490000E-01  0.9700061E-01
  0.3495000E-01  0.9705039E-01
  0.3500000E-01  0.9710600E-01
  0.3505000E-01  0.9766037E-01
  0.3510000E-01  0.9814687E-01
  0.3515000E-01  0.9958854E-01
  0.3520000E-01  0.1008189E+00
  0.3525000E-01  0.1014829E+00
  0.3530000E-01  0.1020310E+00
  0.3535000E-01  0.1024416E+00
  0.3540000E-01  0.1028001E+00
  0.3545000E-01  0.1031155E+00
  0.3550000E-01  0.1036858E+00
  0.3555000E-01  0.1048818E+00
  0.3560000E-01  0.1066933E+00
  0.3565000E-01  0.1075385E+00
  0.3570000E-01  0.1073178E+00
  0.3575000E-01  0.1053846E+00
  0.3580000E-01  0.1028988E+00
  0.3585000E-01  0.1014656E+00
  0.3590000E-01  0.1009242E+00
  0.3595000E-01  0.1008209E+00
  0.3600000E-01  0.1013033E+00
  0.3605000E-01  0.1017410E+00
  0.3610000E-01  0.1025048E+00
  0.3615000E-01  0.1036894E+00
  0.3620000E-01  0.1047641E+00
  0.3625000E-01  0.1064876E+00
  0.3630000E-01  0.1074265E+00
  0.3635000E-01  0.1070069E+00
  0.3640000E-01  0.1076317E+00
  0.3645000E-01  0.1089475E+00
  0.3650000E-01  0.1092112E+00
  0.3655000E-01  0.1088795E+00
  0.3660000E-01  0.1086169E+00
  0.3665000E-01  0.1083228E+00
  0.3670000E-01  0.1072572E+00
  0.3675000E-01  0.1061738E+00
  0.3680000E-01  0.1056367E+00
  0.3685000E-01  0.1046345E+00
  0.3690000E-01  0.1041609E+00
  0.3695000E-01  0.1048373E+00
  0.3700000E-01  0.1058584E+00
  0.3705000E-01  0.1067473E+00
  0.3710000E-01  0.1062935E+00
  0.3715000E-01  0.1034921E+00
  0.3720000E-01  0.1023650E+00
  0.3725000E-01  0.1025662E+00
  0.3730000E-01  0.1033864E+00
  0.3735000E-01  0.1040929E+00
  0.3740000E-01  0.1034499E+00
  0.3745000E-01  0.1017600E+00
  0.3750000E-01  0.1014613E+00
  0.3755000E-01  0.1026940E+00
  0.3760000E-01  0.1034025E+00
  0.3765000E-01  0.1035420E+00
  0.3770000E-01  0.1035851E+00
  0.3775000E-01  0.1044517E+00
  0.3780000E-01  0.1056112E+00
  0.3785000E-01  0.1061868E+00
  0.3790000E-01  0.1065939E+00
  0.3795000E-01  0.1058168E+00
  0.3800000E-01  0.1039876E+00
  0.3805000E-01  0.1023038E+00
  0.3810000E-01  0.1013755E+00
  0.3815000E-01  0.1013300E+00
  0.3820000E-01  0.1018253E+00
  0.3825000E-01  0.1020603E+00
  0.3830000E-01  0.1023615E+00
  0.3835000E-01  0.1025236E+00
  0.3840000E-01  0.1027277E+00
  0.3845000E-01  0.1029537E+00
  0.3850000E-01  0.1024515E+00
  0.3855000E-01  0.1025411E+00
  0.3860000E-01  0.1026223E+00
  0.3865000E-01  0.1021421E+00
  0.3870000E-01  0.1011497E+00
  0.3875000E-01  0.9979929E-01
  0.3880000E-01  0.9748266E-01
  0.3885000E-01  0.9558457E-01
  0.3890000E-01  0.9487191E-01
  0.3895000E-01  0.9520039E-01
  0.3900000E-01  0.9581344E-01
  0.3905000E-01  0.9680035E-01
  0.3910000E-01  0.9759496E-01
  0.3915000E-01  0.9804978E-01
  0.3920000E-01  0.9888714E-01
  0.3925000E-01  0.9988841E-01
  0.3930000E-01  0.1010997E+00
  0.3935000E-01  0.1029534E+00
  0.3940000E-01  0.1045755E+00
  0.3945000E-01  0.1049694E+00
  0.3950000E-01  0.1049593E+00
  0.3955000E-01  0.1045546E+00
  0.3960000E-01  0.1031607E+00
  0.3965000E-01  0.1005955E+00
  0.3970000E-01  0.9875528E-01
  0.3975000E-01  0.9765458E-01
  0.3980000E-01  0.9712731E-01
  0.3985000E-01  0.9742270E-01
  0.3990000E-01  0.9865798E-01
  0.3995000E-01  0.1000991E+00
  0.4000000E-01  0.1019024E+00
  0.4005000E-01  0.1028383E+00
  0.4010000E-01  0.1027604E+00
  0.4015000E-01  0.1028376E+00
  0.4020000E-01  0.1033659E+00
  0.4025000E-01  0.1035959E+00
  0.4030000E-01  0.1031660E+00
  0.4035000E-01  0.1032823E+00
  0.4040000E-01  0.1032057E+00
  0.4045000E-01  0.1031009E+00
  0.4050000E-01  0.1034356E+00
  0.4055000E-01  0.1038291E+00
  0.4060000E-01  0.1044770E+00
  0.4065000E-01  0.1049986E+00
  0.4070000E-01  0.1049052E+00
  0.4075000E-01  0.1049637E+00
  0.4080000E-01  0.1046488E+00
  0.4085000E-01  0.1042893E+00
  0.4090000E-01  0.1045943E+00
  0.4095000E-01  0.1051245E+00
  0.4100000E-01  0.1058143E+00
  0.4105000E-01  0.1059999E+00
  0.4110000E-01  0.1054021E+00
  0.4115000E-01  0.1048417E+00
  0.4120000E-01  0.1051788E+00
  0.4125000E-01  0.1064226E+00
  0.4130000E-01  0.1062520E+00
  0.4135000E-01  0.1055879E+00
  0.4140000E-01  0.1055754E+00
  0.4145000E-01  0.1056393E+00
  0.4150000E-01  0.1055642E+00
  0.4155000E-01  0.1052307E+00
  0.4160000E-01  0.1056147E+00
  0.4165000E-01  0.1063372E+00
  0.4170000E-01  0.1066727E+00
  0.4175000E-01  0.1070177E+00
  0.4180000E-01  0.1074639E+00
  0.4185000E-01  0.1079179E+00
  0.4190000E-01  0.1084381E+00
  0.4195000E-01  0.1093253E+00
  0.4200000E-01  0.1103138E+00
  0.4205000E-01  0.1106427E+00
  0.4210000E-01  0.1113163E+00
  0.4215000E-01  0.1115151E+00
  0.4220000E-01  0.1114520E+00
  0.4225000E-01  0.1108570E+00
  0.4230000E-01  0.1103285E+00
  0.4235000E-01  0.1102592E+00
  0.4240000E-01  0.1106721E+00
  0.4245000E-01  0.1111668E+00
  0.4250000E-01  0.1117203E+00
  0.4255000E-01  0.1123842E+00
  0.4260000E-01  0.1135213E+00
  0.4265000E-01  0.1142121E+00
  0.4270000E-01  0.1145187E+00
  0.4275000E-01  0.1140249E+00
  0.4280000E-01  0.1135948E+00
  0.4285000E-01  0.1135085E+00
  0.4290000E-01  0.1123627E+00
  0.4295000E-01  0.1112891E+00
  0.4300000E-01  0.1109326E+00
  0.4305000E-01  0.1101961E+00
  0.4310000E-01  0.1086355E+00
  0.4315000E-01  0.1079006E+00
  0.4320000E-01  0.1083960E+00
  0.4325000E-01  0.1089751E+00
  0.4330000E-01  0.1092520E+00
  0.4335000E-01  0.1097993E+00
  0.4340000E-01  0.1110963E+00
  0.4345000E-01  0.1124979E+00
  0.4350000E-01  0.1126174E+00
  0.4355000E-01  0.1123598E+00
  0.4360000E-01  0.1118876E+00
  0.4365000E-01  0.1106855E+00
  0.4370000E-01  0.1097145E+00
  0.4375000E-01  0.1097610E+00
  0.4380000E-01  0.1101548E+00
  0.4385000E-01  0.1102344E+00
  0.4390000E-01  0.1097488E+00
  0.4395000E-01  0.1098205E+00
  0.4400000E-01  0.1103887E+00
  0.4405000E-01  0.1113212E+00
  0.4410000E-01  0.1129680E+00
  0.4415000E-01  0.1142902E+00
  0.4420000E-01  0.1142976E+00
  0.4425000E-01  0.1147760E+00
  0.4430000E-01  0.1149278E+00
  0.4435000E-01  0.1144232E+00
  0.4440000E-01  0.1135648E+00
  0.4445000E-01  0.1125593E+00
  0.4450000E-01  0.1119368E+00
  0.4455000E-01  0.1123425E+00
  0.4460000E-01  0.1125116E+00
  0.4465000E-01  0.1135559E+00
  0.4470000E-01  0.1148372E+00
  0.4475000E-01  0.1165319E+00
  0.4480000E-01  0.1180861E+00
  0.4485000E-01  0.1188314E+00
  0.4490000E-01  0.1186090E+00
  0.4495000E-01  0.1179779E+00
  0.4500000E-01  0.1175338E+00
  0.4505000E-01  0.1178532E+00
  0.4510000E-01  0.1177144E+00
  0.4515000E-01  0.1170551E+00
  0.4520000E-01  0.1172415E+00
  0.4525000E-01  0.1185723E+00
  0.4530000E-01  0.1196286E+00
  0.4535000E-01  0.1200065E+00
  0.4540000E-01  0.1201389E+00
  0.4545000E-01  0.1200258E+00
  0.4550000E-01  0.1197447E+00
  0.4555000E-01  0.1196268E+00
  0.4560000E-01  0.1192846E+00
  0.4565000E-01  0.1184802E+00
  0.4570000E-01  0.1182917E+00
  0.4575000E-01  0.1175675E+00
  0.4580000E-01  0.1160562E+00
  0.4585000E-01  0.1145201E+00
  0.4590000E-01  0.1136554E+00
  0.4595000E-01  0.1124561E+00
  0.4600000E-01  0.1115082E+00
  0.4605000E-01  0.1117335E+00
  0.4610000E-01  0.1122391E+00
  0.4615000E-01  0.1137990E+00
  0.4620000E-01  0.1159740E+00
  0.4625000E-01  0.1176288E+00
  0.4630000E-01  0.1180728E+00
  0.4635000E-01  0.1187020E+00
  0.4640000E-01  0.1193259E+00
  0.4645000E-01  0.1194857E+00
  0.4650000E-01  0.1189824E+00
  0.4655000E-01  0.1182746E+00
  0.4660000E-01  0.1176297E+00
  0.4665000E-01  0.1166636E+00
  0.4670000E-01  0.1163463E+00
  0.4675000E-01  0.1166561E+00
  0.4680000E-01  0.1157275E+00
  0.4685000E-01  0.1147647E+00
  0.4690000E-01  0.1145689E+00
  0.4695000E-01  0.1138736E+00
  0.4700000E-01  0.1131108E+00
  0.4705000E-01  0.1123044E+00
  0.4710000E-01  0.1122481E+00
  0.4715000E-01  0.1123427E+00
  0.4720000E-01  0.1128981E+00
  0.4725000E-01  0.1123213E+00
  0.4730000E-01  0.1112747E+00
  0.4735000E-01  0.1108944E+00
  0.4740000E-01  0.1108195E+00
  0.4745000E-01  0.1108543E+00
  0.4750000E-01  0.1110392E+00
  0.4755000E-01  0.1118017E+00
  0.4760000E-01  0.1126937E+00
  0.4765000E-01  0.1135371E+00
  0.4770000E-01  0.1145111E+00
  0.4775000E-01  0.1156957E+00
  0.4780000E-01  0.1163726E+00
  0.4785000E-01  0.1171537E+00
  0.4790000E-01  0.1174012E+00
  0.4795000E-01  0.1175211E+00
  0.4800000E-01  0.1177820E+00
  0.4805000E-01  0.1171941E+00
  0.4810000E-01  0.1160184E+00
  0.4815000E-01  0.1141797E+00
  0.4820000E-01  0.1126077E+00
  0.4825000E-01  0.1120972E+00
  0.4830000E-01  0.1122503E+00
  0.4835000E-01  0.1122770E+00
  0.4840000E-01  0.1120570E+00
  0.4845000E-01  0.1117917E+00
  0.4850000E-01  0.1122649E+00
  0.4855000E-01  0.1126953E+00
  0.4860000E-01  0.1138536E+00
  0.4865000E-01  0.1156922E+00
  0.4870000E-01  0.1158896E+00
  0.4875000E-01  0.1157614E+00
  0.4880000E-01  0.1164957E+00
  0.4885000E-01  0.1174479E+00
  0.4890000E-01  0.1178650E+00
  0.4895000E-01  0.1172363E+00
  0.4900000E-01  0.1164350E+00
  0.4905000E-01  0.1150122E+00
  0.4910000E-01  0.1144684E+00
  0.4915000E-01  0.1146834E+00
  0.4920000E-01  0.1149025E+00
  0.4925000E-01  0.1159576E+00
  0.4930000E-01  0.1166438E+00
  0.4935000E-01  0.1156649E+00
  0.4940000E-01  0.1148233E+00
  0.4945000E-01  0.1143559E+00
  0.4950000E-01  0.1141219E+00
  0.4955000E-01  0.1150848E+00
  0.4960000E-01  0.1166648E+00
  0.4965000E-01  0.1173117E+00
  0.4970000E-01  0.1172394E+00
  0.4975000E-01  0.1176466E+00
  0.4980000E-01  0.1183005E+00
  0.4985000E-01  0.1180764E+00
  0.4990000E-01  0.1186304E+00
  0.4995000E-01  0.1197126E+00
  0.5000000E-01  0.1175655E+00
  0.5005000E-01  0.1151873E+00
  0.5010000E-01  0.1128428E+00
  0.5015000E-01  0.1109511E+00
  0.5020000E-01  0.1095529E+00
  0.5025000E-01  0.1083363E+00
  0.5030000E-01  0.1083460E+00
  0.5035000E-01  0.1088760E+00
  0.5040000E-01  0.1096413E+00
  0.5045000E-01  0.1104475E+00
  0.5050000E-01  0.1103552E+00
  0.5055000E-01  0.1103632E+00
  0.5060000E-01  0.1113943E+00
  0.5065000E-01  0.1130931E+00
  0.5070000E-01  0.1141741E+00
  0.5075000E-01  0.1152128E+00
  0.5080000E-01  0.1160257E+00
  0.5085000E-01  0.1167300E+00
  0.5090000E-01  0.1176734E+00
  0.5095000E-01  0.1189072E+00
  0.5100000E-01  0.1202294E+00
  0.5105000E-01  0.1216009E+00
  0.5110000E-01  0.1218961E+00
  0.5115000E-01  0.1204508E+00
  0.5120000E-01  0.1188777E+00
  0.5125000E-01  0.1178594E+00
  0.5130000E-01  0.1173904E+00
  0.5135000E-01  0.1170605E+00
  0.5140000E-01  0.1167138E+00
  0.5145000E-01  0.1159328E+00
  0.5150000E-01  0.1160886E+00
  0.5155000E-01  0.1167759E+00
  0.5160000E-01  0.1175740E+00
  0.5165000E-01  0.1190493E+00
  0.5170000E-01  0.1207781E+00
  0.5175000E-01  0.1211531E+00
  0.5180000E-01  0.1201141E+00
  0.5185000E-01  0.1185164E+00
  0.5190000E-01  0.1175386E+00
  0.5195000E-01  0.1171800E+00
  0.5200000E-01  0.1169901E+00
  0.5205000E-01  0.1170511E+00
  0.5210000E-01  0.1175627E+00
  0.5215000E-01  0.1187724E+00
  0.5220000E-01  0.1190625E+00
  0.5225000E-01  0.1196075E+00
  0.5230000E-01  0.1211654E+00
  0.5235000E-01  0.1217527E+00
  0.5240000E-01  0.1216270E+00
  0.5245000E-01  0.1209040E+00
  0.5250000E-01  0.1195076E+00
  0.5255000E-01  0.1180338E+00
  0.5260000E-01  0.1171032E+00
  0.5265000E-01  0.1172880E+00
  0.5270000E-01  0.1168260E+00
  0.5275000E-01  0.1158668E+00
  0.5280000E-01  0.1149450E+00
  0.5285000E-01  0.1142447E+00
  0.5290000E-01  0.1139281E+00
  0.5295000E-01  0.1132359E+00
  0.5300000E-01  0.1121893E+00
  0.5305000E-01  0.1107759E+00
  0.5310000E-01  0.1100663E+00
  0.5315000E-01  0.1091184E+00
  0.5320000E-01  0.1094684E+00
  0.5325000E-01  0.1094537E+00
  0.5330000E-01  0.1086288E+00
  0.5335000E-01  0.1081182E+00
  0.5340000E-01  0.1085833E+00
  0.5345000E-01  0.1097765E+00
  0.5350000E-01  0.1110844E+00
  0.5355000E-01  0.1116945E+00
  0.5360000E-01  0.1114225E+00
  0.5365000E-01  0.1103011E+00
  0.5370000E-01  0.1088850E+00
  0.5375000E-01  0.1083070E+00
  0.5380000E-01  0.1085816E+00
  0.5385000E-01  0.1084974E+00
  0.5390000E-01  0.1082689E+00
  0.5395000E-01  0.1088522E+00
  0.5400000E-01  0.1096997E+00
  0.5405000E-01  0.1104613E+00
  0.5410000E-01  0.1110531E+00
  0.5415000E-01  0.1118799E+00
  0.5420000E-01  0.1126266E+00
  0.5425000E-01  0.1134403E+00
  0.5430000E-01  0.1145138E+00
  0.5435000E-01  0.1157550E+00
  0.5440000E-01  0.1162262E+00
  0.5445000E-01  0.1172281E+00
  0.5450000E-01  0.1184449E+00
  0.5455000E-01  0.1183666E+00
  0.5460000E-01  0.1182780E+00
  0.5465000E-01  0.1180517E+00
  0.5470000E-01  0.1173311E+00
  0.5475000E-01  0.1167269E+00
  0.5480000E-01  0.1162654E+00
  0.5485000E-01  0.1163071E+00
  0.5490000E-01  0.1163326E+00
  0.5495000E-01  0.1157854E+00
  0.5500000E-01  0.1150552E+00
  0.5505000E-01  0.1153416E+00
  0.5510000E-01  0.1164063E+00
  0.5515000E-01  0.1178397E+00
  0.5520000E-01  0.1187070E+00
  0.5525000E-01  0.1181887E+00
  0.5530000E-01  0.1173488E+00
  0.5535000E-01  0.1179104E+00
  0.5540000E-01  0.1188509E+00
  0.5545000E-01  0.1186963E+00
  0.5550000E-01  0.1175195E+00
  0.5555000E-01  0.1156572E+00
  0.5560000E-01  0.1145018E+00
  0.5565000E-01  0.1141692E+00
  0.5570000E-01  0.1137768E+00
  0.5575000E-01  0.1132752E+00
  0.5580000E-01  0.1131340E+00
  0.5585000E-01  0.1136134E+00
  0.5590000E-01  0.1140416E+00
  0.5595000E-01  0.1140766E+00
  0.5600000E-01  0.1145846E+00
  0.5605000E-01  0.1151128E+00
  0.5610000E-01  0.1159883E+00
  0.5615000E-01  0.1162890E+00
  0.5620000E-01  0.1158214E+00
  0.5625000E-01  0.1145116E+00
  0.5630000E-01  0.1130367E+00
  0.5635000E-01  0.1125365E+00
  0.5640000E-01  0.1136382E+00
  0.5645000E-01  0.1150250E+00
  0.5650000E-01  0.1147515E+00
  0.5655000E-01  0.1137388E+00
  0.5660000E-01  0.1133555E+00
  0.5665000E-01  0.1142957E+00
  0.5670000E-01  0.1156760E+00
  0.5675000E-01  0.1172398E+00
  0.5680000E-01  0.1180572E+00
  0.5685000E-01  0.1184595E+00
  0.5690000E-01  0.1191663E+00
  0.5695000E-01  0.1205777E+00
  0.5700000E-01  0.1211518E+00
  0.5705000E-01  0.1199764E+00
  0.5710000E-01  0.1188144E+00
  0.5715000E-01  0.1187893E+00
  0.5720000E-01  0.1188871E+00
  0.5725000E-01  0.1185278E+00
  0.5730000E-01  0.1178179E+00
  0.5735000E-01  0.1168020E+00
  0.5740000E-01  0.1164957E+00
  0.5745000E-01  0.1162490E+00
  0.5750000E-01  0.1160808E+00
  0.5755000E-01  0.1137922E+00
  0.5760000E-01  0.1130463E+00
  0.5765000E-01  0.1132884E+00
  0.5770000E-01  0.1130564E+00
  0.5775000E-01  0.1114730E+00
  0.5780000E-01  0.1107743E+00
  0.5785000E-01  0.1111272E+00
  0.5790000E-01  0.1119312E+00
  0.5795000E-01  0.1133399E+00
  0.5800000E-01  0.1145377E+00
  0.5805000E-01  0.1156891E+00
  0.5810000E-01  0.1153882E+00
  0.5815000E-01  0.1160933E+00
  0.5820000E-01  0.1170514E+00
  0.5825000E-01  0.1179424E+00
  0.5830000E-01  0.1184804E+00
  0.5835000E-01  0.1188608E+00
  0.5840000E-01  0.1183236E+00
  0.5845000E-01  0.1172505E+00
  0.5850000E-01  0.1174880E+00
  0.5855000E-01  0.1184446E+00
  0.5860000E-01  0.1192209E+00
  0.5865000E-01  0.1186620E+00
  0.5870000E-01  0.1179819E+00
  0.5875000E-01  0.1172547E+00
  0.5880000E-01  0.1165587E+00
  0.5885000E-01  0.1159086E+00
  0.5890000E-01  0.1145963E+00
  0.5895000E-01  0.1133181E+00
  0.5900000E-01  0.1126018E+00
  0.5905000E-01  0.1126797E+00
  0.5910000E-01  0.1122064E+00
  0.5915000E-01  0.1115496E+00
  0.5920000E-01  0.1120593E+00
  0.5925000E-01  0.1125754E+00
  0.5930000E-01  0.1112085E+00
  0.5935000E-01  0.1101086E+00
  0.5940000E-01  0.1088602E+00
  0.5945000E-01  0.1069827E+00
  0.5950000E-01  0.1062742E+00
  0.5955000E-01  0.1066632E+00
  0.5960000E-01  0.1064381E+00
  0.5965000E-01  0.1059724E+00
  0.5970000E-01  0.1053629E+00
  0.5975000E-01  0.1045095E+00
  0.5980000E-01  0.1042259E+00
  0.5985000E-01  0.1049982E+00
  0.5990000E-01  0.1051053E+00
  0.5995000E-01  0.1056226E+00
  0.6000000E-01  0.1062794E+00
  0.6005000E-01  0.1059582E+00
  0.6010000E-01  0.1052436E+00
  0.6015000E-01  0.1054460E+00
  0.6020000E-01  0.1059414E+00
  0.6025000E-01  0.1064101E+00
  0.6030000E-01  0.1072823E+00
  0.6035000E-01  0.1078593E+00
  0.6040000E-01  0.1074120E+00
  0.6045000E-01  0.1066338E+00
  0.6050000E-01  0.1057170E+00
  0.6055000E-01  0.1064055E+00
  0.6060000E-01  0.1066455E+00
  0.6065000E-01  0.1069739E+00
  0.6070000E-01  0.1074645E+00
  0.6075000E-01  0.1084253E+00
  0.6080000E-01  0.1086490E+00
  0.6085000E-01  0.1084418E+00
  0.6090000E-01  0.1095502E+00
  0.6095000E-01  0.1109462E+00
  0.6100000E-01  0.1113945E+00
  0.6105000E-01  0.1112850E+00
  0.6110000E-01  0.1114645E+00
  0.6115000E-01  0.1109146E+00
  0.6120000E-01  0.1091115E+00
  0.6125000E-01  0.1094932E+00
  0.6130000E-01  0.1093077E+00
  0.6135000E-01  0.1087347E+00
  0.6140000E-01  0.1084981E+00
  0.6145000E-01  0.1071105E+00
  0.6150000E-01  0.1056601E+00
  0.6155000E-01  0.1054271E+00
  0.6160000E-01  0.1039757E+00
  0.6165000E-01  0.1024245E+00
  0.6170000E-01  0.1028832E+00
  0.6175000E-01  0.1029976E+00
  0.6180000E-01  0.1037611E+00
  0.6185000E-01  0.1035972E+00
  0.6190000E-01  0.1027194E+00
  0.6195000E-01  0.1027197E+00
  0.6200000E-01  0.1040445E+00
  0.6205000E-01  0.1052262E+00
  0.6210000E-01  0.1049344E+00
  0.6215000E-01  0.1036986E+00
  0.6220000E-01  0.1026446E+00
  0.6225000E-01  0.1035379E+00
  0.6230000E-01  0.1043097E+00
  0.6235000E-01  0.1050386E+00
  0.6240000E-01  0.1041220E+00
  0.6245000E-01  0.1037929E+00
  0.6250000E-01  0.1046269E+00
  0.6255000E-01  0.1070772E+00
  0.6260000E-01  0.1087764E+00
  0.6265000E-01  0.1084608E+00
  0.6270000E-01  0.1084211E+00
  0.6275000E-01  0.1065636E+00
  0.6280000E-01  0.1056332E+00
  0.6285000E-01  0.1042344E+00
  0.6290000E-01  0.1043077E+00
  0.6295000E-01  0.1056568E+00
  0.6300000E-01  0.1056908E+00
  0.6305000E-01  0.1041815E+00
  0.6310000E-01  0.1037706E+00
  0.6315000E-01  0.1044557E+00
  0.6320000E-01  0.1070171E+00
  0.6325000E-01  0.1115085E+00
  0.6330000E-01  0.1149378E+00
  0.6335000E-01  0.1162365E+00
  0.6340000E-01  0.1151888E+00
  0.6345000E-01  0.1139363E+00
  0.6350000E-01  0.1122284E+00
  0.6355000E-01  0.1100222E+00
  0.6360000E-01  0.1081221E+00
  0.6365000E-01  0.1076342E+00
  0.6370000E-01  0.1079006E+00
  0.6375000E-01  0.1085059E+00
  0.6380000E-01  0.1089195E+00
  0.6385000E-01  0.1088797E+00
  0.6390000E-01  0.1075658E+00
  0.6395000E-01  0.1054761E+00
  0.6400000E-01  0.1041903E+00
  0.6405000E-01  0.1048071E+00
  0.6410000E-01  0.1068437E+00
  0.6415000E-01  0.1085161E+00
  0.6420000E-01  0.1089127E+00
  0.6425000E-01  0.1097280E+00
  0.6430000E-01  0.1108532E+00
  0.6435000E-01  0.1112434E+00
  0.6440000E-01  0.1111926E+00
  0.6445000E-01  0.1101702E+00
  0.6450000E-01  0.1089633E+00
  0.6455000E-01  0.1083306E+00
  0.6460000E-01  0.1074116E+00
  0.6465000E-01  0.1070055E+00
  0.6470000E-01  0.1071431E+00
  0.6475000E-01  0.1068872E+00
  0.6480000E-01  0.1070400E+00
  0.6485000E-01  0.1069546E+00
  0.6490000E-01  0.1068327E+00
  0.6495000E-01  0.1080040E+00
  0.6500000E-01  0.1080882E+00
  0.6505000E-01  0.1069181E+00
  0.6510000E-01  0.1058382E+00
  0.6515000E-01  0.1052862E+00
  0.6520000E-01  0.1061468E+00
  0.6525000E-01  0.1076657E+00
  0.6530000E-01  0.1082469E+00
  0.6535000E-01  0.1085502E+00
  0.6540000E-01  0.1086579E+00
  0.6545000E-01  0.1096388E+00
  0.6550000E-01  0.1101693E+00
  0.6555000E-01  0.1101755E+00
  0.6560000E-01  0.1108284E+00
  0.6565000E-01  0.1124099E+00
  0.6570000E-01  0.1136311E+00
  0.6575000E-01  0.1132843E+00
  0.6580000E-01  0.1125024E+00
  0.6585000E-01  0.1117851E+00
  0.6590000E-01  0.1119594E+00
  0.6595000E-01  0.1110370E+00
  0.6600000E-01  0.1093876E+00
  0.6605000E-01  0.1077789E+00
  0.6610000E-01  0.1067548E+00
  0.6615000E-01  0.1067194E+00
  0.6620000E-01  0.1069463E+00
  0.6625000E-01  0.1065821E+00
  0.6630000E-01  0.1051974E+00
  0.6635000E-01  0.1039048E+00
  0.6640000E-01  0.1034805E+00
  0.6645000E-01  0.1038340E+00
  0.6650000E-01  0.1044135E+00
  0.6655000E-01  0.1056486E+00
  0.6660000E-01  0.1068447E+00
  0.6665000E-01  0.1075801E+00
  0.6670000E-01  0.1072261E+00
  0.6675000E-01  0.1067840E+00
  0.6680000E-01  0.1062054E+00
  0.6685000E-01  0.1057723E+00
  0.6690000E-01  0.1058636E+00
  0.6695000E-01  0.1070342E+00
  0.6700000E-01  0.1087067E+00
  0.6705000E-01  0.1094870E+00
  0.6710000E-01  0.1101955E+00
  0.6715000E-01  0.1099046E+00
  0.6720000E-01  0.1088494E+00
  0.6725000E-01  0.1079446E+00
  0.6730000E-01  0.1075389E+00
  0.6735000E-01  0.1084129E+00
  0.6740000E-01  0.1097015E+00
  0.6745000E-01  0.1104320E+00
  0.6750000E-01  0.1105528E+00
  0.6755000E-01  0.1093797E+00
  0.6760000E-01  0.1086989E+00
  0.6765000E-01  0.1089427E+00
  0.6770000E-01  0.1092124E+00
  0.6775000E-01  0.1083203E+00
  0.6780000E-01  0.1079433E+00
  0.6785000E-01  0.1075195E+00
  0.6790000E-01  0.1076538E+00
  0.6795000E-01  0.1086153E+00
  0.6800000E-01  0.1098356E+00
  0.6805000E-01  0.1111678E+00
  0.6810000E-01  0.1118575E+00
  0.6815000E-01  0.1100329E+00
  0.6820000E-01  0.1079019E+00
  0.6825000E-01  0.1062555E+00
  0.6830000E-01  0.1047072E+00
  0.6835000E-01  0.1027458E+00
  0.6840000E-01  0.1007699E+00
  0.6845000E-01  0.9976500E-01
  0.6850000E-01  0.1001525E+00
  0.6855000E-01  0.1010075E+00
  0.6860000E-01  0.1013558E+00
  0.6865000E-01  0.1008709E+00
  0.6870000E-01  0.1013405E+00
  0.6875000E-01  0.1031092E+00
  0.6880000E-01  0.1046475E+00
  0.6885000E-01  0.1041388E+00
  0.6890000E-01  0.1043384E+00
  0.6895000E-01  0.1056900E+00
  0.6900000E-01  0.1068130E+00
  0.6905000E-01  0.1082577E+00
  0.6910000E-01  0.1097345E+00
  0.6915000E-01  0.1100935E+00
  0.6920000E-01  0.1092191E+00
  0.6925000E-01  0.1070378E+00
  0.6930000E-01  0.1057309E+00
  0.6935000E-01  0.1047434E+00
  0.6940000E-01  0.1044855E+00
  0.6945000E-01  0.1050694E+00
  0.6950000E-01  0.1048301E+00
  0.6955000E-01  0.1048731E+00
  0.6960000E-01  0.1049764E+00
  0.6965000E-01  0.1048320E+00
  0.6970000E-01  0.1055864E+00
  0.6975000E-01  0.1068192E+00
  0.6980000E-01  0.1076020E+00
  0.6985000E-01  0.1078907E+00
  0.6990000E-01  0.1073135E+00
  0.6995000E-01  0.1058859E+00
  0.7000000E-01  0.1041214E+00
  0.7005000E-01  0.1034276E+00
  0.7010000E-01  0.1040147E+00
  0.7015000E-01  0.1052351E+00
  0.7020000E-01  0.1064838E+00
  0.7025000E-01  0.1076778E+00
  0.7030000E-01  0.1089869E+00
  0.7035000E-01  0.1089067E+00
  0.7040000E-01  0.1075320E+00
  0.7045000E-01  0.1061764E+00
  0.7050000E-01  0.1055703E+00
  0.7055000E-01  0.1057651E+00
  0.7060000E-01  0.1054968E+00
  0.7065000E-01  0.1047993E+00
  0.7070000E-01  0.1046936E+00
  0.7075000E-01  0.1052545E+00
  0.7080000E-01  0.1030505E+00
  0.7085000E-01  0.1007461E+00
  0.7090000E-01  0.1007277E+00
  0.7095000E-01  0.1024154E+00
  0.7100000E-01  0.1040148E+00
  0.7105000E-01  0.1045343E+00
  0.7110000E-01  0.1040408E+00
  0.7115000E-01  0.1048669E+00
  0.7120000E-01  0.1045246E+00
  0.7125000E-01  0.1041707E+00
  0.7130000E-01  0.1055590E+00
  0.7135000E-01  0.1060565E+00
  0.7140000E-01  0.1065956E+00
  0.7145000E-01  0.1074212E+00
  0.7150000E-01  0.1088955E+00
  0.7155000E-01  0.1087401E+00
  0.7160000E-01  0.1072741E+00
  0.7165000E-01  0.1057391E+00
  0.7170000E-01  0.1044891E+00
  0.7175000E-01  0.1035020E+00
  0.7180000E-01  0.1021875E+00
  0.7185000E-01  0.1017471E+00
  0.7190000E-01  0.1025376E+00
  0.7195000E-01  0.1030322E+00
  0.7200000E-01  0.1038742E+00
  0.7205000E-01  0.1070740E+00
  0.7210000E-01  0.1088084E+00
  0.7215000E-01  0.1099434E+00
  0.7220000E-01  0.1109601E+00
  0.7225000E-01  0.1118258E+00
  0.7230000E-01  0.1126526E+00
  0.7235000E-01  0.1123083E+00
  0.7240000E-01  0.1121845E+00
  0.7245000E-01  0.1125469E+00
  0.7250000E-01  0.1144113E+00
  0.7255000E-01  0.1164109E+00
  0.7260000E-01  0.1179210E+00
  0.7265000E-01  0.1193492E+00
  0.7270000E-01  0.1195043E+00
  0.7275000E-01  0.1173400E+00
  0.7280000E-01  0.1130005E+00
  0.7285000E-01  0.1095086E+00
  0.7290000E-01  0.1076372E+00
  0.7295000E-01  0.1073682E+00
  0.7300000E-01  0.1081629E+00
  0.7305000E-01  0.1079474E+00
  0.7310000E-01  0.1064265E+00
  0.7315000E-01  0.1055908E+00
  0.7320000E-01  0.1048318E+00
  0.7325000E-01  0.1030145E+00
  0.7330000E-01  0.1024079E+00
  0.7335000E-01  0.1046823E+00
  0.7340000E-01  0.1086554E+00
  0.7345000E-01  0.1138283E+00
  0.7350000E-01  0.1191900E+00
  0.7355000E-01  0.1228155E+00
  0.7360000E-01  0.1268472E+00
  0.7365000E-01  0.1313822E+00
  0.7370000E-01  0.1347222E+00
  0.7375000E-01  0.1340871E+00
  0.7380000E-01  0.1336283E+00
  0.7385000E-01  0.1334195E+00
  0.7390000E-01  0.1306758E+00
  0.7395000E-01  0.1284636E+00
  0.7400000E-01  0.1273047E+00
  0.7405000E-01  0.1264138E+00
  0.7410000E-01  0.1270867E+00
  0.7415000E-01  0.1275769E+00
  0.7420000E-01  0.1273833E+00
  0.7425000E-01  0.1257295E+00
  0.7430000E-01  0.1275113E+00
  0.7435000E-01  0.1296590E+00
  0.7440000E-01  0.1293770E+00
  0.7445000E-01  0.1319296E+00
  0.7450000E-01  0.1354526E+00
  0.7455000E-01  0.1375738E+00
  0.7460000E-01  0.1387393E+00
  0.7465000E-01  0.1382423E+00
  0.7470000E-01  0.1383057E+00
  0.7475000E-01  0.1388325E+00
  0.7480000E-01  0.1394599E+00
  0.7485000E-01  0.1391131E+00
  0.7490000E-01  0.1382553E+00
  0.7495000E-01  0.1363808E+00
  0.7500000E-01  0.1363534E+00
  0.7505000E-01  0.1385442E+00
  0.7510000E-01  0.1399534E+00
  0.7515000E-01  0.1416775E+00
  0.7520000E-01  0.1429905E+00
  0.7525000E-01  0.1408774E+00
  0.7530000E-01  0.1371978E+00
  0.7535000E-01  0.1369659E+00
  0.7540000E-01  0.1389301E+00
  0.7545000E-01  0.1396760E+00
  0.7550000E-01  0.1398187E+00
  0.7555000E-01  0.1410011E+00
  0.7560000E-01  0.1431707E+00
  0.7565000E-01  0.1432902E+00
  0.7570000E-01  0.1403540E+00
  0.7575000E-01  0.1374856E+00
  0.7580000E-01  0.1357726E+00
  0.7585000E-01  0.1332518E+00
  0.7590000E-01  0.1316468E+00
  0.7595000E-01  0.1322737E+00
  0.7600000E-01  0.1354059E+00
  0.7605000E-01  0.1380775E+00
  0.7610000E-01  0.1409074E+00
  0.7615000E-01  0.1428261E+00
  0.7620000E-01  0.1418422E+00
  0.7625000E-01  0.1408843E+00
  0.7630000E-01  0.1395803E+00
  0.7635000E-01  0.1388941E+00
  0.7640000E-01  0.1389806E+00
  0.7645000E-01  0.1415743E+00
  0.7650000E-01  0.1467093E+00
  0.7655000E-01  0.1491190E+00
  0.7660000E-01  0.1479900E+00
  0.7665000E-01  0.1457444E+00
  0.7670000E-01  0.1436559E+00
  0.7675000E-01  0.1420710E+00
  0.7680000E-01  0.1409486E+00
  0.7685000E-01  0.1401246E+00
  0.7690000E-01  0.1403721E+00
  0.7695000E-01  0.1415782E+00
  0.7700000E-01  0.1412952E+00
  0.7705000E-01  0.1383860E+00
  0.7710000E-01  0.1360069E+00
  0.7715000E-01  0.1345054E+00
  0.7720000E-01  0.1332760E+00
  0.7725000E-01  0.1318342E+00
  0.7730000E-01  0.1305484E+00
  0.7735000E-01  0.1296810E+00
  0.7740000E-01  0.1297632E+00
  0.7745000E-01  0.1301423E+00
  0.7750000E-01  0.1327728E+00
  0.7755000E-01  0.1360375E+00
  0.7760000E-01  0.1359629E+00
  0.7765000E-01  0.1348234E+00
  0.7770000E-01  0.1342674E+00
  0.7775000E-01  0.1329848E+00
  0.7780000E-01  0.1293333E+00
  0.7785000E-01  0.1274328E+00
  0.7790000E-01  0.1295951E+00
  0.7795000E-01  0.1337024E+00
  0.7800000E-01  0.1361619E+00
  0.7805000E-01  0.1387410E+00
  0.7810000E-01  0.1392458E+00
  0.7815000E-01  0.1388936E+00
  0.7820000E-01  0.1405059E+00
  0.7825000E-01  0.1427008E+00
  0.7830000E-01  0.1409689E+00
  0.7835000E-01  0.1409024E+00
  0.7840000E-01  0.1438114E+00
  0.7845000E-01  0.1449360E+00
  0.7850000E-01  0.1442605E+00
  0.7855000E-01  0.1410944E+00
  0.7860000E-01  0.1376487E+00
  0.7865000E-01  0.1347662E+00
  0.7870000E-01  0.1322563E+00
  0.7875000E-01  0.1317904E+00
  0.7880000E-01  0.1315346E+00
  0.7885000E-01  0.1314569E+00
  0.7890000E-01  0.1305828E+00
  0.7895000E-01  0.1273074E+00
  0.7900000E-01  0.1263078E+00
  0.7905000E-01  0.1272117E+00
  0.7910000E-01  0.1287297E+00
  0.7915000E-01  0.1311301E+00
  0.7920000E-01  0.1297649E+00
  0.7925000E-01  0.1268276E+00
  0.7930000E-01  0.1252075E+00
  0.7935000E-01  0.1245789E+00
  0.7940000E-01  0.1236889E+00
  0.7945000E-01  0.1199329E+00
  0.7950000E-01  0.1165743E+00
  0.7955000E-01  0.1139022E+00
  0.7960000E-01  0.1127699E+00
  0.7965000E-01  0.1153757E+00
  0.7970000E-01  0.1156574E+00
  0.7975000E-01  0.1144865E+00
  0.7980000E-01  0.1135075E+00
  0.7985000E-01  0.1132496E+00
  0.7990000E-01  0.1150778E+00
  0.7995000E-01  0.1167624E+00
  0.8000000E-01  0.1171276E+00
  0.8005000E-01  0.1159125E+00
  0.8010000E-01  0.1136129E+00
  0.8015000E-01  0.1101727E+00
  0.8020000E-01  0.1063330E+00
  0.8025000E-01  0.1036510E+00
  0.8030000E-01  0.1021832E+00
  0.8035000E-01  0.1008991E+00
  0.8040000E-01  0.1021965E+00
  0.8045000E-01  0.1041055E+00
  0.8050000E-01  0.1054220E+00
  0.8055000E-01  0.1101962E+00
  0.8060000E-01  0.1156925E+00
  0.8065000E-01  0.1172761E+00
  0.8070000E-01  0.1169891E+00
  0.8075000E-01  0.1179327E+00
  0.8080000E-01  0.1199018E+00
  0.8085000E-01  0.1227969E+00
  0.8090000E-01  0.1270751E+00
  0.8095000E-01  0.1287147E+00
  0.8100000E-01  0.1284539E+00
  0.8105000E-01  0.1287659E+00
  0.8110000E-01  0.1287476E+00
  0.8115000E-01  0.1301700E+00
  0.8120000E-01  0.1331712E+00
  0.8125000E-01  0.1347801E+00
  0.8130000E-01  0.1368016E+00
  0.8135000E-01  0.1395256E+00
  0.8140000E-01  0.1395819E+00
  0.8145000E-01  0.1376986E+00
  0.8150000E-01  0.1378295E+00
  0.8155000E-01  0.1398999E+00
  0.8160000E-01  0.1421923E+00
  0.8165000E-01  0.1439532E+00
  0.8170000E-01  0.1458303E+00
  0.8175000E-01  0.1467483E+00
  0.8180000E-01  0.1464701E+00
  0.8185000E-01  0.1459892E+00
  0.8190000E-01  0.1473129E+00
  0.8195000E-01  0.1500255E+00
  0.8200000E-01  0.1537845E+00
  0.8205000E-01  0.1541187E+00
  0.8210000E-01  0.1541606E+00
  0.8215000E-01  0.1527774E+00
  0.8220000E-01  0.1514396E+00
  0.8225000E-01  0.1525652E+00
  0.8230000E-01  0.1568825E+00
  0.8235000E-01  0.1582717E+00
  0.8240000E-01  0.1609359E+00
  0.8245000E-01  0.1638635E+00
  0.8250000E-01  0.1684993E+00
  0.8255000E-01  0.1728285E+00
  0.8260000E-01  0.1757721E+00
  0.8265000E-01  0.1799568E+00
  0.8270000E-01  0.1808027E+00
  0.8275000E-01  0.1777261E+00
  0.8280000E-01  0.1714943E+00
  0.8285000E-01  0.1640475E+00
  0.8290000E-01  0.1585249E+00
  0.8295000E-01  0.1579312E+00
  0.8300000E-01  0.1607607E+00
  0.8305000E-01  0.1634661E+00
  0.8310000E-01  0.1633824E+00
  0.8315000E-01  0.1615945E+00
  0.8320000E-01  0.1639346E+00
  0.8325000E-01  0.1659197E+00
  0.8330000E-01  0.1611437E+00
  0.8335000E-01  0.1540672E+00
  0.8340000E-01  0.1516748E+00
  0.8345000E-01  0.1524644E+00
  0.8350000E-01  0.1551384E+00
  0.8355000E-01  0.1599889E+00
  0.8360000E-01  0.1624231E+00
  0.8365000E-01  0.1615490E+00
  0.8370000E-01  0.1606931E+00
  0.8375000E-01  0.1585225E+00
  0.8380000E-01  0.1587242E+00
  0.8385000E-01  0.1585063E+00
  0.8390000E-01  0.1568165E+00
  0.8395000E-01  0.1558464E+00
  0.8400000E-01  0.1570191E+00
  0.8405000E-01  0.1592594E+00
  0.8410000E-01  0.1604779E+00
  0.8415000E-01  0.1589454E+00
  0.8420000E-01  0.1572363E+00
  0.8425000E-01  0.1527056E+00
  0.8430000E-01  0.1465357E+00
  0.8435000E-01  0.1437865E+00
  0.8440000E-01  0.1415399E+00
  0.8445000E-01  0.1395672E+00
  0.8450000E-01  0.1370587E+00
  0.8455000E-01  0.1361346E+00
  0.8460000E-01  0.1372256E+00
  0.8465000E-01  0.1375173E+00
  0.8470000E-01  0.1361748E+00
  0.8475000E-01  0.1371181E+00
  0.8480000E-01  0.1367985E+00
  0.8485000E-01  0.1333326E+00
  0.8490000E-01  0.1318473E+00
  0.8495000E-01  0.1311013E+00
  0.8500000E-01  0.1334952E+00
  0.8505000E-01  0.1363685E+00
  0.8510000E-01  0.1345230E+00
  0.8515000E-01  0.1314895E+00
  0.8520000E-01  0.1303086E+00
  0.8525000E-01  0.1310797E+00
  0.8530000E-01  0.1328829E+00
  0.8535000E-01  0.1359694E+00
  0.8540000E-01  0.1405440E+00
  0.8545000E-01  0.1473479E+00
  0.8550000E-01  0.1512927E+00
  0.8555000E-01  0.1563263E+00
  0.8560000E-01  0.1647794E+00
  0.8565000E-01  0.1682202E+00
  0.8570000E-01  0.1724098E+00
  0.8575000E-01  0.1733066E+00
  0.8580000E-01  0.1764396E+00
  0.8585000E-01  0.1834628E+00
  0.8590000E-01  0.1862573E+00
  0.8595000E-01  0.1827845E+00
  0.8600000E-01  0.1788674E+00
  0.8605000E-01  0.1749893E+00
  0.8610000E-01  0.1721350E+00
  0.8615000E-01  0.1703995E+00
  0.8620000E-01  0.1703220E+00
  0.8625000E-01  0.1728509E+00
  0.8630000E-01  0.1716451E+00
  0.8635000E-01  0.1686931E+00
  0.8640000E-01  0.1697966E+00
  0.8645000E-01  0.1715770E+00
  0.8650000E-01  0.1715371E+00
  0.8655000E-01  0.1674059E+00
  0.8660000E-01  0.1612944E+00
  0.8665000E-01  0.1599906E+00
  0.8670000E-01  0.1660646E+00
  0.8675000E-01  0.1698995E+00
  0.8680000E-01  0.1726756E+00
  0.8685000E-01  0.1764238E+00
  0.8690000E-01  0.1803383E+00
  0.8695000E-01  0.1837973E+00
  0.8700000E-01  0.1901121E+00
  0.8705000E-01  0.1965756E+00
  0.8710000E-01  0.1970394E+00
  0.8715000E-01  0.1956611E+00
  0.8720000E-01  0.1966952E+00
  0.8725000E-01  0.1972383E+00
  0.8730000E-01  0.1962509E+00
  0.8735000E-01  0.2007068E+00
  0.8740000E-01  0.2062153E+00
  0.8745000E-01  0.2121432E+00
  0.8750000E-01  0.2123336E+00
  0.8755000E-01  0.2040469E+00
  0.8760000E-01  0.1961026E+00
  0.8765000E-01  0.1951786E+00
  0.8770000E-01  0.1957542E+00
  0.8775000E-01  0.1986800E+00
  0.8780000E-01  0.2020145E+00
  0.8785000E-01  0.2016268E+00
  0.8790000E-01  0.2016572E+00
  0.8795000E-01  0.2021668E+00
  0.8800000E-01  0.2035653E+00
  0.8805000E-01  0.2061767E+00
  0.8810000E-01  0.2083447E+00
  0.8815000E-01  0.2075842E+00
  0.8820000E-01  0.2074333E+00
  0.8825000E-01  0.2065427E+00
  0.8830000E-01  0.2058017E+00
  0.8835000E-01  0.2005108E+00
  0.8840000E-01  0.1944944E+00
  0.8845000E-01  0.1958445E+00
  0.8850000E-01  0.2018129E+00
  0.8855000E-01  0.2075140E+00
  0.8860000E-01  0.2108341E+00
  0.8865000E-01  0.2080472E+00
  0.8870000E-01  0.2091493E+00
  0.8875000E-01  0.2055204E+00
  0.8880000E-01  0.2003909E+00
  0.8885000E-01  0.1962499E+00
  0.8890000E-01  0.1923433E+00
  0.8895000E-01  0.1888850E+00
  0.8900000E-01  0.1893891E+00
  0.8905000E-01  0.1920444E+00
  0.8910000E-01  0.1932000E+00
  0.8915000E-01  0.1892203E+00
  0.8920000E-01  0.1852420E+00
  0.8925000E-01  0.1831848E+00
  0.8930000E-01  0.1838217E+00
  0.8935000E-01  0.1864297E+00
  0.8940000E-01  0.1946102E+00
  0.8945000E-01  0.2043920E+00
  0.8950000E-01  0.2151085E+00
  0.8955000E-01  0.2202004E+00
  0.8960000E-01  0.2263129E+00
  0.8965000E-01  0.2317674E+00
  0.8970000E-01  0.2356042E+00
  0.8975000E-01  0.2432050E+00
  0.8980000E-01  0.2476351E+00
  0.8985000E-01  0.2469053E+00
  0.8990000E-01  0.2431991E+00
  0.8995000E-01  0.2433692E+00
  0.9000000E-01  0.2457578E+00
  0.9005000E-01  0.2475421E+00
  0.9010000E-01  0.2471592E+00
  0.9015000E-01  0.2434045E+00
  0.9020000E-01  0.2452441E+00
  0.9025000E-01  0.2481367E+00
  0.9030000E-01  0.2483441E+00
  0.9035000E-01  0.2496354E+00
  0.9040000E-01  0.2520268E+00
  0.9045000E-01  0.2536202E+00
  0.9050000E-01  0.2558777E+00
  0.9055000E-01  0.2590956E+00
  0.9060000E-01  0.2639493E+00
  0.9065000E-01  0.2665287E+00
  0.9070000E-01  0.2711877E+00
  0.9075000E-01  0.2759136E+00
  0.9080000E-01  0.2825183E+00
  0.9085000E-01  0.2855900E+00
  0.9090000E-01  0.2858535E+00
  0.9095000E-01  0.2893771E+00
  0.9100000E-01  0.2962123E+00
  0.9105000E-01  0.3023726E+00
  0.9110000E-01  0.3076660E+00
  0.9115000E-01  0.3105243E+00
  0.9120000E-01  0.3089169E+00
  0.9125000E-01  0.3069645E+00
  0.9130000E-01  0.3075144E+00
  0.9135000E-01  0.3060065E+00
  0.9140000E-01  0.3114173E+00
  0.9145000E-01  0.3119910E+00
  0.9150000E-01  0.3140550E+00
  0.9155000E-01  0.3194444E+00
  0.9160000E-01  0.3228258E+00
  0.9165000E-01  0.3242750E+00
  0.9170000E-01  0.3278580E+00
  0.9175000E-01  0.3333982E+00
  0.9180000E-01  0.3352860E+00
  0.9185000E-01  0.3340529E+00
  0.9190000E-01  0.3325629E+00
  0.9195000E-01  0.3301483E+00
  0.9200000E-01  0.3271590E+00
  0.9205000E-01  0.3241589E+00
  0.9210000E-01  0.3173658E+00
  0.9215000E-01  0.3113192E+00
  0.9220000E-01  0.3062417E+00
  0.9225000E-01  0.3058235E+00
  0.9230000E-01  0.3133706E+00
  0.9235000E-01  0.3171486E+00
  0.9240000E-01  0.3206324E+00
  0.9245000E-01  0.3236032E+00
  0.9250000E-01  0.3291130E+00
  0.9255000E-01  0.3345504E+00
  0.9260000E-01  0.3386770E+00
  0.9265000E-01  0.3450718E+00
  0.9270000E-01  0.3566144E+00
  0.9275000E-01  0.3705119E+00
  0.9280000E-01  0.3796330E+00
  0.9285000E-01  0.3830210E+00
  0.9290000E-01  0.3907847E+00
  0.9295000E-01  0.3956108E+00
  0.9300000E-01  0.4037541E+00
  0.9305000E-01  0.4086758E+00
  0.9310000E-01  0.4157160E+00
  0.9315000E-01  0.4180897E+00
  0.9320000E-01  0.4201513E+00
  0.9325000E-01  0.4257719E+00
  0.9330000E-01  0.4344254E+00
  0.9335000E-01  0.4350427E+00
  0.9340000E-01  0.4259393E+00
  0.9345000E-01  0.4179613E+00
  0.9350000E-01  0.4129492E+00
  0.9355000E-01  0.3998831E+00
  0.9360000E-01  0.3989126E+00
  0.9365000E-01  0.4033999E+00
  0.9370000E-01  0.4009546E+00
  0.9375000E-01  0.3926777E+00
  0.9380000E-01  0.3884794E+00
  0.9385000E-01  0.3856641E+00
  0.9390000E-01  0.3822547E+00
  0.9395000E-01  0.3816342E+00
  0.9400000E-01  0.3843159E+00
  0.9405000E-01  0.3840191E+00
  0.9410000E-01  0.3911187E+00
  0.9415000E-01  0.3975611E+00
  0.9420000E-01  0.4049316E+00
  0.9425000E-01  0.4065535E+00
  0.9430000E-01  0.4135448E+00
  0.9435000E-01  0.4251122E+00
  0.9440000E-01  0.4364262E+00
  0.9445000E-01  0.4466896E+00
  0.9450000E-01  0.4605237E+00
  0.9455000E-01  0.4679527E+00
  0.9460000E-01  0.4688427E+00
  0.9465000E-01  0.4625940E+00
  0.9470000E-01  0.4559135E+00
  0.9475000E-01  0.4359948E+00
  0.9480000E-01  0.4296481E+00
  0.9485000E-01  0.4371025E+00
  0.9490000E-01  0.4467642E+00
  0.9495000E-01  0.4549188E+00
  0.9500000E-01  0.4569239E+00
  0.9505000E-01  0.4484954E+00
  0.9510000E-01  0.4385693E+00
  0.9515000E-01  0.4349948E+00
  0.9520000E-01  0.4321598E+00
  0.9525000E-01  0.4238090E+00
  0.9530000E-01  0.4286384E+00
  0.9535000E-01  0.4305166E+00
  0.9540000E-01  0.4403954E+00
  0.9545000E-01  0.4494828E+00
  0.9550000E-01  0.4597255E+00
  0.9555000E-01  0.4637805E+00
  0.9560000E-01  0.4731654E+00
  0.9565000E-01  0.4729385E+00
  0.9570000E-01  0.4789021E+00
  0.9575000E-01  0.4780949E+00
  0.9580000E-01  0.4825641E+00
  0.9585000E-01  0.4856487E+00
  0.9590000E-01  0.4835992E+00
  0.9595000E-01  0.4704204E+00
  0.9600000E-01  0.4765784E+00
  0.9605000E-01  0.4971606E+00
  0.9610000E-01  0.5113858E+00
  0.9615000E-01  0.5010312E+00
  0.9620000E-01  0.4894868E+00
  0.9625000E-01  0.4911529E+00
  0.9630000E-01  0.5112345E+00
  0.9635000E-01  0.5223793E+00
  0.9640000E-01  0.5394553E+00
  0.9645000E-01  0.5553436E+00
  0.9650000E-01  0.5745355E+00
  0.9655000E-01  0.5834598E+00
  0.9660000E-01  0.5959149E+00
  0.9665000E-01  0.5892577E+00
  0.9670000E-01  0.5912766E+00
  0.9675000E-01  0.5927557E+00
  0.9680000E-01  0.5971235E+00
  0.9685000E-01  0.6078845E+00
  0.9690000E-01  0.6398252E+00
  0.9695000E-01  0.6674776E+00
  0.9700000E-01  0.7065203E+00
  0.9705000E-01  0.7509588E+00
  0.9710000E-01  0.8141266E+00
  0.9715000E-01  0.8722845E+00
  0.9720000E-01  0.9235368E+00
  0.9725000E-01  0.9530611E+00
  0.9730000E-01  0.9889015E+00
  0.9735000E-01  0.1010971E+01
  0.9740000E-01  0.1030347E+01
  0.9745000E-01  0.1021133E+01
  0.9750000E-01  0.1009727E+01
  0.9755000E-01  0.9892697E+00
  0.9760000E-01  0.9809628E+00
  0.9765000E-01  0.9333141E+00
  0.9770000E-01  0.8584169E+00
  0.9775000E-01  0.7323369E+00
  0.9780000E-01  0.5908835E+00
  0.9785000E-01  0.4006680E+00
  0.9790000E-01  0.1826011E+00
  0.9795000E-01 -0.1122168E+00
  0.9800000E-01 -0.4441504E+00
  0.9805000E-01 -0.8485034E+00
  0.9810000E-01 -0.1295662E+01
  0.9815000E-01 -0.1834797E+01
  0.9820000E-01 -0.2415312E+01
  0.9825000E-01 -0.3093326E+01
  0.9830000E-01 -0.3796215E+01
  0.9835000E-01 -0.4571467E+01
  0.9840000E-01 -0.5360168E+01
  0.9845000E-01 -0.6196264E+01
  0.9850000E-01 -0.6995832E+01
  0.9855000E-01 -0.7762318E+01
  0.9860000E-01 -0.8431242E+01
  0.9865000E-01 -0.9019132E+01
  0.9870000E-01 -0.9485005E+01
  0.9875000E-01 -0.9834761E+01
  0.9880000E-01 -0.1005041E+02
  0.9885000E-01 -0.1012677E+02
  0.9890000E-01 -0.1005513E+02
  0.9895000E-01 -0.9833934E+01
  0.9900000E-01 -0.9461399E+01
  0.9905000E-01 -0.8937093E+01
  0.9910000E-01 -0.8262674E+01
  0.9915000E-01 -0.7445061E+01
  0.9920000E-01 -0.6493770E+01
  0.9925000E-01 -0.5431306E+01
  0.9930000E-01 -0.4290855E+01
  0.9935000E-01 -0.3118529E+01
  0.9940000E-01 -0.1974957E+01
  0.9945000E-01 -0.9321648E+00
  0.9950000E-01 -0.6452637E-01
  0.9955000E-01  0.5694010E+00
  0.9960000E-01  0.9414175E+00
  0.9965000E-01  0.1054220E+01
  0.9970000E-01  0.9462112E+00
  0.9975000E-01  0.6961736E+00
  0.9980000E-01  0.4085800E+00
  0.9985000E-01  0.1735765E+00
  0.9990000E-01  0.3963297E-01
  0.9995000E-01  0.0000000E+00
  0.1000000E+00  0.0000000E+00
