  0.0000000E+00  0.0000000E+00
  0.5000000E-04 -0.7317542E-13
  0.1000000E-03  0.3907705E-01
  0.1500000E-03  0.1727021E+00
  0.2000000E-03  0.4094103E+00
  0.2500000E-03  0.6990798E+00
  0.3000000E-03  0.9491250E+00
  0.3500000E-03  0.1056103E+01
  0.4000000E-03  0.9368821E+00
  0.4500000E-03  0.5458541E+00
  0.5000000E-03 -0.1142402E+00
  0.5500000E-03 -0.1002888E+01
  0.6000000E-03 -0.2058953E+01
  0.6500000E-03 -0.3210901E+01
  0.7000000E-03 -0.4388805E+01
  0.7500000E-03 -0.5526403E+01
  0.8000000E-03 -0.6579909E+01
  0.8500000E-03 -0.7525407E+01
  0.9000000E-03 -0.8344184E+01
  0.9500000E-03 -0.9019224E+01
  0.1000000E-02 -0.9539649E+01
  0.1050000E-02 -0.9903765E+01
  0.1100000E-02 -0.1011712E+02
  0.1150000E-02 -0.1018368E+02
  0.1200000E-02 -0.1010751E+02
  0.1250000E-02 -0.9890676E+01
  0.1300000E-02 -0.9531882E+01
  0.1350000E-02 -0.9051813E+01
  0.1400000E-02 -0.8438520E+01
  0.1450000E-02 -0.7748066E+01
  0.1500000E-02 -0.6973461E+01
  0.1550000E-02 -0.6190184E+01
  0.1600000E-02 -0.5358537E+01
  0.1650000E-02 -0.4555325E+01
  0.1700000E-02 -0.3768697E+01
  0.1750000E-02 -0.3053428E+01
  0.1800000E-02 -0.2362339E+01
  0.1850000E-02 -0.1761438E+01
  0.1900000E-02 -0.1215001E+01
  0.1950000E-02 -0.7571780E+00
  0.2000000E-02 -0.3396464E+00
  0.2050000E-02 -0.1783980E-01
  0.2100000E-02  0.2505640E+00
  0.2150000E-02  0.4440795E+00
  0.2200000E-02  0.6087379E+00
  0.2250000E-02  0.7280572E+00
  0.2300000E-02  0.8373865E+00
  0.2350000E-02  0.8837947E+00
  0.2400000E-02  0.9231905E+00
  0.2450000E-02  0.9363295E+00
  0.2500000E-02  0.9457976E+00
  0.2550000E-02  0.9129648E+00
  0.2600000E-02  0.8947968E+00
  0.2650000E-02  0.8695957E+00
  0.2700000E-02  0.8489962E+00
  0.2750000E-02  0.8218122E+00
  0.2800000E-02  0.8160079E+00
  0.2850000E-02  0.8015090E+00
  0.2900000E-02  0.7904197E+00
  0.2950000E-02  0.7666463E+00
  0.3000000E-02  0.7464106E+00
  0.3050000E-02  0.7039906E+00
  0.3100000E-02  0.6717955E+00
  0.3150000E-02  0.6384663E+00
  0.3200000E-02  0.6174185E+00
  0.3250000E-02  0.5792102E+00
  0.3300000E-02  0.5626764E+00
  0.3350000E-02  0.5361190E+00
  0.3400000E-02  0.5106886E+00
  0.3450000E-02  0.4844689E+00
  0.3500000E-02  0.4672612E+00
  0.3550000E-02  0.4424647E+00
  0.3600000E-02  0.4311080E+00
  0.3650000E-02  0.4332556E+00
  0.3700000E-02  0.4436674E+00
  0.3750000E-02  0.4501503E+00
  0.3800000E-02  0.4650943E+00
  0.3850000E-02  0.4748736E+00
  0.3900000E-02  0.4756753E+00
  0.3950000E-02  0.4569822E+00
  0.4000000E-02  0.4455879E+00
  0.4050000E-02  0.4411958E+00
  0.4100000E-02  0.4472358E+00
  0.4150000E-02  0.4478240E+00
  0.4200000E-02  0.4522898E+00
  0.4250000E-02  0.4533044E+00
  0.4300000E-02  0.4592050E+00
  0.4350000E-02  0.4682018E+00
  0.4400000E-02  0.4741184E+00
  0.4450000E-02  0.4688935E+00
  0.4500000E-02  0.4631632E+00
  0.4550000E-02  0.4443042E+00
  0.4600000E-02  0.4258560E+00
  0.4650000E-02  0.4106396E+00
  0.4700000E-02  0.4038951E+00
  0.4750000E-02  0.4010043E+00
  0.4800000E-02  0.4113643E+00
  0.4850000E-02  0.4230567E+00
  0.4900000E-02  0.4346635E+00
  0.4950000E-02  0.4575459E+00
  0.5000000E-02  0.4819360E+00
  0.5050000E-02  0.4918485E+00
  0.5100000E-02  0.4923212E+00
  0.5150000E-02  0.4801213E+00
  0.5200000E-02  0.4678722E+00
  0.5250000E-02  0.4634351E+00
  0.5300000E-02  0.4576576E+00
  0.5350000E-02  0.4510185E+00
  0.5400000E-02  0.4556123E+00
  0.5450000E-02  0.4601972E+00
  0.5500000E-02  0.4661478E+00
  0.5550000E-02  0.4617748E+00
  0.5600000E-02  0.4527076E+00
  0.5650000E-02  0.4471629E+00
  0.5700000E-02  0.4438893E+00
  0.5750000E-02  0.4399405E+00
  0.5800000E-02  0.4463198E+00
  0.5850000E-02  0.4473356E+00
  0.5900000E-02  0.4439436E+00
  0.5950000E-02  0.4362697E+00
  0.6000000E-02  0.4312093E+00
  0.6050000E-02  0.4202989E+00
  0.6100000E-02  0.4125750E+00
  0.6150000E-02  0.4016114E+00
  0.6200000E-02  0.3953558E+00
  0.6250000E-02  0.3885474E+00
  0.6300000E-02  0.3906936E+00
  0.6350000E-02  0.3955866E+00
  0.6400000E-02  0.3928236E+00
  0.6450000E-02  0.3851279E+00
  0.6500000E-02  0.3870563E+00
  0.6550000E-02  0.3889001E+00
  0.6600000E-02  0.3920518E+00
  0.6650000E-02  0.4001397E+00
  0.6700000E-02  0.4007779E+00
  0.6750000E-02  0.3897649E+00
  0.6800000E-02  0.3784355E+00
  0.6850000E-02  0.3649458E+00
  0.6900000E-02  0.3631378E+00
  0.6950000E-02  0.3660248E+00
  0.7000000E-02  0.3697272E+00
  0.7050000E-02  0.3694703E+00
  0.7100000E-02  0.3588696E+00
  0.7150000E-02  0.3493561E+00
  0.7200000E-02  0.3444258E+00
  0.7250000E-02  0.3386910E+00
  0.7300000E-02  0.3291907E+00
  0.7350000E-02  0.3192937E+00
  0.7400000E-02  0.3175479E+00
  0.7450000E-02  0.3183115E+00
  0.7500000E-02  0.3219255E+00
  0.7550000E-02  0.3178214E+00
  0.7600000E-02  0.3094777E+00
  0.7650000E-02  0.3025485E+00
  0.7700000E-02  0.3045005E+00
  0.7750000E-02  0.3129996E+00
  0.7800000E-02  0.3187349E+00
  0.7850000E-02  0.3225065E+00
  0.7900000E-02  0.3201473E+00
  0.7950000E-02  0.3029513E+00
  0.8000000E-02  0.2869388E+00
  0.8050000E-02  0.2763261E+00
  0.8100000E-02  0.2762395E+00
  0.8150000E-02  0.2750965E+00
  0.8200000E-02  0.2769596E+00
  0.8250000E-02  0.2844409E+00
  0.8300000E-02  0.2903816E+00
  0.8350000E-02  0.2939787E+00
  0.8400000E-02  0.2948833E+00
  0.8450000E-02  0.2883609E+00
  0.8500000E-02  0.2816578E+00
  0.8550000E-02  0.2779322E+00
  0.8600000E-02  0.2796597E+00
  0.8650000E-02  0.2795326E+00
  0.8700000E-02  0.2792074E+00
  0.8750000E-02  0.2790260E+00
  0.8800000E-02  0.2764992E+00
  0.8850000E-02  0.2779692E+00
  0.8900000E-02  0.2796337E+00
  0.8950000E-02  0.2736044E+00
  0.9000000E-02  0.2688213E+00
  0.9050000E-02  0.2646169E+00
  0.9100000E-02  0.2614801E+00
  0.9150000E-02  0.2641210E+00
  0.9200000E-02  0.2720286E+00
  0.9250000E-02  0.2769098E+00
  0.9300000E-02  0.2771672E+00
  0.9350000E-02  0.2748314E+00
  0.9400000E-02  0.2728765E+00
  0.9450000E-02  0.2726925E+00
  0.9500000E-02  0.2763079E+00
  0.9550000E-02  0.2824056E+00
  0.9600000E-02  0.2894861E+00
  0.9650000E-02  0.2912832E+00
  0.9700000E-02  0.2847505E+00
  0.9750000E-02  0.2738886E+00
  0.9800000E-02  0.2633795E+00
  0.9850000E-02  0.2543067E+00
  0.9900000E-02  0.2497963E+00
  0.9950000E-02  0.2443144E+00
  0.1000000E-01  0.2350256E+00
  0.1005000E-01  0.2253347E+00
  0.1010000E-01  0.2197484E+00
  0.1015000E-01  0.2193922E+00
  0.1020000E-01  0.2282784E+00
  0.1025000E-01  0.2414926E+00
  0.1030000E-01  0.2548464E+00
  0.1035000E-01  0.2648765E+00
  0.1040000E-01  0.2655807E+00
  0.1045000E-01  0.2578298E+00
  0.1050000E-01  0.2553160E+00
  0.1055000E-01  0.2530319E+00
  0.1060000E-01  0.2517195E+00
  0.1065000E-01  0.2494210E+00
  0.1070000E-01  0.2515585E+00
  0.1075000E-01  0.2527231E+00
  0.1080000E-01  0.2523455E+00
  0.1085000E-01  0.2520611E+00
  0.1090000E-01  0.2498817E+00
  0.1095000E-01  0.2470319E+00
  0.1100000E-01  0.2475447E+00
  0.1105000E-01  0.2478211E+00
  0.1110000E-01  0.2452353E+00
  0.1115000E-01  0.2418403E+00
  0.1120000E-01  0.2390490E+00
  0.1125000E-01  0.2382802E+00
  0.1130000E-01  0.2359149E+00
  0.1135000E-01  0.2253639E+00
  0.1140000E-01  0.2152432E+00
  0.1145000E-01  0.2083740E+00
  0.1150000E-01  0.2056503E+00
  0.1155000E-01  0.2101817E+00
  0.1160000E-01  0.2081123E+00
  0.1165000E-01  0.2025640E+00
  0.1170000E-01  0.1992742E+00
  0.1175000E-01  0.1994957E+00
  0.1180000E-01  0.2030524E+00
  0.1185000E-01  0.2049918E+00
  0.1190000E-01  0.2070504E+00
  0.1195000E-01  0.2050965E+00
  0.1200000E-01  0.2055828E+00
  0.1205000E-01  0.2088969E+00
  0.1210000E-01  0.2116222E+00
  0.1215000E-01  0.2109526E+00
  0.1220000E-01  0.2132064E+00
  0.1225000E-01  0.2168777E+00
  0.1230000E-01  0.2176946E+00
  0.1235000E-01  0.2140029E+00
  0.1240000E-01  0.2135524E+00
  0.1245000E-01  0.2142634E+00
  0.1250000E-01  0.2152210E+00
  0.1255000E-01  0.2168260E+00
  0.1260000E-01  0.2159985E+00
  0.1265000E-01  0.2166625E+00
  0.1270000E-01  0.2162005E+00
  0.1275000E-01  0.2150184E+00
  0.1280000E-01  0.2128308E+00
  0.1285000E-01  0.2072705E+00
  0.1290000E-01  0.2002055E+00
  0.1295000E-01  0.1936896E+00
  0.1300000E-01  0.1899129E+00
  0.1305000E-01  0.1873437E+00
  0.1310000E-01  0.1866764E+00
  0.1315000E-01  0.1841326E+00
  0.1320000E-01  0.1811419E+00
  0.1325000E-01  0.1776317E+00
  0.1330000E-01  0.1741169E+00
  0.1335000E-01  0.1687120E+00
  0.1340000E-01  0.1654714E+00
  0.1345000E-01  0.1639694E+00
  0.1350000E-01  0.1646907E+00
  0.1355000E-01  0.1659214E+00
  0.1360000E-01  0.1664818E+00
  0.1365000E-01  0.1667355E+00
  0.1370000E-01  0.1658863E+00
  0.1375000E-01  0.1642619E+00
  0.1380000E-01  0.1653653E+00
  0.1385000E-01  0.1657374E+00
  0.1390000E-01  0.1664614E+00
  0.1395000E-01  0.1677305E+00
  0.1400000E-01  0.1677231E+00
  0.1405000E-01  0.1690661E+00
  0.1410000E-01  0.1710840E+00
  0.1415000E-01  0.1739719E+00
  0.1420000E-01  0.1763689E+00
  0.1425000E-01  0.1759664E+00
  0.1430000E-01  0.1774101E+00
  0.1435000E-01  0.1806429E+00
  0.1440000E-01  0.1826840E+00
  0.1445000E-01  0.1795003E+00
  0.1450000E-01  0.1750743E+00
  0.1455000E-01  0.1720880E+00
  0.1460000E-01  0.1701827E+00
  0.1465000E-01  0.1711059E+00
  0.1470000E-01  0.1733690E+00
  0.1475000E-01  0.1753759E+00
  0.1480000E-01  0.1746844E+00
  0.1485000E-01  0.1745119E+00
  0.1490000E-01  0.1759875E+00
  0.1495000E-01  0.1809884E+00
  0.1500000E-01  0.1844576E+00
  0.1505000E-01  0.1831215E+00
  0.1510000E-01  0.1804407E+00
  0.1515000E-01  0.1792918E+00
  0.1520000E-01  0.1747782E+00
  0.1525000E-01  0.1704716E+00
  0.1530000E-01  0.1687499E+00
  0.1535000E-01  0.1698885E+00
  0.1540000E-01  0.1694355E+00
  0.1545000E-01  0.1648938E+00
  0.1550000E-01  0.1607426E+00
  0.1555000E-01  0.1572374E+00
  0.1560000E-01  0.1525001E+00
  0.1565000E-01  0.1460990E+00
  0.1570000E-01  0.1403739E+00
  0.1575000E-01  0.1374060E+00
  0.1580000E-01  0.1367833E+00
  0.1585000E-01  0.1417545E+00
  0.1590000E-01  0.1490524E+00
  0.1595000E-01  0.1541233E+00
  0.1600000E-01  0.1562531E+00
  0.1605000E-01  0.1551853E+00
  0.1610000E-01  0.1535291E+00
  0.1615000E-01  0.1548327E+00
  0.1620000E-01  0.1586284E+00
  0.1625000E-01  0.1622050E+00
  0.1630000E-01  0.1652467E+00
  0.1635000E-01  0.1621529E+00
  0.1640000E-01  0.1566955E+00
  0.1645000E-01  0.1554955E+00
  0.1650000E-01  0.1564497E+00
  0.1655000E-01  0.1547270E+00
  0.1660000E-01  0.1523495E+00
  0.1665000E-01  0.1489848E+00
  0.1670000E-01  0.1476363E+00
  0.1675000E-01  0.1462756E+00
  0.1680000E-01  0.1443927E+00
  0.1685000E-01  0.1436251E+00
  0.1690000E-01  0.1411255E+00
  0.1695000E-01  0.1387783E+00
  0.1700000E-01  0.1382241E+00
  0.1705000E-01  0.1408070E+00
  0.1710000E-01  0.1464239E+00
  0.1715000E-01  0.1457757E+00
  0.1720000E-01  0.1400889E+00
  0.1725000E-01  0.1362078E+00
  0.1730000E-01  0.1330016E+00
  0.1735000E-01  0.1333202E+00
  0.1740000E-01  0.1362251E+00
  0.1745000E-01  0.1370205E+00
  0.1750000E-01  0.1383090E+00
  0.1755000E-01  0.1399015E+00
  0.1760000E-01  0.1424522E+00
  0.1765000E-01  0.1455343E+00
  0.1770000E-01  0.1491754E+00
  0.1775000E-01  0.1501431E+00
  0.1780000E-01  0.1475321E+00
  0.1785000E-01  0.1459646E+00
  0.1790000E-01  0.1473553E+00
  0.1795000E-01  0.1439088E+00
  0.1800000E-01  0.1413599E+00
  0.1805000E-01  0.1406288E+00
  0.1810000E-01  0.1422676E+00
  0.1815000E-01  0.1437234E+00
  0.1820000E-01  0.1456071E+00
  0.1825000E-01  0.1476865E+00
  0.1830000E-01  0.1515512E+00
  0.1835000E-01  0.1547320E+00
  0.1840000E-01  0.1555081E+00
  0.1845000E-01  0.1555693E+00
  0.1850000E-01  0.1535069E+00
  0.1855000E-01  0.1524376E+00
  0.1860000E-01  0.1539407E+00
  0.1865000E-01  0.1535623E+00
  0.1870000E-01  0.1520811E+00
  0.1875000E-01  0.1506515E+00
  0.1880000E-01  0.1496991E+00
  0.1885000E-01  0.1494129E+00
  0.1890000E-01  0.1495129E+00
  0.1895000E-01  0.1485846E+00
  0.1900000E-01  0.1462847E+00
  0.1905000E-01  0.1435670E+00
  0.1910000E-01  0.1431271E+00
  0.1915000E-01  0.1454921E+00
  0.1920000E-01  0.1502872E+00
  0.1925000E-01  0.1511175E+00
  0.1930000E-01  0.1509678E+00
  0.1935000E-01  0.1517004E+00
  0.1940000E-01  0.1525026E+00
  0.1945000E-01  0.1535862E+00
  0.1950000E-01  0.1548243E+00
  0.1955000E-01  0.1565389E+00
  0.1960000E-01  0.1568141E+00
  0.1965000E-01  0.1589212E+00
  0.1970000E-01  0.1601496E+00
  0.1975000E-01  0.1556867E+00
  0.1980000E-01  0.1501013E+00
  0.1985000E-01  0.1465753E+00
  0.1990000E-01  0.1445615E+00
  0.1995000E-01  0.1425268E+00
  0.2000000E-01  0.1410450E+00
  0.2005000E-01  0.1400064E+00
  0.2010000E-01  0.1402027E+00
  0.2015000E-01  0.1429979E+00
  0.2020000E-01  0.1424331E+00
  0.2025000E-01  0.1405931E+00
  0.2030000E-01  0.1390395E+00
  0.2035000E-01  0.1372453E+00
  0.2040000E-01  0.1370053E+00
  0.2045000E-01  0.1388378E+00
  0.2050000E-01  0.1411093E+00
  0.2055000E-01  0.1409683E+00
  0.2060000E-01  0.1410627E+00
  0.2065000E-01  0.1408980E+00
  0.2070000E-01  0.1382578E+00
  0.2075000E-01  0.1364549E+00
  0.2080000E-01  0.1346107E+00
  0.2085000E-01  0.1335180E+00
  0.2090000E-01  0.1368249E+00
  0.2095000E-01  0.1400321E+00
  0.2100000E-01  0.1395152E+00
  0.2105000E-01  0.1383464E+00
  0.2110000E-01  0.1388546E+00
  0.2115000E-01  0.1406208E+00
  0.2120000E-01  0.1405532E+00
  0.2125000E-01  0.1412254E+00
  0.2130000E-01  0.1407008E+00
  0.2135000E-01  0.1400435E+00
  0.2140000E-01  0.1383157E+00
  0.2145000E-01  0.1374252E+00
  0.2150000E-01  0.1369286E+00
  0.2155000E-01  0.1367299E+00
  0.2160000E-01  0.1376587E+00
  0.2165000E-01  0.1388853E+00
  0.2170000E-01  0.1378852E+00
  0.2175000E-01  0.1354451E+00
  0.2180000E-01  0.1338351E+00
  0.2185000E-01  0.1326737E+00
  0.2190000E-01  0.1323785E+00
  0.2195000E-01  0.1322644E+00
  0.2200000E-01  0.1332133E+00
  0.2205000E-01  0.1345343E+00
  0.2210000E-01  0.1361320E+00
  0.2215000E-01  0.1383972E+00
  0.2220000E-01  0.1420159E+00
  0.2225000E-01  0.1423473E+00
  0.2230000E-01  0.1413778E+00
  0.2235000E-01  0.1404206E+00
  0.2240000E-01  0.1391848E+00
  0.2245000E-01  0.1401166E+00
  0.2250000E-01  0.1413124E+00
  0.2255000E-01  0.1404109E+00
  0.2260000E-01  0.1406634E+00
  0.2265000E-01  0.1412034E+00
  0.2270000E-01  0.1406483E+00
  0.2275000E-01  0.1400767E+00
  0.2280000E-01  0.1389825E+00
  0.2285000E-01  0.1369384E+00
  0.2290000E-01  0.1359103E+00
  0.2295000E-01  0.1388464E+00
  0.2300000E-01  0.1411184E+00
  0.2305000E-01  0.1411454E+00
  0.2310000E-01  0.1410610E+00
  0.2315000E-01  0.1394392E+00
  0.2320000E-01  0.1371338E+00
  0.2325000E-01  0.1385017E+00
  0.2330000E-01  0.1396670E+00
  0.2335000E-01  0.1405151E+00
  0.2340000E-01  0.1417137E+00
  0.2345000E-01  0.1421131E+00
  0.2350000E-01  0.1383695E+00
  0.2355000E-01  0.1364690E+00
  0.2360000E-01  0.1348191E+00
  0.2365000E-01  0.1322219E+00
  0.2370000E-01  0.1310398E+00
  0.2375000E-01  0.1321529E+00
  0.2380000E-01  0.1324047E+00
  0.2385000E-01  0.1327818E+00
  0.2390000E-01  0.1335115E+00
  0.2395000E-01  0.1331436E+00
  0.2400000E-01  0.1331798E+00
  0.2405000E-01  0.1323595E+00
  0.2410000E-01  0.1301588E+00
  0.2415000E-01  0.1284807E+00
  0.2420000E-01  0.1279727E+00
  0.2425000E-01  0.1264992E+00
  0.2430000E-01  0.1267293E+00
  0.2435000E-01  0.1288817E+00
  0.2440000E-01  0.1301821E+00
  0.2445000E-01  0.1311100E+00
  0.2450000E-01  0.1294349E+00
  0.2455000E-01  0.1270591E+00
  0.2460000E-01  0.1247669E+00
  0.2465000E-01  0.1239729E+00
  0.2470000E-01  0.1232815E+00
  0.2475000E-01  0.1218915E+00
  0.2480000E-01  0.1207936E+00
  0.2485000E-01  0.1204412E+00
  0.2490000E-01  0.1186169E+00
  0.2495000E-01  0.1168530E+00
  0.2500000E-01  0.1138566E+00
  0.2505000E-01  0.1125188E+00
  0.2510000E-01  0.1088131E+00
  0.2515000E-01  0.1083413E+00
  0.2520000E-01  0.1101449E+00
  0.2525000E-01  0.1104571E+00
  0.2530000E-01  0.1097210E+00
  0.2535000E-01  0.1107589E+00
  0.2540000E-01  0.1120575E+00
  0.2545000E-01  0.1136744E+00
  0.2550000E-01  0.1156383E+00
  0.2555000E-01  0.1149770E+00
  0.2560000E-01  0.1126926E+00
  0.2565000E-01  0.1095462E+00
  0.2570000E-01  0.1078924E+00
  0.2575000E-01  0.1059424E+00
  0.2580000E-01  0.1052589E+00
  0.2585000E-01  0.1057854E+00
  0.2590000E-01  0.1056392E+00
  0.2595000E-01  0.1055730E+00
  0.2600000E-01  0.1058453E+00
  0.2605000E-01  0.1054635E+00
  0.2610000E-01  0.1077264E+00
  0.2615000E-01  0.1095156E+00
  0.2620000E-01  0.1113797E+00
  0.2625000E-01  0.1126260E+00
  0.2630000E-01  0.1142533E+00
  0.2635000E-01  0.1148741E+00
  0.2640000E-01  0.1138822E+00
  0.2645000E-01  0.1116330E+00
  0.2650000E-01  0.1102606E+00
  0.2655000E-01  0.1100997E+00
  0.2660000E-01  0.1095170E+00
  0.2665000E-01  0.1069504E+00
  0.2670000E-01  0.1053351E+00
  0.2675000E-01  0.1052131E+00
  0.2680000E-01  0.1052750E+00
  0.2685000E-01  0.1055127E+00
  0.2690000E-01  0.1048522E+00
  0.2695000E-01  0.1037650E+00
  0.2700000E-01  0.1029566E+00
  0.2705000E-01  0.1018420E+00
  0.2710000E-01  0.1018074E+00
  0.2715000E-01  0.1009665E+00
  0.2720000E-01  0.1001945E+00
  0.2725000E-01  0.9787791E-01
  0.2730000E-01  0.9589514E-01
  0.2735000E-01  0.9626840E-01
  0.2740000E-01  0.9920403E-01
  0.2745000E-01  0.1017846E+00
  0.2750000E-01  0.1030816E+00
  0.2755000E-01  0.1023862E+00
  0.2760000E-01  0.1015439E+00
  0.2765000E-01  0.1027420E+00
  0.2770000E-01  0.1041937E+00
  0.2775000E-01  0.1053511E+00
  0.2780000E-01  0.1041071E+00
  0.2785000E-01  0.1035601E+00
  0.2790000E-01  0.1056212E+00
  0.2795000E-01  0.1070624E+00
  0.2800000E-01  0.1074745E+00
  0.2805000E-01  0.1075696E+00
  0.2810000E-01  0.1084318E+00
  0.2815000E-01  0.1105576E+00
  0.2820000E-01  0.1122195E+00
  0.2825000E-01  0.1116014E+00
  0.2830000E-01  0.1107285E+00
  0.2835000E-01  0.1089505E+00
  0.2840000E-01  0.1062269E+00
  0.2845000E-01  0.1042730E+00
  0.2850000E-01  0.1036365E+00
  0.2855000E-01  0.1021440E+00
  0.2860000E-01  0.1006663E+00
  0.2865000E-01  0.9998982E-01
  0.2870000E-01  0.9909957E-01
  0.2875000E-01  0.9812866E-01
  0.2880000E-01  0.9767151E-01
  0.2885000E-01  0.9842070E-01
  0.2890000E-01  0.9986454E-01
  0.2895000E-01  0.1023516E+00
  0.2900000E-01  0.1046483E+00
  0.2905000E-01  0.1067813E+00
  0.2910000E-01  0.1093675E+00
  0.2915000E-01  0.1114655E+00
  0.2920000E-01  0.1120840E+00
  0.2925000E-01  0.1105778E+00
  0.2930000E-01  0.1086174E+00
  0.2935000E-01  0.1081636E+00
  0.2940000E-01  0.1082770E+00
  0.2945000E-01  0.1068623E+00
  0.2950000E-01  0.1067407E+00
  0.2955000E-01  0.1069666E+00
  0.2960000E-01  0.1056927E+00
  0.2965000E-01  0.1037627E+00
  0.2970000E-01  0.1012035E+00
  0.2975000E-01  0.9937887E-01
  0.2980000E-01  0.9959445E-01
  0.2985000E-01  0.1028387E+00
  0.2990000E-01  0.1074530E+00
  0.2995000E-01  0.1105876E+00
  0.3000000E-01  0.1112155E+00
  0.3005000E-01  0.1120054E+00
  0.3010000E-01  0.1139774E+00
  0.3015000E-01  0.1165024E+00
  0.3020000E-01  0.1191040E+00
  0.3025000E-01  0.1206155E+00
  0.3030000E-01  0.1217531E+00
  0.3035000E-01  0.1221243E+00
  0.3040000E-01  0.1217039E+00
  0.3045000E-01  0.1214208E+00
  0.3050000E-01  0.1217846E+00
  0.3055000E-01  0.1222300E+00
  0.3060000E-01  0.1218418E+00
  0.3065000E-01  0.1204073E+00
  0.3070000E-01  0.1179993E+00
  0.3075000E-01  0.1150803E+00
  0.3080000E-01  0.1135183E+00
  0.3085000E-01  0.1134045E+00
  0.3090000E-01  0.1125440E+00
  0.3095000E-01  0.1111905E+00
  0.3100000E-01  0.1109460E+00
  0.3105000E-01  0.1118068E+00
  0.3110000E-01  0.1145047E+00
  0.3115000E-01  0.1185140E+00
  0.3120000E-01  0.1211987E+00
  0.3125000E-01  0.1214447E+00
  0.3130000E-01  0.1215841E+00
  0.3135000E-01  0.1212749E+00
  0.3140000E-01  0.1200503E+00
  0.3145000E-01  0.1187670E+00
  0.3150000E-01  0.1185799E+00
  0.3155000E-01  0.1158838E+00
  0.3160000E-01  0.1127128E+00
  0.3165000E-01  0.1111116E+00
  0.3170000E-01  0.1104529E+00
  0.3175000E-01  0.1092312E+00
  0.3180000E-01  0.1084824E+00
  0.3185000E-01  0.1086262E+00
  0.3190000E-01  0.1098091E+00
  0.3195000E-01  0.1113186E+00
  0.3200000E-01  0.1126366E+00
  0.3205000E-01  0.1142973E+00
  0.3210000E-01  0.1158020E+00
  0.3215000E-01  0.1169016E+00
  0.3220000E-01  0.1175705E+00
  0.3225000E-01  0.1168581E+00
  0.3230000E-01  0.1164467E+00
  0.3235000E-01  0.1158695E+00
  0.3240000E-01  0.1159604E+00
  0.3245000E-01  0.1160364E+00
  0.3250000E-01  0.1147843E+00
  0.3255000E-01  0.1132512E+00
  0.3260000E-01  0.1116633E+00
  0.3265000E-01  0.1113075E+00
  0.3270000E-01  0.1121261E+00
  0.3275000E-01  0.1126770E+00
  0.3280000E-01  0.1114334E+00
  0.3285000E-01  0.1096291E+00
  0.3290000E-01  0.1082481E+00
  0.3295000E-01  0.1067337E+00
  0.3300000E-01  0.1067329E+00
  0.3305000E-01  0.1075241E+00
  0.3310000E-01  0.1091038E+00
  0.3315000E-01  0.1098179E+00
  0.3320000E-01  0.1105483E+00
  0.3325000E-01  0.1120285E+00
  0.3330000E-01  0.1139332E+00
  0.3335000E-01  0.1156985E+00
  0.3340000E-01  0.1149652E+00
  0.3345000E-01  0.1149739E+00
  0.3350000E-01  0.1150062E+00
  0.3355000E-01  0.1151580E+00
  0.3360000E-01  0.1163540E+00
  0.3365000E-01  0.1183099E+00
  0.3370000E-01  0.1196888E+00
  0.3375000E-01  0.1196725E+00
  0.3380000E-01  0.1180839E+00
  0.3385000E-01  0.1164545E+00
  0.3390000E-01  0.1141409E+00
  0.3395000E-01  0.1093283E+00
  0.3400000E-01  0.1061749E+00
  0.3405000E-01  0.1041367E+00
  0.3410000E-01  0.1041361E+00
  0.3415000E-01  0.1049655E+00
  0.3420000E-01  0.1062747E+00
  0.3425000E-01  0.1085519E+00
  0.3430000E-01  0.1092808E+00
  0.3435000E-01  0.1085640E+00
  0.3440000E-01  0.1085062E+00
  0.3445000E-01  0.1074544E+00
  0.3450000E-01  0.1063549E+00
  0.3455000E-01  0.1063500E+00
  0.3460000E-01  0.1074305E+00
  0.3465000E-01  0.1088429E+00
  0.3470000E-01  0.1099901E+00
  0.3475000E-01  0.1103859E+00
  0.3480000E-01  0.1087172E+00
  0.3485000E-01  0.1065224E+00
  0.3490000E-01  0.1058221E+00
  0.3495000E-01  0.1073111E+00
  0.3500000E-01  0.1084020E+00
  0.3505000E-01  0.1085925E+00
  0.3510000E-01  0.1076146E+00
  0.3515000E-01  0.1063042E+00
  0.3520000E-01  0.1040815E+00
  0.3525000E-01  0.1027903E+00
  0.3530000E-01  0.1035559E+00
  0.3535000E-01  0.1044296E+00
  0.3540000E-01  0.1054810E+00
  0.3545000E-01  0.1058569E+00
  0.3550000E-01  0.1040813E+00
  0.3555000E-01  0.1025078E+00
  0.3560000E-01  0.1020045E+00
  0.3565000E-01  0.1031656E+00
  0.3570000E-01  0.1051535E+00
  0.3575000E-01  0.1055739E+00
  0.3580000E-01  0.1061104E+00
  0.3585000E-01  0.1077106E+00
  0.3590000E-01  0.1094975E+00
  0.3595000E-01  0.1121453E+00
  0.3600000E-01  0.1133565E+00
  0.3605000E-01  0.1140706E+00
  0.3610000E-01  0.1151082E+00
  0.3615000E-01  0.1146507E+00
  0.3620000E-01  0.1133774E+00
  0.3625000E-01  0.1133031E+00
  0.3630000E-01  0.1140829E+00
  0.3635000E-01  0.1118285E+00
  0.3640000E-01  0.1095888E+00
  0.3645000E-01  0.1081609E+00
  0.3650000E-01  0.1069985E+00
  0.3655000E-01  0.1064955E+00
  0.3660000E-01  0.1054042E+00
  0.3665000E-01  0.1052771E+00
  0.3670000E-01  0.1052714E+00
  0.3675000E-01  0.1040129E+00
  0.3680000E-01  0.1018048E+00
  0.3685000E-01  0.1007156E+00
  0.3690000E-01  0.1008650E+00
  0.3695000E-01  0.1020128E+00
  0.3700000E-01  0.1034437E+00
  0.3705000E-01  0.1050204E+00
  0.3710000E-01  0.1070942E+00
  0.3715000E-01  0.1094020E+00
  0.3720000E-01  0.1112676E+00
  0.3725000E-01  0.1122621E+00
  0.3730000E-01  0.1132828E+00
  0.3735000E-01  0.1132226E+00
  0.3740000E-01  0.1125495E+00
  0.3745000E-01  0.1119887E+00
  0.3750000E-01  0.1118150E+00
  0.3755000E-01  0.1113275E+00
  0.3760000E-01  0.1097665E+00
  0.3765000E-01  0.1083507E+00
  0.3770000E-01  0.1078715E+00
  0.3775000E-01  0.1076774E+00
  0.3780000E-01  0.1075771E+00
  0.3785000E-01  0.1071739E+00
  0.3790000E-01  0.1058291E+00
  0.3795000E-01  0.1043816E+00
  0.3800000E-01  0.1031960E+00
  0.3805000E-01  0.1022621E+00
  0.3810000E-01  0.1021585E+00
  0.3815000E-01  0.1022599E+00
  0.3820000E-01  0.1034888E+00
  0.3825000E-01  0.1048074E+00
  0.3830000E-01  0.1056474E+00
  0.3835000E-01  0.1056081E+00
  0.3840000E-01  0.1058042E+00
  0.3845000E-01  0.1059786E+00
  0.3850000E-01  0.1060652E+00
  0.3855000E-01  0.1062511E+00
  0.3860000E-01  0.1069701E+00
  0.3865000E-01  0.1075390E+00
  0.3870000E-01  0.1073309E+00
  0.3875000E-01  0.1064548E+00
  0.3880000E-01  0.1052911E+00
  0.3885000E-01  0.1044880E+00
  0.3890000E-01  0.1044558E+00
  0.3895000E-01  0.1040664E+00
  0.3900000E-01  0.1031008E+00
  0.3905000E-01  0.1024116E+00
  0.3910000E-01  0.1021338E+00
  0.3915000E-01  0.1015836E+00
  0.3920000E-01  0.1010705E+00
  0.3925000E-01  0.1014185E+00
  0.3930000E-01  0.1023810E+00
  0.3935000E-01  0.1033829E+00
  0.3940000E-01  0.1037396E+00
  0.3945000E-01  0.1032104E+00
  0.3950000E-01  0.1028706E+00
  0.3955000E-01  0.1035865E+00
  0.3960000E-01  0.1040324E+00
  0.3965000E-01  0.1048698E+00
  0.3970000E-01  0.1065677E+00
  0.3975000E-01  0.1076878E+00
  0.3980000E-01  0.1088695E+00
  0.3985000E-01  0.1106470E+00
  0.3990000E-01  0.1120014E+00
  0.3995000E-01  0.1130954E+00
  0.4000000E-01  0.1144774E+00
  0.4005000E-01  0.1144958E+00
  0.4010000E-01  0.1139967E+00
  0.4015000E-01  0.1149550E+00
  0.4020000E-01  0.1168655E+00
  0.4025000E-01  0.1165600E+00
  0.4030000E-01  0.1138929E+00
  0.4035000E-01  0.1125249E+00
  0.4040000E-01  0.1135927E+00
  0.4045000E-01  0.1149345E+00
  0.4050000E-01  0.1146656E+00
  0.4055000E-01  0.1139457E+00
  0.4060000E-01  0.1136942E+00
  0.4065000E-01  0.1147544E+00
  0.4070000E-01  0.1156417E+00
  0.4075000E-01  0.1178237E+00
  0.4080000E-01  0.1195372E+00
  0.4085000E-01  0.1197925E+00
  0.4090000E-01  0.1196366E+00
  0.4095000E-01  0.1198636E+00
  0.4100000E-01  0.1189509E+00
  0.4105000E-01  0.1178268E+00
  0.4110000E-01  0.1176734E+00
  0.4115000E-01  0.1177195E+00
  0.4120000E-01  0.1182399E+00
  0.4125000E-01  0.1194696E+00
  0.4130000E-01  0.1196896E+00
  0.4135000E-01  0.1185639E+00
  0.4140000E-01  0.1171477E+00
  0.4145000E-01  0.1158674E+00
  0.4150000E-01  0.1157677E+00
  0.4155000E-01  0.1163699E+00
  0.4160000E-01  0.1164718E+00
  0.4165000E-01  0.1155864E+00
  0.4170000E-01  0.1142302E+00
  0.4175000E-01  0.1132335E+00
  0.4180000E-01  0.1135553E+00
  0.4185000E-01  0.1145042E+00
  0.4190000E-01  0.1164754E+00
  0.4195000E-01  0.1182249E+00
  0.4200000E-01  0.1195260E+00
  0.4205000E-01  0.1202131E+00
  0.4210000E-01  0.1199354E+00
  0.4215000E-01  0.1193883E+00
  0.4220000E-01  0.1185339E+00
  0.4225000E-01  0.1173504E+00
  0.4230000E-01  0.1167930E+00
  0.4235000E-01  0.1164856E+00
  0.4240000E-01  0.1165858E+00
  0.4245000E-01  0.1162539E+00
  0.4250000E-01  0.1158158E+00
  0.4255000E-01  0.1150685E+00
  0.4260000E-01  0.1145826E+00
  0.4265000E-01  0.1146473E+00
  0.4270000E-01  0.1142605E+00
  0.4275000E-01  0.1137891E+00
  0.4280000E-01  0.1142855E+00
  0.4285000E-01  0.1146505E+00
  0.4290000E-01  0.1146316E+00
  0.4295000E-01  0.1144864E+00
  0.4300000E-01  0.1155368E+00
  0.4305000E-01  0.1159397E+00
  0.4310000E-01  0.1156432E+00
  0.4315000E-01  0.1164386E+00
  0.4320000E-01  0.1180578E+00
  0.4325000E-01  0.1196804E+00
  0.4330000E-01  0.1208307E+00
  0.4335000E-01  0.1211087E+00
  0.4340000E-01  0.1214202E+00
  0.4345000E-01  0.1229238E+00
  0.4350000E-01  0.1256182E+00
  0.4355000E-01  0.1274464E+00
  0.4360000E-01  0.1276776E+00
  0.4365000E-01  0.1281780E+00
  0.4370000E-01  0.1290729E+00
  0.4375000E-01  0.1285446E+00
  0.4380000E-01  0.1263778E+00
  0.4385000E-01  0.1243278E+00
  0.4390000E-01  0.1231255E+00
  0.4395000E-01  0.1222246E+00
  0.4400000E-01  0.1210952E+00
  0.4405000E-01  0.1204759E+00
  0.4410000E-01  0.1201101E+00
  0.4415000E-01  0.1196824E+00
  0.4420000E-01  0.1192812E+00
  0.4425000E-01  0.1198444E+00
  0.4430000E-01  0.1213442E+00
  0.4435000E-01  0.1227622E+00
  0.4440000E-01  0.1234006E+00
  0.4445000E-01  0.1232432E+00
  0.4450000E-01  0.1235143E+00
  0.4455000E-01  0.1230596E+00
  0.4460000E-01  0.1227863E+00
  0.4465000E-01  0.1227446E+00
  0.4470000E-01  0.1216509E+00
  0.4475000E-01  0.1204053E+00
  0.4480000E-01  0.1192580E+00
  0.4485000E-01  0.1183651E+00
  0.4490000E-01  0.1182142E+00
  0.4495000E-01  0.1187997E+00
  0.4500000E-01  0.1198439E+00
  0.4505000E-01  0.1207100E+00
  0.4510000E-01  0.1221734E+00
  0.4515000E-01  0.1244715E+00
  0.4520000E-01  0.1261442E+00
  0.4525000E-01  0.1264640E+00
  0.4530000E-01  0.1259462E+00
  0.4535000E-01  0.1246035E+00
  0.4540000E-01  0.1239940E+00
  0.4545000E-01  0.1230998E+00
  0.4550000E-01  0.1211810E+00
  0.4555000E-01  0.1191659E+00
  0.4560000E-01  0.1174831E+00
  0.4565000E-01  0.1166247E+00
  0.4570000E-01  0.1158059E+00
  0.4575000E-01  0.1157334E+00
  0.4580000E-01  0.1162796E+00
  0.4585000E-01  0.1167342E+00
  0.4590000E-01  0.1170360E+00
  0.4595000E-01  0.1177492E+00
  0.4600000E-01  0.1182474E+00
  0.4605000E-01  0.1184686E+00
  0.4610000E-01  0.1182957E+00
  0.4615000E-01  0.1190355E+00
  0.4620000E-01  0.1194274E+00
  0.4625000E-01  0.1198948E+00
  0.4630000E-01  0.1213940E+00
  0.4635000E-01  0.1226822E+00
  0.4640000E-01  0.1234789E+00
  0.4645000E-01  0.1222596E+00
  0.4650000E-01  0.1205135E+00
  0.4655000E-01  0.1194290E+00
  0.4660000E-01  0.1186028E+00
  0.4665000E-01  0.1186455E+00
  0.4670000E-01  0.1192189E+00
  0.4675000E-01  0.1200742E+00
  0.4680000E-01  0.1204992E+00
  0.4685000E-01  0.1207503E+00
  0.4690000E-01  0.1210599E+00
  0.4695000E-01  0.1204017E+00
  0.4700000E-01  0.1190729E+00
  0.4705000E-01  0.1185340E+00
  0.4710000E-01  0.1189331E+00
  0.4715000E-01  0.1186617E+00
  0.4720000E-01  0.1188809E+00
  0.4725000E-01  0.1191176E+00
  0.4730000E-01  0.1187977E+00
  0.4735000E-01  0.1182608E+00
  0.4740000E-01  0.1184749E+00
  0.4745000E-01  0.1190733E+00
  0.4750000E-01  0.1203019E+00
  0.4755000E-01  0.1215937E+00
  0.4760000E-01  0.1225353E+00
  0.4765000E-01  0.1228523E+00
  0.4770000E-01  0.1234726E+00
  0.4775000E-01  0.1243458E+00
  0.4780000E-01  0.1248684E+00
  0.4785000E-01  0.1250233E+00
  0.4790000E-01  0.1243593E+00
  0.4795000E-01  0.1235697E+00
  0.4800000E-01  0.1222771E+00
  0.4805000E-01  0.1206427E+00
  0.4810000E-01  0.1190377E+00
  0.4815000E-01  0.1179518E+00
  0.4820000E-01  0.1176799E+00
  0.4825000E-01  0.1182899E+00
  0.4830000E-01  0.1186430E+00
  0.4835000E-01  0.1200193E+00
  0.4840000E-01  0.1221340E+00
  0.4845000E-01  0.1247434E+00
  0.4850000E-01  0.1268722E+00
  0.4855000E-01  0.1269765E+00
  0.4860000E-01  0.1257144E+00
  0.4865000E-01  0.1256729E+00
  0.4870000E-01  0.1256508E+00
  0.4875000E-01  0.1256310E+00
  0.4880000E-01  0.1254622E+00
  0.4885000E-01  0.1252994E+00
  0.4890000E-01  0.1260034E+00
  0.4895000E-01  0.1257913E+00
  0.4900000E-01  0.1251645E+00
  0.4905000E-01  0.1231283E+00
  0.4910000E-01  0.1209045E+00
  0.4915000E-01  0.1195689E+00
  0.4920000E-01  0.1195317E+00
  0.4925000E-01  0.1200234E+00
  0.4930000E-01  0.1199822E+00
  0.4935000E-01  0.1196543E+00
  0.4940000E-01  0.1192382E+00
  0.4945000E-01  0.1187257E+00
  0.4950000E-01  0.1183448E+00
  0.4955000E-01  0.1180752E+00
  0.4960000E-01  0.1185578E+00
  0.4965000E-01  0.1195812E+00
  0.4970000E-01  0.1209858E+00
  0.4975000E-01  0.1220774E+00
  0.4980000E-01  0.1222029E+00
  0.4985000E-01  0.1218959E+00
  0.4990000E-01  0.1220483E+00
  0.4995000E-01  0.1227258E+00
  0.5000000E-01  0.1235018E+00
  0.5005000E-01  0.1245683E+00
  0.5010000E-01  0.1258133E+00
  0.5015000E-01  0.1265315E+00
  0.5020000E-01  0.1264614E+00
  0.5025000E-01  0.1257591E+00
  0.5030000E-01  0.1245135E+00
  0.5035000E-01  0.1232958E+00
  0.5040000E-01  0.1223278E+00
  0.5045000E-01  0.1219206E+00
  0.5050000E-01  0.1224157E+00
  0.5055000E-01  0.1227417E+00
  0.5060000E-01  0.1218931E+00
  0.5065000E-01  0.1213836E+00
  0.5070000E-01  0.1216046E+00
  0.5075000E-01  0.1221647E+00
  0.5080000E-01  0.1223163E+00
  0.5085000E-01  0.1220911E+00
  0.5090000E-01  0.1222546E+00
  0.5095000E-01  0.1219530E+00
  0.5100000E-01  0.1211895E+00
  0.5105000E-01  0.1200922E+00
  0.5110000E-01  0.1191639E+00
  0.5115000E-01  0.1186365E+00
  0.5120000E-01  0.1185694E+00
  0.5125000E-01  0.1190605E+00
  0.5130000E-01  0.1203363E+00
  0.5135000E-01  0.1219796E+00
  0.5140000E-01  0.1232350E+00
  0.5145000E-01  0.1240410E+00
  0.5150000E-01  0.1245054E+00
  0.5155000E-01  0.1240365E+00
  0.5160000E-01  0.1231617E+00
  0.5165000E-01  0.1214620E+00
  0.5170000E-01  0.1198101E+00
  0.5175000E-01  0.1187040E+00
  0.5180000E-01  0.1183743E+00
  0.5185000E-01  0.1188880E+00
  0.5190000E-01  0.1194692E+00
  0.5195000E-01  0.1188131E+00
  0.5200000E-01  0.1173489E+00
  0.5205000E-01  0.1161478E+00
  0.5210000E-01  0.1155906E+00
  0.5215000E-01  0.1154572E+00
  0.5220000E-01  0.1151914E+00
  0.5225000E-01  0.1145212E+00
  0.5230000E-01  0.1141688E+00
  0.5235000E-01  0.1145130E+00
  0.5240000E-01  0.1153241E+00
  0.5245000E-01  0.1153194E+00
  0.5250000E-01  0.1144990E+00
  0.5255000E-01  0.1131051E+00
  0.5260000E-01  0.1122673E+00
  0.5265000E-01  0.1120202E+00
  0.5270000E-01  0.1111051E+00
  0.5275000E-01  0.1102852E+00
  0.5280000E-01  0.1105157E+00
  0.5285000E-01  0.1115981E+00
  0.5290000E-01  0.1132338E+00
  0.5295000E-01  0.1150698E+00
  0.5300000E-01  0.1162343E+00
  0.5305000E-01  0.1169523E+00
  0.5310000E-01  0.1171230E+00
  0.5315000E-01  0.1174198E+00
  0.5320000E-01  0.1181262E+00
  0.5325000E-01  0.1192884E+00
  0.5330000E-01  0.1200108E+00
  0.5335000E-01  0.1201181E+00
  0.5340000E-01  0.1204802E+00
  0.5345000E-01  0.1210760E+00
  0.5350000E-01  0.1208632E+00
  0.5355000E-01  0.1197291E+00
  0.5360000E-01  0.1193003E+00
  0.5365000E-01  0.1197013E+00
  0.5370000E-01  0.1193418E+00
  0.5375000E-01  0.1184469E+00
  0.5380000E-01  0.1178681E+00
  0.5385000E-01  0.1177592E+00
  0.5390000E-01  0.1186270E+00
  0.5395000E-01  0.1198671E+00
  0.5400000E-01  0.1205589E+00
  0.5405000E-01  0.1205696E+00
  0.5410000E-01  0.1201237E+00
  0.5415000E-01  0.1193382E+00
  0.5420000E-01  0.1189665E+00
  0.5425000E-01  0.1186660E+00
  0.5430000E-01  0.1175102E+00
  0.5435000E-01  0.1161966E+00
  0.5440000E-01  0.1155504E+00
  0.5445000E-01  0.1161768E+00
  0.5450000E-01  0.1167838E+00
  0.5455000E-01  0.1164979E+00
  0.5460000E-01  0.1166722E+00
  0.5465000E-01  0.1171874E+00
  0.5470000E-01  0.1168724E+00
  0.5475000E-01  0.1166280E+00
  0.5480000E-01  0.1164667E+00
  0.5485000E-01  0.1162367E+00
  0.5490000E-01  0.1162196E+00
  0.5495000E-01  0.1153624E+00
  0.5500000E-01  0.1142495E+00
  0.5505000E-01  0.1136060E+00
  0.5510000E-01  0.1139215E+00
  0.5515000E-01  0.1144888E+00
  0.5520000E-01  0.1151819E+00
  0.5525000E-01  0.1156752E+00
  0.5530000E-01  0.1154179E+00
  0.5535000E-01  0.1149107E+00
  0.5540000E-01  0.1146133E+00
  0.5545000E-01  0.1143670E+00
  0.5550000E-01  0.1142371E+00
  0.5555000E-01  0.1141673E+00
  0.5560000E-01  0.1145385E+00
  0.5565000E-01  0.1155217E+00
  0.5570000E-01  0.1159696E+00
  0.5575000E-01  0.1158071E+00
  0.5580000E-01  0.1151130E+00
  0.5585000E-01  0.1149213E+00
  0.5590000E-01  0.1151985E+00
  0.5595000E-01  0.1158985E+00
  0.5600000E-01  0.1168254E+00
  0.5605000E-01  0.1171364E+00
  0.5610000E-01  0.1176253E+00
  0.5615000E-01  0.1178013E+00
  0.5620000E-01  0.1183192E+00
  0.5625000E-01  0.1181452E+00
  0.5630000E-01  0.1178438E+00
  0.5635000E-01  0.1185316E+00
  0.5640000E-01  0.1201600E+00
  0.5645000E-01  0.1210481E+00
  0.5650000E-01  0.1209492E+00
  0.5655000E-01  0.1213999E+00
  0.5660000E-01  0.1221113E+00
  0.5665000E-01  0.1216877E+00
  0.5670000E-01  0.1204945E+00
  0.5675000E-01  0.1198545E+00
  0.5680000E-01  0.1201691E+00
  0.5685000E-01  0.1201698E+00
  0.5690000E-01  0.1194144E+00
  0.5695000E-01  0.1193131E+00
  0.5700000E-01  0.1195327E+00
  0.5705000E-01  0.1187361E+00
  0.5710000E-01  0.1185254E+00
  0.5715000E-01  0.1182971E+00
  0.5720000E-01  0.1175334E+00
  0.5725000E-01  0.1157488E+00
  0.5730000E-01  0.1143885E+00
  0.5735000E-01  0.1137161E+00
  0.5740000E-01  0.1130332E+00
  0.5745000E-01  0.1127872E+00
  0.5750000E-01  0.1125562E+00
  0.5755000E-01  0.1123341E+00
  0.5760000E-01  0.1118771E+00
  0.5765000E-01  0.1118600E+00
  0.5770000E-01  0.1122602E+00
  0.5775000E-01  0.1122066E+00
  0.5780000E-01  0.1123362E+00
  0.5785000E-01  0.1128747E+00
  0.5790000E-01  0.1134445E+00
  0.5795000E-01  0.1138545E+00
  0.5800000E-01  0.1145647E+00
  0.5805000E-01  0.1148855E+00
  0.5810000E-01  0.1158656E+00
  0.5815000E-01  0.1177033E+00
  0.5820000E-01  0.1188332E+00
  0.5825000E-01  0.1187936E+00
  0.5830000E-01  0.1182246E+00
  0.5835000E-01  0.1164072E+00
  0.5840000E-01  0.1130201E+00
  0.5845000E-01  0.1108746E+00
  0.5850000E-01  0.1098067E+00
  0.5855000E-01  0.1094023E+00
  0.5860000E-01  0.1094587E+00
  0.5865000E-01  0.1101142E+00
  0.5870000E-01  0.1104041E+00
  0.5875000E-01  0.1095932E+00
  0.5880000E-01  0.1086554E+00
  0.5885000E-01  0.1088144E+00
  0.5890000E-01  0.1096113E+00
  0.5895000E-01  0.1107767E+00
  0.5900000E-01  0.1114527E+00
  0.5905000E-01  0.1112546E+00
  0.5910000E-01  0.1100516E+00
  0.5915000E-01  0.1082956E+00
  0.5920000E-01  0.1060413E+00
  0.5925000E-01  0.1043542E+00
  0.5930000E-01  0.1042165E+00
  0.5935000E-01  0.1041372E+00
  0.5940000E-01  0.1044264E+00
  0.5945000E-01  0.1057897E+00
  0.5950000E-01  0.1076720E+00
  0.5955000E-01  0.1092919E+00
  0.5960000E-01  0.1096160E+00
  0.5965000E-01  0.1101837E+00
  0.5970000E-01  0.1112019E+00
  0.5975000E-01  0.1117232E+00
  0.5980000E-01  0.1108001E+00
  0.5985000E-01  0.1092757E+00
  0.5990000E-01  0.1086865E+00
  0.5995000E-01  0.1087254E+00
  0.6000000E-01  0.1089810E+00
  0.6005000E-01  0.1089391E+00
  0.6010000E-01  0.1088833E+00
  0.6015000E-01  0.1090124E+00
  0.6020000E-01  0.1082932E+00
  0.6025000E-01  0.1083804E+00
  0.6030000E-01  0.1088073E+00
  0.6035000E-01  0.1096374E+00
  0.6040000E-01  0.1106895E+00
  0.6045000E-01  0.1104979E+00
  0.6050000E-01  0.1098776E+00
  0.6055000E-01  0.1089152E+00
  0.6060000E-01  0.1080387E+00
  0.6065000E-01  0.1075320E+00
  0.6070000E-01  0.1080272E+00
  0.6075000E-01  0.1087643E+00
  0.6080000E-01  0.1078021E+00
  0.6085000E-01  0.1067719E+00
  0.6090000E-01  0.1072023E+00
  0.6095000E-01  0.1082337E+00
  0.6100000E-01  0.1083779E+00
  0.6105000E-01  0.1082298E+00
  0.6110000E-01  0.1085009E+00
  0.6115000E-01  0.1097288E+00
  0.6120000E-01  0.1109396E+00
  0.6125000E-01  0.1115134E+00
  0.6130000E-01  0.1115714E+00
  0.6135000E-01  0.1115498E+00
  0.6140000E-01  0.1114773E+00
  0.6145000E-01  0.1125044E+00
  0.6150000E-01  0.1136646E+00
  0.6155000E-01  0.1142463E+00
  0.6160000E-01  0.1139709E+00
  0.6165000E-01  0.1129982E+00
  0.6170000E-01  0.1113812E+00
  0.6175000E-01  0.1101203E+00
  0.6180000E-01  0.1093896E+00
  0.6185000E-01  0.1092069E+00
  0.6190000E-01  0.1085091E+00
  0.6195000E-01  0.1070233E+00
  0.6200000E-01  0.1058633E+00
  0.6205000E-01  0.1057871E+00
  0.6210000E-01  0.1067730E+00
  0.6215000E-01  0.1076953E+00
  0.6220000E-01  0.1083736E+00
  0.6225000E-01  0.1083996E+00
  0.6230000E-01  0.1079782E+00
  0.6235000E-01  0.1080322E+00
  0.6240000E-01  0.1077472E+00
  0.6245000E-01  0.1071685E+00
  0.6250000E-01  0.1066588E+00
  0.6255000E-01  0.1060073E+00
  0.6260000E-01  0.1050324E+00
  0.6265000E-01  0.1040648E+00
  0.6270000E-01  0.1037600E+00
  0.6275000E-01  0.1032149E+00
  0.6280000E-01  0.1032555E+00
  0.6285000E-01  0.1047912E+00
  0.6290000E-01  0.1069837E+00
  0.6295000E-01  0.1083969E+00
  0.6300000E-01  0.1099440E+00
  0.6305000E-01  0.1118349E+00
  0.6310000E-01  0.1136067E+00
  0.6315000E-01  0.1135579E+00
  0.6320000E-01  0.1122088E+00
  0.6325000E-01  0.1113179E+00
  0.6330000E-01  0.1105907E+00
  0.6335000E-01  0.1098496E+00
  0.6340000E-01  0.1090168E+00
  0.6345000E-01  0.1074013E+00
  0.6350000E-01  0.1062909E+00
  0.6355000E-01  0.1057399E+00
  0.6360000E-01  0.1055763E+00
  0.6365000E-01  0.1055835E+00
  0.6370000E-01  0.1062252E+00
  0.6375000E-01  0.1076749E+00
  0.6380000E-01  0.1087087E+00
  0.6385000E-01  0.1087621E+00
  0.6390000E-01  0.1075152E+00
  0.6395000E-01  0.1071261E+00
  0.6400000E-01  0.1074919E+00
  0.6405000E-01  0.1071924E+00
  0.6410000E-01  0.1079563E+00
  0.6415000E-01  0.1106514E+00
  0.6420000E-01  0.1125253E+00
  0.6425000E-01  0.1127491E+00
  0.6430000E-01  0.1130394E+00
  0.6435000E-01  0.1133882E+00
  0.6440000E-01  0.1130773E+00
  0.6445000E-01  0.1112544E+00
  0.6450000E-01  0.1094479E+00
  0.6455000E-01  0.1075005E+00
  0.6460000E-01  0.1065448E+00
  0.6465000E-01  0.1065955E+00
  0.6470000E-01  0.1058545E+00
  0.6475000E-01  0.1041182E+00
  0.6480000E-01  0.1041894E+00
  0.6485000E-01  0.1058892E+00
  0.6490000E-01  0.1076088E+00
  0.6495000E-01  0.1081868E+00
  0.6500000E-01  0.1082430E+00
  0.6505000E-01  0.1071333E+00
  0.6510000E-01  0.1061576E+00
  0.6515000E-01  0.1064254E+00
  0.6520000E-01  0.1074335E+00
  0.6525000E-01  0.1075996E+00
  0.6530000E-01  0.1076913E+00
  0.6535000E-01  0.1085959E+00
  0.6540000E-01  0.1099461E+00
  0.6545000E-01  0.1105415E+00
  0.6550000E-01  0.1106494E+00
  0.6555000E-01  0.1112963E+00
  0.6560000E-01  0.1118185E+00
  0.6565000E-01  0.1122700E+00
  0.6570000E-01  0.1119316E+00
  0.6575000E-01  0.1107619E+00
  0.6580000E-01  0.1103482E+00
  0.6585000E-01  0.1098721E+00
  0.6590000E-01  0.1091037E+00
  0.6595000E-01  0.1094456E+00
  0.6600000E-01  0.1099153E+00
  0.6605000E-01  0.1099625E+00
  0.6610000E-01  0.1102466E+00
  0.6615000E-01  0.1097473E+00
  0.6620000E-01  0.1085264E+00
  0.6625000E-01  0.1079858E+00
  0.6630000E-01  0.1073990E+00
  0.6635000E-01  0.1063874E+00
  0.6640000E-01  0.1057168E+00
  0.6645000E-01  0.1037847E+00
  0.6650000E-01  0.1017182E+00
  0.6655000E-01  0.1007819E+00
  0.6660000E-01  0.1015965E+00
  0.6665000E-01  0.1047488E+00
  0.6670000E-01  0.1092367E+00
  0.6675000E-01  0.1111371E+00
  0.6680000E-01  0.1106322E+00
  0.6685000E-01  0.1104681E+00
  0.6690000E-01  0.1090327E+00
  0.6695000E-01  0.1072088E+00
  0.6700000E-01  0.1059324E+00
  0.6705000E-01  0.1055833E+00
  0.6710000E-01  0.1055088E+00
  0.6715000E-01  0.1048783E+00
  0.6720000E-01  0.1040202E+00
  0.6725000E-01  0.1035783E+00
  0.6730000E-01  0.1037773E+00
  0.6735000E-01  0.1037002E+00
  0.6740000E-01  0.1031141E+00
  0.6745000E-01  0.1019868E+00
  0.6750000E-01  0.1003929E+00
  0.6755000E-01  0.1001356E+00
  0.6760000E-01  0.1009926E+00
  0.6765000E-01  0.1023665E+00
  0.6770000E-01  0.1040988E+00
  0.6775000E-01  0.1047381E+00
  0.6780000E-01  0.1042250E+00
  0.6785000E-01  0.1024817E+00
  0.6790000E-01  0.1010469E+00
  0.6795000E-01  0.1003418E+00
  0.6800000E-01  0.1012073E+00
  0.6805000E-01  0.1038661E+00
  0.6810000E-01  0.1065225E+00
  0.6815000E-01  0.1085148E+00
  0.6820000E-01  0.1095804E+00
  0.6825000E-01  0.1090712E+00
  0.6830000E-01  0.1074931E+00
  0.6835000E-01  0.1050277E+00
  0.6840000E-01  0.1030860E+00
  0.6845000E-01  0.1034318E+00
  0.6850000E-01  0.1028894E+00
  0.6855000E-01  0.1020809E+00
  0.6860000E-01  0.1027811E+00
  0.6865000E-01  0.1034477E+00
  0.6870000E-01  0.1035788E+00
  0.6875000E-01  0.1024708E+00
  0.6880000E-01  0.1028737E+00
  0.6885000E-01  0.1045557E+00
  0.6890000E-01  0.1060370E+00
  0.6895000E-01  0.1069763E+00
  0.6900000E-01  0.1060793E+00
  0.6905000E-01  0.1044653E+00
  0.6910000E-01  0.1039397E+00
  0.6915000E-01  0.1032345E+00
  0.6920000E-01  0.1033216E+00
  0.6925000E-01  0.1039319E+00
  0.6930000E-01  0.1054186E+00
  0.6935000E-01  0.1067342E+00
  0.6940000E-01  0.1081363E+00
  0.6945000E-01  0.1103343E+00
  0.6950000E-01  0.1122795E+00
  0.6955000E-01  0.1121302E+00
  0.6960000E-01  0.1114383E+00
  0.6965000E-01  0.1110829E+00
  0.6970000E-01  0.1110575E+00
  0.6975000E-01  0.1102525E+00
  0.6980000E-01  0.1110618E+00
  0.6985000E-01  0.1133823E+00
  0.6990000E-01  0.1147554E+00
  0.6995000E-01  0.1147680E+00
  0.7000000E-01  0.1149709E+00
  0.7005000E-01  0.1155378E+00
  0.7010000E-01  0.1154146E+00
  0.7015000E-01  0.1159910E+00
  0.7020000E-01  0.1179607E+00
  0.7025000E-01  0.1202181E+00
  0.7030000E-01  0.1226579E+00
  0.7035000E-01  0.1257876E+00
  0.7040000E-01  0.1286338E+00
  0.7045000E-01  0.1302117E+00
  0.7050000E-01  0.1302070E+00
  0.7055000E-01  0.1288762E+00
  0.7060000E-01  0.1271515E+00
  0.7065000E-01  0.1261867E+00
  0.7070000E-01  0.1262641E+00
  0.7075000E-01  0.1272609E+00
  0.7080000E-01  0.1275655E+00
  0.7085000E-01  0.1265214E+00
  0.7090000E-01  0.1250544E+00
  0.7095000E-01  0.1247836E+00
  0.7100000E-01  0.1249425E+00
  0.7105000E-01  0.1242966E+00
  0.7110000E-01  0.1234709E+00
  0.7115000E-01  0.1242633E+00
  0.7120000E-01  0.1252284E+00
  0.7125000E-01  0.1263709E+00
  0.7130000E-01  0.1271466E+00
  0.7135000E-01  0.1270658E+00
  0.7140000E-01  0.1257626E+00
  0.7145000E-01  0.1240198E+00
  0.7150000E-01  0.1226321E+00
  0.7155000E-01  0.1223621E+00
  0.7160000E-01  0.1221536E+00
  0.7165000E-01  0.1236305E+00
  0.7170000E-01  0.1254004E+00
  0.7175000E-01  0.1277388E+00
  0.7180000E-01  0.1300507E+00
  0.7185000E-01  0.1308017E+00
  0.7190000E-01  0.1302488E+00
  0.7195000E-01  0.1286102E+00
  0.7200000E-01  0.1277558E+00
  0.7205000E-01  0.1261964E+00
  0.7210000E-01  0.1242512E+00
  0.7215000E-01  0.1229633E+00
  0.7220000E-01  0.1206220E+00
  0.7225000E-01  0.1191430E+00
  0.7230000E-01  0.1176965E+00
  0.7235000E-01  0.1166065E+00
  0.7240000E-01  0.1160599E+00
  0.7245000E-01  0.1153275E+00
  0.7250000E-01  0.1150642E+00
  0.7255000E-01  0.1159740E+00
  0.7260000E-01  0.1173117E+00
  0.7265000E-01  0.1180640E+00
  0.7270000E-01  0.1183623E+00
  0.7275000E-01  0.1180374E+00
  0.7280000E-01  0.1161172E+00
  0.7285000E-01  0.1136413E+00
  0.7290000E-01  0.1136508E+00
  0.7295000E-01  0.1136299E+00
  0.7300000E-01  0.1124157E+00
  0.7305000E-01  0.1119486E+00
  0.7310000E-01  0.1126807E+00
  0.7315000E-01  0.1136887E+00
  0.7320000E-01  0.1139727E+00
  0.7325000E-01  0.1139768E+00
  0.7330000E-01  0.1140143E+00
  0.7335000E-01  0.1144325E+00
  0.7340000E-01  0.1147006E+00
  0.7345000E-01  0.1154520E+00
  0.7350000E-01  0.1171478E+00
  0.7355000E-01  0.1199290E+00
  0.7360000E-01  0.1229419E+00
  0.7365000E-01  0.1244760E+00
  0.7370000E-01  0.1246763E+00
  0.7375000E-01  0.1243932E+00
  0.7380000E-01  0.1225211E+00
  0.7385000E-01  0.1197108E+00
  0.7390000E-01  0.1176071E+00
  0.7395000E-01  0.1169315E+00
  0.7400000E-01  0.1156485E+00
  0.7405000E-01  0.1130001E+00
  0.7410000E-01  0.1107745E+00
  0.7415000E-01  0.1114751E+00
  0.7420000E-01  0.1147359E+00
  0.7425000E-01  0.1162282E+00
  0.7430000E-01  0.1147913E+00
  0.7435000E-01  0.1140378E+00
  0.7440000E-01  0.1143441E+00
  0.7445000E-01  0.1144078E+00
  0.7450000E-01  0.1128580E+00
  0.7455000E-01  0.1105842E+00
  0.7460000E-01  0.1088833E+00
  0.7465000E-01  0.1090079E+00
  0.7470000E-01  0.1104100E+00
  0.7475000E-01  0.1137024E+00
  0.7480000E-01  0.1154368E+00
  0.7485000E-01  0.1160446E+00
  0.7490000E-01  0.1164286E+00
  0.7495000E-01  0.1158457E+00
  0.7500000E-01  0.1138912E+00
  0.7505000E-01  0.1116526E+00
  0.7510000E-01  0.1100440E+00
  0.7515000E-01  0.1086141E+00
  0.7520000E-01  0.1081818E+00
  0.7525000E-01  0.1095082E+00
  0.7530000E-01  0.1114786E+00
  0.7535000E-01  0.1135903E+00
  0.7540000E-01  0.1161490E+00
  0.7545000E-01  0.1200015E+00
  0.7550000E-01  0.1225870E+00
  0.7555000E-01  0.1240738E+00
  0.7560000E-01  0.1249140E+00
  0.7565000E-01  0.1275845E+00
  0.7570000E-01  0.1289208E+00
  0.7575000E-01  0.1291637E+00
  0.7580000E-01  0.1299956E+00
  0.7585000E-01  0.1298061E+00
  0.7590000E-01  0.1293176E+00
  0.7595000E-01  0.1290990E+00
  0.7600000E-01  0.1303732E+00
  0.7605000E-01  0.1305189E+00
  0.7610000E-01  0.1317569E+00
  0.7615000E-01  0.1346490E+00
  0.7620000E-01  0.1363148E+00
  0.7625000E-01  0.1350905E+00
  0.7630000E-01  0.1329977E+00
  0.7635000E-01  0.1321558E+00
  0.7640000E-01  0.1305182E+00
  0.7645000E-01  0.1282554E+00
  0.7650000E-01  0.1252325E+00
  0.7655000E-01  0.1231409E+00
  0.7660000E-01  0.1222881E+00
  0.7665000E-01  0.1224259E+00
  0.7670000E-01  0.1232890E+00
  0.7675000E-01  0.1244845E+00
  0.7680000E-01  0.1244511E+00
  0.7685000E-01  0.1242148E+00
  0.7690000E-01  0.1254070E+00
  0.7695000E-01  0.1240732E+00
  0.7700000E-01  0.1216552E+00
  0.7705000E-01  0.1212400E+00
  0.7710000E-01  0.1218890E+00
  0.7715000E-01  0.1237697E+00
  0.7720000E-01  0.1261774E+00
  0.7725000E-01  0.1287727E+00
  0.7730000E-01  0.1295481E+00
  0.7735000E-01  0.1296987E+00
  0.7740000E-01  0.1305002E+00
  0.7745000E-01  0.1318973E+00
  0.7750000E-01  0.1329890E+00
  0.7755000E-01  0.1337672E+00
  0.7760000E-01  0.1336839E+00
  0.7765000E-01  0.1324334E+00
  0.7770000E-01  0.1299017E+00
  0.7775000E-01  0.1262529E+00
  0.7780000E-01  0.1250704E+00
  0.7785000E-01  0.1240674E+00
  0.7790000E-01  0.1227609E+00
  0.7795000E-01  0.1204023E+00
  0.7800000E-01  0.1190558E+00
  0.7805000E-01  0.1192406E+00
  0.7810000E-01  0.1210888E+00
  0.7815000E-01  0.1219343E+00
  0.7820000E-01  0.1242955E+00
  0.7825000E-01  0.1243363E+00
  0.7830000E-01  0.1226465E+00
  0.7835000E-01  0.1227686E+00
  0.7840000E-01  0.1243433E+00
  0.7845000E-01  0.1255838E+00
  0.7850000E-01  0.1229408E+00
  0.7855000E-01  0.1182912E+00
  0.7860000E-01  0.1140308E+00
  0.7865000E-01  0.1117536E+00
  0.7870000E-01  0.1110655E+00
  0.7875000E-01  0.1126649E+00
  0.7880000E-01  0.1141904E+00
  0.7885000E-01  0.1139812E+00
  0.7890000E-01  0.1141786E+00
  0.7895000E-01  0.1172979E+00
  0.7900000E-01  0.1212014E+00
  0.7905000E-01  0.1221472E+00
  0.7910000E-01  0.1224751E+00
  0.7915000E-01  0.1228735E+00
  0.7920000E-01  0.1224671E+00
  0.7925000E-01  0.1240457E+00
  0.7930000E-01  0.1279123E+00
  0.7935000E-01  0.1309465E+00
  0.7940000E-01  0.1333806E+00
  0.7945000E-01  0.1332485E+00
  0.7950000E-01  0.1335985E+00
  0.7955000E-01  0.1354956E+00
  0.7960000E-01  0.1369963E+00
  0.7965000E-01  0.1369198E+00
  0.7970000E-01  0.1376816E+00
  0.7975000E-01  0.1380369E+00
  0.7980000E-01  0.1361177E+00
  0.7985000E-01  0.1359220E+00
  0.7990000E-01  0.1383892E+00
  0.7995000E-01  0.1434584E+00
  0.8000000E-01  0.1494397E+00
  0.8005000E-01  0.1534228E+00
  0.8010000E-01  0.1572690E+00
  0.8015000E-01  0.1583443E+00
  0.8020000E-01  0.1591379E+00
  0.8025000E-01  0.1611705E+00
  0.8030000E-01  0.1618941E+00
  0.8035000E-01  0.1620414E+00
  0.8040000E-01  0.1609286E+00
  0.8045000E-01  0.1595248E+00
  0.8050000E-01  0.1582791E+00
  0.8055000E-01  0.1569250E+00
  0.8060000E-01  0.1569543E+00
  0.8065000E-01  0.1564428E+00
  0.8070000E-01  0.1557591E+00
  0.8075000E-01  0.1578456E+00
  0.8080000E-01  0.1614616E+00
  0.8085000E-01  0.1677314E+00
  0.8090000E-01  0.1724825E+00
  0.8095000E-01  0.1750469E+00
  0.8100000E-01  0.1767054E+00
  0.8105000E-01  0.1780726E+00
  0.8110000E-01  0.1785800E+00
  0.8115000E-01  0.1754632E+00
  0.8120000E-01  0.1731682E+00
  0.8125000E-01  0.1721330E+00
  0.8130000E-01  0.1718279E+00
  0.8135000E-01  0.1694029E+00
  0.8140000E-01  0.1645560E+00
  0.8145000E-01  0.1612494E+00
  0.8150000E-01  0.1616251E+00
  0.8155000E-01  0.1649469E+00
  0.8160000E-01  0.1661801E+00
  0.8165000E-01  0.1664733E+00
  0.8170000E-01  0.1662282E+00
  0.8175000E-01  0.1679928E+00
  0.8180000E-01  0.1719299E+00
  0.8185000E-01  0.1741633E+00
  0.8190000E-01  0.1735308E+00
  0.8195000E-01  0.1707061E+00
  0.8200000E-01  0.1689084E+00
  0.8205000E-01  0.1651971E+00
  0.8210000E-01  0.1650097E+00
  0.8215000E-01  0.1695630E+00
  0.8220000E-01  0.1750262E+00
  0.8225000E-01  0.1780775E+00
  0.8230000E-01  0.1786739E+00
  0.8235000E-01  0.1799909E+00
  0.8240000E-01  0.1817478E+00
  0.8245000E-01  0.1822907E+00
  0.8250000E-01  0.1843944E+00
  0.8255000E-01  0.1843865E+00
  0.8260000E-01  0.1833332E+00
  0.8265000E-01  0.1797357E+00
  0.8270000E-01  0.1766751E+00
  0.8275000E-01  0.1720956E+00
  0.8280000E-01  0.1688068E+00
  0.8285000E-01  0.1668316E+00
  0.8290000E-01  0.1646692E+00
  0.8295000E-01  0.1621801E+00
  0.8300000E-01  0.1609360E+00
  0.8305000E-01  0.1608373E+00
  0.8310000E-01  0.1630330E+00
  0.8315000E-01  0.1661270E+00
  0.8320000E-01  0.1659714E+00
  0.8325000E-01  0.1677499E+00
  0.8330000E-01  0.1725305E+00
  0.8335000E-01  0.1719033E+00
  0.8340000E-01  0.1698767E+00
  0.8345000E-01  0.1672603E+00
  0.8350000E-01  0.1622783E+00
  0.8355000E-01  0.1587646E+00
  0.8360000E-01  0.1595709E+00
  0.8365000E-01  0.1571563E+00
  0.8370000E-01  0.1502395E+00
  0.8375000E-01  0.1442704E+00
  0.8380000E-01  0.1394458E+00
  0.8385000E-01  0.1390994E+00
  0.8390000E-01  0.1392323E+00
  0.8395000E-01  0.1385374E+00
  0.8400000E-01  0.1390364E+00
  0.8405000E-01  0.1394180E+00
  0.8410000E-01  0.1426642E+00
  0.8415000E-01  0.1479117E+00
  0.8420000E-01  0.1483260E+00
  0.8425000E-01  0.1458021E+00
  0.8430000E-01  0.1427624E+00
  0.8435000E-01  0.1445556E+00
  0.8440000E-01  0.1452550E+00
  0.8445000E-01  0.1457523E+00
  0.8450000E-01  0.1457712E+00
  0.8455000E-01  0.1463130E+00
  0.8460000E-01  0.1473441E+00
  0.8465000E-01  0.1485736E+00
  0.8470000E-01  0.1487095E+00
  0.8475000E-01  0.1513607E+00
  0.8480000E-01  0.1529155E+00
  0.8485000E-01  0.1485166E+00
  0.8490000E-01  0.1454087E+00
  0.8495000E-01  0.1447371E+00
  0.8500000E-01  0.1434221E+00
  0.8505000E-01  0.1432562E+00
  0.8510000E-01  0.1450678E+00
  0.8515000E-01  0.1487708E+00
  0.8520000E-01  0.1524491E+00
  0.8525000E-01  0.1559037E+00
  0.8530000E-01  0.1603129E+00
  0.8535000E-01  0.1664060E+00
  0.8540000E-01  0.1674091E+00
  0.8545000E-01  0.1659048E+00
  0.8550000E-01  0.1637399E+00
  0.8555000E-01  0.1611779E+00
  0.8560000E-01  0.1634684E+00
  0.8565000E-01  0.1652405E+00
  0.8570000E-01  0.1664740E+00
  0.8575000E-01  0.1697797E+00
  0.8580000E-01  0.1701170E+00
  0.8585000E-01  0.1671649E+00
  0.8590000E-01  0.1650340E+00
  0.8595000E-01  0.1615200E+00
  0.8600000E-01  0.1594570E+00
  0.8605000E-01  0.1593843E+00
  0.8610000E-01  0.1598384E+00
  0.8615000E-01  0.1567036E+00
  0.8620000E-01  0.1540041E+00
  0.8625000E-01  0.1504727E+00
  0.8630000E-01  0.1454403E+00
  0.8635000E-01  0.1421916E+00
  0.8640000E-01  0.1444784E+00
  0.8645000E-01  0.1473777E+00
  0.8650000E-01  0.1464190E+00
  0.8655000E-01  0.1471161E+00
  0.8660000E-01  0.1488785E+00
  0.8665000E-01  0.1473756E+00
  0.8670000E-01  0.1419180E+00
  0.8675000E-01  0.1379196E+00
  0.8680000E-01  0.1397350E+00
  0.8685000E-01  0.1400557E+00
  0.8690000E-01  0.1385831E+00
  0.8695000E-01  0.1373967E+00
  0.8700000E-01  0.1386465E+00
  0.8705000E-01  0.1449679E+00
  0.8710000E-01  0.1499337E+00
  0.8715000E-01  0.1519705E+00
  0.8720000E-01  0.1555287E+00
  0.8725000E-01  0.1578449E+00
  0.8730000E-01  0.1616600E+00
  0.8735000E-01  0.1710774E+00
  0.8740000E-01  0.1790538E+00
  0.8745000E-01  0.1824856E+00
  0.8750000E-01  0.1858751E+00
  0.8755000E-01  0.1896002E+00
  0.8760000E-01  0.1918692E+00
  0.8765000E-01  0.1940859E+00
  0.8770000E-01  0.1962898E+00
  0.8775000E-01  0.1984918E+00
  0.8780000E-01  0.1989215E+00
  0.8785000E-01  0.1971307E+00
  0.8790000E-01  0.1962188E+00
  0.8795000E-01  0.1991475E+00
  0.8800000E-01  0.2063859E+00
  0.8805000E-01  0.2090723E+00
  0.8810000E-01  0.2100746E+00
  0.8815000E-01  0.2114624E+00
  0.8820000E-01  0.2118554E+00
  0.8825000E-01  0.2145901E+00
  0.8830000E-01  0.2161973E+00
  0.8835000E-01  0.2206753E+00
  0.8840000E-01  0.2298190E+00
  0.8845000E-01  0.2352891E+00
  0.8850000E-01  0.2369865E+00
  0.8855000E-01  0.2360450E+00
  0.8860000E-01  0.2338760E+00
  0.8865000E-01  0.2310502E+00
  0.8870000E-01  0.2289326E+00
  0.8875000E-01  0.2287079E+00
  0.8880000E-01  0.2241383E+00
  0.8885000E-01  0.2216233E+00
  0.8890000E-01  0.2253614E+00
  0.8895000E-01  0.2259992E+00
  0.8900000E-01  0.2273654E+00
  0.8905000E-01  0.2288358E+00
  0.8910000E-01  0.2255158E+00
  0.8915000E-01  0.2246725E+00
  0.8920000E-01  0.2245504E+00
  0.8925000E-01  0.2202479E+00
  0.8930000E-01  0.2232004E+00
  0.8935000E-01  0.2301446E+00
  0.8940000E-01  0.2355102E+00
  0.8945000E-01  0.2394946E+00
  0.8950000E-01  0.2428820E+00
  0.8955000E-01  0.2423829E+00
  0.8960000E-01  0.2429283E+00
  0.8965000E-01  0.2421628E+00
  0.8970000E-01  0.2432015E+00
  0.8975000E-01  0.2429843E+00
  0.8980000E-01  0.2393121E+00
  0.8985000E-01  0.2354558E+00
  0.8990000E-01  0.2369578E+00
  0.8995000E-01  0.2391913E+00
  0.9000000E-01  0.2427352E+00
  0.9005000E-01  0.2477126E+00
  0.9010000E-01  0.2542540E+00
  0.9015000E-01  0.2622621E+00
  0.9020000E-01  0.2692774E+00
  0.9025000E-01  0.2738477E+00
  0.9030000E-01  0.2731605E+00
  0.9035000E-01  0.2693251E+00
  0.9040000E-01  0.2697186E+00
  0.9045000E-01  0.2721104E+00
  0.9050000E-01  0.2724576E+00
  0.9055000E-01  0.2692660E+00
  0.9060000E-01  0.2699531E+00
  0.9065000E-01  0.2726109E+00
  0.9070000E-01  0.2784491E+00
  0.9075000E-01  0.2839368E+00
  0.9080000E-01  0.2800689E+00
  0.9085000E-01  0.2715458E+00
  0.9090000E-01  0.2683828E+00
  0.9095000E-01  0.2618029E+00
  0.9100000E-01  0.2543626E+00
  0.9105000E-01  0.2485932E+00
  0.9110000E-01  0.2438061E+00
  0.9115000E-01  0.2420733E+00
  0.9120000E-01  0.2428941E+00
  0.9125000E-01  0.2447930E+00
  0.9130000E-01  0.2536883E+00
  0.9135000E-01  0.2603897E+00
  0.9140000E-01  0.2646171E+00
  0.9145000E-01  0.2649045E+00
  0.9150000E-01  0.2642834E+00
  0.9155000E-01  0.2695302E+00
  0.9160000E-01  0.2803165E+00
  0.9165000E-01  0.2924800E+00
  0.9170000E-01  0.3026764E+00
  0.9175000E-01  0.3047670E+00
  0.9180000E-01  0.3063868E+00
  0.9185000E-01  0.3092616E+00
  0.9190000E-01  0.3163512E+00
  0.9195000E-01  0.3187773E+00
  0.9200000E-01  0.3257169E+00
  0.9205000E-01  0.3327109E+00
  0.9210000E-01  0.3340545E+00
  0.9215000E-01  0.3314866E+00
  0.9220000E-01  0.3239837E+00
  0.9225000E-01  0.3180845E+00
  0.9230000E-01  0.3157314E+00
  0.9235000E-01  0.3153694E+00
  0.9240000E-01  0.3187608E+00
  0.9245000E-01  0.3246655E+00
  0.9250000E-01  0.3338046E+00
  0.9255000E-01  0.3452716E+00
  0.9260000E-01  0.3565699E+00
  0.9265000E-01  0.3644853E+00
  0.9270000E-01  0.3686560E+00
  0.9275000E-01  0.3775894E+00
  0.9280000E-01  0.3847927E+00
  0.9285000E-01  0.3835779E+00
  0.9290000E-01  0.3850326E+00
  0.9295000E-01  0.3877695E+00
  0.9300000E-01  0.3959923E+00
  0.9305000E-01  0.4120436E+00
  0.9310000E-01  0.4255934E+00
  0.9315000E-01  0.4340256E+00
  0.9320000E-01  0.4339300E+00
  0.9325000E-01  0.4240918E+00
  0.9330000E-01  0.4143368E+00
  0.9335000E-01  0.4109085E+00
  0.9340000E-01  0.4061108E+00
  0.9345000E-01  0.3977458E+00
  0.9350000E-01  0.3917772E+00
  0.9355000E-01  0.3849006E+00
  0.9360000E-01  0.3828860E+00
  0.9365000E-01  0.3833517E+00
  0.9370000E-01  0.3942388E+00
  0.9375000E-01  0.3999137E+00
  0.9380000E-01  0.4005749E+00
  0.9385000E-01  0.4010363E+00
  0.9390000E-01  0.4078855E+00
  0.9395000E-01  0.4123963E+00
  0.9400000E-01  0.4144427E+00
  0.9405000E-01  0.4160668E+00
  0.9410000E-01  0.4234402E+00
  0.9415000E-01  0.4340158E+00
  0.9420000E-01  0.4463662E+00
  0.9425000E-01  0.4548574E+00
  0.9430000E-01  0.4556930E+00
  0.9435000E-01  0.4559811E+00
  0.9440000E-01  0.4637759E+00
  0.9445000E-01  0.4696591E+00
  0.9450000E-01  0.4809922E+00
  0.9455000E-01  0.4813222E+00
  0.9460000E-01  0.4735230E+00
  0.9465000E-01  0.4674200E+00
  0.9470000E-01  0.4675459E+00
  0.9475000E-01  0.4574954E+00
  0.9480000E-01  0.4503563E+00
  0.9485000E-01  0.4507276E+00
  0.9490000E-01  0.4620033E+00
  0.9495000E-01  0.4576266E+00
  0.9500000E-01  0.4436118E+00
  0.9505000E-01  0.4362563E+00
  0.9510000E-01  0.4251134E+00
  0.9515000E-01  0.4187009E+00
  0.9520000E-01  0.4185578E+00
  0.9525000E-01  0.4201728E+00
  0.9530000E-01  0.4276970E+00
  0.9535000E-01  0.4312360E+00
  0.9540000E-01  0.4427306E+00
  0.9545000E-01  0.4371355E+00
  0.9550000E-01  0.4288885E+00
  0.9555000E-01  0.4183868E+00
  0.9560000E-01  0.4057202E+00
  0.9565000E-01  0.3987630E+00
  0.9570000E-01  0.4009285E+00
  0.9575000E-01  0.3951655E+00
  0.9580000E-01  0.3942859E+00
  0.9585000E-01  0.4008228E+00
  0.9590000E-01  0.4176162E+00
  0.9595000E-01  0.4297562E+00
  0.9600000E-01  0.4299218E+00
  0.9605000E-01  0.4110983E+00
  0.9610000E-01  0.4031642E+00
  0.9615000E-01  0.4060566E+00
  0.9620000E-01  0.4283505E+00
  0.9625000E-01  0.4447144E+00
  0.9630000E-01  0.4690802E+00
  0.9635000E-01  0.4789037E+00
  0.9640000E-01  0.4902618E+00
  0.9645000E-01  0.4956037E+00
  0.9650000E-01  0.5073184E+00
  0.9655000E-01  0.5164886E+00
  0.9660000E-01  0.5301538E+00
  0.9665000E-01  0.5404876E+00
  0.9670000E-01  0.5617259E+00
  0.9675000E-01  0.5795173E+00
  0.9680000E-01  0.6112030E+00
  0.9685000E-01  0.6482808E+00
  0.9690000E-01  0.6949257E+00
  0.9695000E-01  0.7420118E+00
  0.9700000E-01  0.7899457E+00
  0.9705000E-01  0.8213608E+00
  0.9710000E-01  0.8501449E+00
  0.9715000E-01  0.8558915E+00
  0.9720000E-01  0.8630253E+00
  0.9725000E-01  0.8551149E+00
  0.9730000E-01  0.8757216E+00
  0.9735000E-01  0.8956180E+00
  0.9740000E-01  0.9299465E+00
  0.9745000E-01  0.9377289E+00
  0.9750000E-01  0.9504396E+00
  0.9755000E-01  0.9454968E+00
  0.9760000E-01  0.9263916E+00
  0.9765000E-01  0.8600091E+00
  0.9770000E-01  0.8046819E+00
  0.9775000E-01  0.7306209E+00
  0.9780000E-01  0.6324185E+00
  0.9785000E-01  0.4542314E+00
  0.9790000E-01  0.2505967E+00
  0.9795000E-01 -0.8844684E-02
  0.9800000E-01 -0.3058691E+00
  0.9805000E-01 -0.6993436E+00
  0.9810000E-01 -0.1148880E+01
  0.9815000E-01 -0.1696620E+01
  0.9820000E-01 -0.2295577E+01
  0.9825000E-01 -0.2992863E+01
  0.9830000E-01 -0.3726308E+01
  0.9835000E-01 -0.4533372E+01
  0.9840000E-01 -0.5345658E+01
  0.9845000E-01 -0.6206103E+01
  0.9850000E-01 -0.7025550E+01
  0.9855000E-01 -0.7809102E+01
  0.9860000E-01 -0.8487997E+01
  0.9865000E-01 -0.9081897E+01
  0.9870000E-01 -0.9557789E+01
  0.9875000E-01 -0.9910780E+01
  0.9880000E-01 -0.1012704E+02
  0.9885000E-01 -0.1020927E+02
  0.9890000E-01 -0.1014474E+02
  0.9895000E-01 -0.9926851E+01
  0.9900000E-01 -0.9562409E+01
  0.9905000E-01 -0.9045561E+01
  0.9910000E-01 -0.8372659E+01
  0.9915000E-01 -0.7554412E+01
  0.9920000E-01 -0.6608901E+01
  0.9925000E-01 -0.5555310E+01
  0.9930000E-01 -0.4418444E+01
  0.9935000E-01 -0.3243742E+01
  0.9940000E-01 -0.2091178E+01
  0.9945000E-01 -0.1032441E+01
  0.9950000E-01 -0.1423465E+00
  0.9955000E-01  0.5189410E+00
  0.9960000E-01  0.9107683E+00
  0.9965000E-01  0.1032570E+01
  0.9970000E-01  0.9318494E+00
  0.9975000E-01  0.6899932E+00
  0.9980000E-01  0.4070265E+00
  0.9985000E-01  0.1732448E+00
  0.9990000E-01  0.3972025E-01
  0.9995000E-01  0.0000000E+00
  0.1000000E+00  0.0000000E+00
