  0.0000000E+00  0.0000000E+00
  0.5000000E-04 -0.3492338E-13
  0.1000000E-03  0.3891380E-01
  0.1500000E-03  0.1729680E+00
  0.2000000E-03  0.4083157E+00
  0.2500000E-03  0.6943125E+00
  0.3000000E-03  0.9462908E+00
  0.3500000E-03  0.1056638E+01
  0.4000000E-03  0.9404042E+00
  0.4500000E-03  0.5527449E+00
  0.5000000E-03 -0.1047077E+00
  0.5500000E-03 -0.9911738E+00
  0.6000000E-03 -0.2046877E+01
  0.6500000E-03 -0.3198461E+01
  0.7000000E-03 -0.4375816E+01
  0.7500000E-03 -0.5518821E+01
  0.8000000E-03 -0.6579934E+01
  0.8500000E-03 -0.7526428E+01
  0.9000000E-03 -0.8343086E+01
  0.9500000E-03 -0.9015561E+01
  0.1000000E-02 -0.9540657E+01
  0.1050000E-02 -0.9917686E+01
  0.1100000E-02 -0.1013901E+02
  0.1150000E-02 -0.1020838E+02
  0.1200000E-02 -0.1012987E+02
  0.1250000E-02 -0.9913892E+01
  0.1300000E-02 -0.9563909E+01
  0.1350000E-02 -0.9090777E+01
  0.1400000E-02 -0.8486338E+01
  0.1450000E-02 -0.7793885E+01
  0.1500000E-02 -0.7005185E+01
  0.1550000E-02 -0.6196469E+01
  0.1600000E-02 -0.5345307E+01
  0.1650000E-02 -0.4523225E+01
  0.1700000E-02 -0.3712191E+01
  0.1750000E-02 -0.2988664E+01
  0.1800000E-02 -0.2303852E+01
  0.1850000E-02 -0.1716886E+01
  0.1900000E-02 -0.1179242E+01
  0.1950000E-02 -0.7333601E+00
  0.2000000E-02 -0.3271818E+00
  0.2050000E-02 -0.6593304E-02
  0.2100000E-02  0.2677444E+00
  0.2150000E-02  0.4480430E+00
  0.2200000E-02  0.5865597E+00
  0.2250000E-02  0.6717112E+00
  0.2300000E-02  0.7511415E+00
  0.2350000E-02  0.8116574E+00
  0.2400000E-02  0.8774091E+00
  0.2450000E-02  0.9107982E+00
  0.2500000E-02  0.9385064E+00
  0.2550000E-02  0.9345690E+00
  0.2600000E-02  0.9354713E+00
  0.2650000E-02  0.9156829E+00
  0.2700000E-02  0.9014506E+00
  0.2750000E-02  0.8765483E+00
  0.2800000E-02  0.8736178E+00
  0.2850000E-02  0.8494051E+00
  0.2900000E-02  0.8258118E+00
  0.2950000E-02  0.7866040E+00
  0.3000000E-02  0.7605064E+00
  0.3050000E-02  0.7318927E+00
  0.3100000E-02  0.7051648E+00
  0.3150000E-02  0.6692441E+00
  0.3200000E-02  0.6518633E+00
  0.3250000E-02  0.6279344E+00
  0.3300000E-02  0.6163196E+00
  0.3350000E-02  0.6035649E+00
  0.3400000E-02  0.5949788E+00
  0.3450000E-02  0.5665507E+00
  0.3500000E-02  0.5412778E+00
  0.3550000E-02  0.5126655E+00
  0.3600000E-02  0.4897977E+00
  0.3650000E-02  0.4633761E+00
  0.3700000E-02  0.4407426E+00
  0.3750000E-02  0.4147335E+00
  0.3800000E-02  0.4150630E+00
  0.3850000E-02  0.4207377E+00
  0.3900000E-02  0.4418120E+00
  0.3950000E-02  0.4597661E+00
  0.4000000E-02  0.4666764E+00
  0.4050000E-02  0.4528686E+00
  0.4100000E-02  0.4376387E+00
  0.4150000E-02  0.4309425E+00
  0.4200000E-02  0.4315846E+00
  0.4250000E-02  0.4354839E+00
  0.4300000E-02  0.4328254E+00
  0.4350000E-02  0.4184419E+00
  0.4400000E-02  0.4132013E+00
  0.4450000E-02  0.4054338E+00
  0.4500000E-02  0.4026544E+00
  0.4550000E-02  0.3953932E+00
  0.4600000E-02  0.4031435E+00
  0.4650000E-02  0.4074450E+00
  0.4700000E-02  0.4100992E+00
  0.4750000E-02  0.4088575E+00
  0.4800000E-02  0.4042414E+00
  0.4850000E-02  0.4012218E+00
  0.4900000E-02  0.4146844E+00
  0.4950000E-02  0.4221493E+00
  0.5000000E-02  0.4235894E+00
  0.5050000E-02  0.4182037E+00
  0.5100000E-02  0.4106407E+00
  0.5150000E-02  0.4168303E+00
  0.5200000E-02  0.4269424E+00
  0.5250000E-02  0.4262498E+00
  0.5300000E-02  0.4313108E+00
  0.5350000E-02  0.4359344E+00
  0.5400000E-02  0.4426277E+00
  0.5450000E-02  0.4459179E+00
  0.5500000E-02  0.4473940E+00
  0.5550000E-02  0.4405168E+00
  0.5600000E-02  0.4314444E+00
  0.5650000E-02  0.4302195E+00
  0.5700000E-02  0.4358144E+00
  0.5750000E-02  0.4452153E+00
  0.5800000E-02  0.4600145E+00
  0.5850000E-02  0.4673260E+00
  0.5900000E-02  0.4654295E+00
  0.5950000E-02  0.4568984E+00
  0.6000000E-02  0.4460381E+00
  0.6050000E-02  0.4229949E+00
  0.6100000E-02  0.4043597E+00
  0.6150000E-02  0.3888691E+00
  0.6200000E-02  0.3775950E+00
  0.6250000E-02  0.3731636E+00
  0.6300000E-02  0.3769453E+00
  0.6350000E-02  0.3730410E+00
  0.6400000E-02  0.3655942E+00
  0.6450000E-02  0.3649868E+00
  0.6500000E-02  0.3692801E+00
  0.6550000E-02  0.3763492E+00
  0.6600000E-02  0.3778270E+00
  0.6650000E-02  0.3635680E+00
  0.6700000E-02  0.3513147E+00
  0.6750000E-02  0.3452344E+00
  0.6800000E-02  0.3410041E+00
  0.6850000E-02  0.3432860E+00
  0.6900000E-02  0.3534570E+00
  0.6950000E-02  0.3604056E+00
  0.7000000E-02  0.3688090E+00
  0.7050000E-02  0.3727821E+00
  0.7100000E-02  0.3717509E+00
  0.7150000E-02  0.3672114E+00
  0.7200000E-02  0.3617278E+00
  0.7250000E-02  0.3514148E+00
  0.7300000E-02  0.3426346E+00
  0.7350000E-02  0.3393437E+00
  0.7400000E-02  0.3400779E+00
  0.7450000E-02  0.3369863E+00
  0.7500000E-02  0.3304418E+00
  0.7550000E-02  0.3229658E+00
  0.7600000E-02  0.3226576E+00
  0.7650000E-02  0.3208928E+00
  0.7700000E-02  0.3187652E+00
  0.7750000E-02  0.3237306E+00
  0.7800000E-02  0.3326225E+00
  0.7850000E-02  0.3309777E+00
  0.7900000E-02  0.3266058E+00
  0.7950000E-02  0.3227349E+00
  0.8000000E-02  0.3240196E+00
  0.8050000E-02  0.3241203E+00
  0.8100000E-02  0.3173577E+00
  0.8150000E-02  0.3136715E+00
  0.8200000E-02  0.3160517E+00
  0.8250000E-02  0.3229839E+00
  0.8300000E-02  0.3324830E+00
  0.8350000E-02  0.3337720E+00
  0.8400000E-02  0.3350644E+00
  0.8450000E-02  0.3361471E+00
  0.8500000E-02  0.3346503E+00
  0.8550000E-02  0.3322410E+00
  0.8600000E-02  0.3288323E+00
  0.8650000E-02  0.3228240E+00
  0.8700000E-02  0.3229491E+00
  0.8750000E-02  0.3222142E+00
  0.8800000E-02  0.3189252E+00
  0.8850000E-02  0.3185348E+00
  0.8900000E-02  0.3207457E+00
  0.8950000E-02  0.3244525E+00
  0.9000000E-02  0.3297191E+00
  0.9050000E-02  0.3295009E+00
  0.9100000E-02  0.3238734E+00
  0.9150000E-02  0.3161502E+00
  0.9200000E-02  0.3057071E+00
  0.9250000E-02  0.2962936E+00
  0.9300000E-02  0.2883061E+00
  0.9350000E-02  0.2852875E+00
  0.9400000E-02  0.2786345E+00
  0.9450000E-02  0.2691109E+00
  0.9500000E-02  0.2654912E+00
  0.9550000E-02  0.2654105E+00
  0.9600000E-02  0.2687306E+00
  0.9650000E-02  0.2653837E+00
  0.9700000E-02  0.2671564E+00
  0.9750000E-02  0.2696950E+00
  0.9800000E-02  0.2710677E+00
  0.9850000E-02  0.2667272E+00
  0.9900000E-02  0.2542872E+00
  0.9950000E-02  0.2452988E+00
  0.1000000E-01  0.2437894E+00
  0.1005000E-01  0.2418215E+00
  0.1010000E-01  0.2351588E+00
  0.1015000E-01  0.2284684E+00
  0.1020000E-01  0.2242243E+00
  0.1025000E-01  0.2246651E+00
  0.1030000E-01  0.2247684E+00
  0.1035000E-01  0.2197648E+00
  0.1040000E-01  0.2125324E+00
  0.1045000E-01  0.2051111E+00
  0.1050000E-01  0.1986633E+00
  0.1055000E-01  0.1921354E+00
  0.1060000E-01  0.1866952E+00
  0.1065000E-01  0.1866070E+00
  0.1070000E-01  0.1934381E+00
  0.1075000E-01  0.1983361E+00
  0.1080000E-01  0.2037752E+00
  0.1085000E-01  0.2009826E+00
  0.1090000E-01  0.1948896E+00
  0.1095000E-01  0.1927573E+00
  0.1100000E-01  0.1938542E+00
  0.1105000E-01  0.1966641E+00
  0.1110000E-01  0.1964707E+00
  0.1115000E-01  0.1972652E+00
  0.1120000E-01  0.1964072E+00
  0.1125000E-01  0.1961505E+00
  0.1130000E-01  0.1932677E+00
  0.1135000E-01  0.1899220E+00
  0.1140000E-01  0.1861087E+00
  0.1145000E-01  0.1857297E+00
  0.1150000E-01  0.1864571E+00
  0.1155000E-01  0.1834204E+00
  0.1160000E-01  0.1811865E+00
  0.1165000E-01  0.1811010E+00
  0.1170000E-01  0.1879776E+00
  0.1175000E-01  0.1975255E+00
  0.1180000E-01  0.2077390E+00
  0.1185000E-01  0.2135518E+00
  0.1190000E-01  0.2143335E+00
  0.1195000E-01  0.2149369E+00
  0.1200000E-01  0.2148903E+00
  0.1205000E-01  0.2121523E+00
  0.1210000E-01  0.2062920E+00
  0.1215000E-01  0.1994219E+00
  0.1220000E-01  0.1957131E+00
  0.1225000E-01  0.1928479E+00
  0.1230000E-01  0.1903376E+00
  0.1235000E-01  0.1869493E+00
  0.1240000E-01  0.1863889E+00
  0.1245000E-01  0.1867649E+00
  0.1250000E-01  0.1875436E+00
  0.1255000E-01  0.1879600E+00
  0.1260000E-01  0.1873743E+00
  0.1265000E-01  0.1852199E+00
  0.1270000E-01  0.1842472E+00
  0.1275000E-01  0.1794304E+00
  0.1280000E-01  0.1692169E+00
  0.1285000E-01  0.1591454E+00
  0.1290000E-01  0.1574828E+00
  0.1295000E-01  0.1587686E+00
  0.1300000E-01  0.1621700E+00
  0.1305000E-01  0.1684234E+00
  0.1310000E-01  0.1752146E+00
  0.1315000E-01  0.1803643E+00
  0.1320000E-01  0.1798734E+00
  0.1325000E-01  0.1770312E+00
  0.1330000E-01  0.1756694E+00
  0.1335000E-01  0.1762595E+00
  0.1340000E-01  0.1789609E+00
  0.1345000E-01  0.1850986E+00
  0.1350000E-01  0.1917163E+00
  0.1355000E-01  0.1942532E+00
  0.1360000E-01  0.1984017E+00
  0.1365000E-01  0.2033112E+00
  0.1370000E-01  0.2046025E+00
  0.1375000E-01  0.2013174E+00
  0.1380000E-01  0.1945535E+00
  0.1385000E-01  0.1842352E+00
  0.1390000E-01  0.1743273E+00
  0.1395000E-01  0.1686018E+00
  0.1400000E-01  0.1657981E+00
  0.1405000E-01  0.1635437E+00
  0.1410000E-01  0.1628696E+00
  0.1415000E-01  0.1651987E+00
  0.1420000E-01  0.1723216E+00
  0.1425000E-01  0.1802363E+00
  0.1430000E-01  0.1867837E+00
  0.1435000E-01  0.1936445E+00
  0.1440000E-01  0.2001468E+00
  0.1445000E-01  0.2021837E+00
  0.1450000E-01  0.1984449E+00
  0.1455000E-01  0.1928134E+00
  0.1460000E-01  0.1877696E+00
  0.1465000E-01  0.1812908E+00
  0.1470000E-01  0.1756528E+00
  0.1475000E-01  0.1730840E+00
  0.1480000E-01  0.1717469E+00
  0.1485000E-01  0.1728881E+00
  0.1490000E-01  0.1743801E+00
  0.1495000E-01  0.1723392E+00
  0.1500000E-01  0.1697857E+00
  0.1505000E-01  0.1670218E+00
  0.1510000E-01  0.1646268E+00
  0.1515000E-01  0.1619358E+00
  0.1520000E-01  0.1589415E+00
  0.1525000E-01  0.1579093E+00
  0.1530000E-01  0.1577495E+00
  0.1535000E-01  0.1567117E+00
  0.1540000E-01  0.1554704E+00
  0.1545000E-01  0.1594388E+00
  0.1550000E-01  0.1636277E+00
  0.1555000E-01  0.1636634E+00
  0.1560000E-01  0.1604240E+00
  0.1565000E-01  0.1548197E+00
  0.1570000E-01  0.1509619E+00
  0.1575000E-01  0.1488124E+00
  0.1580000E-01  0.1497833E+00
  0.1585000E-01  0.1556681E+00
  0.1590000E-01  0.1614890E+00
  0.1595000E-01  0.1661403E+00
  0.1600000E-01  0.1704463E+00
  0.1605000E-01  0.1726458E+00
  0.1610000E-01  0.1766844E+00
  0.1615000E-01  0.1814805E+00
  0.1620000E-01  0.1833224E+00
  0.1625000E-01  0.1823225E+00
  0.1630000E-01  0.1810234E+00
  0.1635000E-01  0.1806121E+00
  0.1640000E-01  0.1770784E+00
  0.1645000E-01  0.1750121E+00
  0.1650000E-01  0.1742607E+00
  0.1655000E-01  0.1735958E+00
  0.1660000E-01  0.1719899E+00
  0.1665000E-01  0.1705569E+00
  0.1670000E-01  0.1706070E+00
  0.1675000E-01  0.1656224E+00
  0.1680000E-01  0.1634301E+00
  0.1685000E-01  0.1624499E+00
  0.1690000E-01  0.1581237E+00
  0.1695000E-01  0.1568948E+00
  0.1700000E-01  0.1573865E+00
  0.1705000E-01  0.1580295E+00
  0.1710000E-01  0.1611851E+00
  0.1715000E-01  0.1654872E+00
  0.1720000E-01  0.1689325E+00
  0.1725000E-01  0.1691196E+00
  0.1730000E-01  0.1685182E+00
  0.1735000E-01  0.1681853E+00
  0.1740000E-01  0.1682869E+00
  0.1745000E-01  0.1669412E+00
  0.1750000E-01  0.1637215E+00
  0.1755000E-01  0.1619507E+00
  0.1760000E-01  0.1597661E+00
  0.1765000E-01  0.1609985E+00
  0.1770000E-01  0.1627503E+00
  0.1775000E-01  0.1628813E+00
  0.1780000E-01  0.1617156E+00
  0.1785000E-01  0.1614797E+00
  0.1790000E-01  0.1644454E+00
  0.1795000E-01  0.1673503E+00
  0.1800000E-01  0.1702834E+00
  0.1805000E-01  0.1710253E+00
  0.1810000E-01  0.1679380E+00
  0.1815000E-01  0.1635455E+00
  0.1820000E-01  0.1597890E+00
  0.1825000E-01  0.1581091E+00
  0.1830000E-01  0.1580024E+00
  0.1835000E-01  0.1570021E+00
  0.1840000E-01  0.1553049E+00
  0.1845000E-01  0.1537560E+00
  0.1850000E-01  0.1525751E+00
  0.1855000E-01  0.1510068E+00
  0.1860000E-01  0.1464017E+00
  0.1865000E-01  0.1415523E+00
  0.1870000E-01  0.1377528E+00
  0.1875000E-01  0.1378439E+00
  0.1880000E-01  0.1380762E+00
  0.1885000E-01  0.1387433E+00
  0.1890000E-01  0.1395814E+00
  0.1895000E-01  0.1391686E+00
  0.1900000E-01  0.1387724E+00
  0.1905000E-01  0.1393767E+00
  0.1910000E-01  0.1384286E+00
  0.1915000E-01  0.1372594E+00
  0.1920000E-01  0.1315850E+00
  0.1925000E-01  0.1272695E+00
  0.1930000E-01  0.1266474E+00
  0.1935000E-01  0.1274492E+00
  0.1940000E-01  0.1303763E+00
  0.1945000E-01  0.1332309E+00
  0.1950000E-01  0.1356112E+00
  0.1955000E-01  0.1379152E+00
  0.1960000E-01  0.1388297E+00
  0.1965000E-01  0.1376461E+00
  0.1970000E-01  0.1371952E+00
  0.1975000E-01  0.1372717E+00
  0.1980000E-01  0.1411386E+00
  0.1985000E-01  0.1455037E+00
  0.1990000E-01  0.1454543E+00
  0.1995000E-01  0.1422914E+00
  0.2000000E-01  0.1358767E+00
  0.2005000E-01  0.1281479E+00
  0.2010000E-01  0.1211780E+00
  0.2015000E-01  0.1151902E+00
  0.2020000E-01  0.1113891E+00
  0.2025000E-01  0.1091504E+00
  0.2030000E-01  0.1087499E+00
  0.2035000E-01  0.1073269E+00
  0.2040000E-01  0.1055708E+00
  0.2045000E-01  0.1061336E+00
  0.2050000E-01  0.1081515E+00
  0.2055000E-01  0.1091484E+00
  0.2060000E-01  0.1088768E+00
  0.2065000E-01  0.1103514E+00
  0.2070000E-01  0.1140790E+00
  0.2075000E-01  0.1149896E+00
  0.2080000E-01  0.1156286E+00
  0.2085000E-01  0.1173265E+00
  0.2090000E-01  0.1181891E+00
  0.2095000E-01  0.1194769E+00
  0.2100000E-01  0.1225616E+00
  0.2105000E-01  0.1274834E+00
  0.2110000E-01  0.1339210E+00
  0.2115000E-01  0.1377072E+00
  0.2120000E-01  0.1400083E+00
  0.2125000E-01  0.1388336E+00
  0.2130000E-01  0.1336628E+00
  0.2135000E-01  0.1277529E+00
  0.2140000E-01  0.1253869E+00
  0.2145000E-01  0.1261588E+00
  0.2150000E-01  0.1285147E+00
  0.2155000E-01  0.1313887E+00
  0.2160000E-01  0.1326324E+00
  0.2165000E-01  0.1321782E+00
  0.2170000E-01  0.1298245E+00
  0.2175000E-01  0.1299580E+00
  0.2180000E-01  0.1319394E+00
  0.2185000E-01  0.1327098E+00
  0.2190000E-01  0.1343782E+00
  0.2195000E-01  0.1363038E+00
  0.2200000E-01  0.1365891E+00
  0.2205000E-01  0.1386411E+00
  0.2210000E-01  0.1415830E+00
  0.2215000E-01  0.1439305E+00
  0.2220000E-01  0.1449867E+00
  0.2225000E-01  0.1458531E+00
  0.2230000E-01  0.1465307E+00
  0.2235000E-01  0.1467753E+00
  0.2240000E-01  0.1462588E+00
  0.2245000E-01  0.1446868E+00
  0.2250000E-01  0.1436224E+00
  0.2255000E-01  0.1422025E+00
  0.2260000E-01  0.1404278E+00
  0.2265000E-01  0.1376056E+00
  0.2270000E-01  0.1358883E+00
  0.2275000E-01  0.1354887E+00
  0.2280000E-01  0.1322286E+00
  0.2285000E-01  0.1306647E+00
  0.2290000E-01  0.1296431E+00
  0.2295000E-01  0.1287283E+00
  0.2300000E-01  0.1277671E+00
  0.2305000E-01  0.1266639E+00
  0.2310000E-01  0.1247778E+00
  0.2315000E-01  0.1234038E+00
  0.2320000E-01  0.1247881E+00
  0.2325000E-01  0.1264447E+00
  0.2330000E-01  0.1274809E+00
  0.2335000E-01  0.1278207E+00
  0.2340000E-01  0.1289864E+00
  0.2345000E-01  0.1299607E+00
  0.2350000E-01  0.1294574E+00
  0.2355000E-01  0.1313837E+00
  0.2360000E-01  0.1344799E+00
  0.2365000E-01  0.1373448E+00
  0.2370000E-01  0.1383039E+00
  0.2375000E-01  0.1347556E+00
  0.2380000E-01  0.1301309E+00
  0.2385000E-01  0.1254104E+00
  0.2390000E-01  0.1220407E+00
  0.2395000E-01  0.1218187E+00
  0.2400000E-01  0.1206764E+00
  0.2405000E-01  0.1202053E+00
  0.2410000E-01  0.1197415E+00
  0.2415000E-01  0.1188520E+00
  0.2420000E-01  0.1199638E+00
  0.2425000E-01  0.1225414E+00
  0.2430000E-01  0.1250781E+00
  0.2435000E-01  0.1247811E+00
  0.2440000E-01  0.1235193E+00
  0.2445000E-01  0.1218028E+00
  0.2450000E-01  0.1220735E+00
  0.2455000E-01  0.1234389E+00
  0.2460000E-01  0.1227459E+00
  0.2465000E-01  0.1219073E+00
  0.2470000E-01  0.1215971E+00
  0.2475000E-01  0.1205289E+00
  0.2480000E-01  0.1183346E+00
  0.2485000E-01  0.1180514E+00
  0.2490000E-01  0.1196019E+00
  0.2495000E-01  0.1214334E+00
  0.2500000E-01  0.1229727E+00
  0.2505000E-01  0.1233851E+00
  0.2510000E-01  0.1224883E+00
  0.2515000E-01  0.1202758E+00
  0.2520000E-01  0.1187689E+00
  0.2525000E-01  0.1188845E+00
  0.2530000E-01  0.1206096E+00
  0.2535000E-01  0.1204597E+00
  0.2540000E-01  0.1202163E+00
  0.2545000E-01  0.1207984E+00
  0.2550000E-01  0.1211354E+00
  0.2555000E-01  0.1209339E+00
  0.2560000E-01  0.1197280E+00
  0.2565000E-01  0.1189902E+00
  0.2570000E-01  0.1189036E+00
  0.2575000E-01  0.1192096E+00
  0.2580000E-01  0.1196510E+00
  0.2585000E-01  0.1213039E+00
  0.2590000E-01  0.1223682E+00
  0.2595000E-01  0.1219827E+00
  0.2600000E-01  0.1210851E+00
  0.2605000E-01  0.1184385E+00
  0.2610000E-01  0.1168393E+00
  0.2615000E-01  0.1158565E+00
  0.2620000E-01  0.1153844E+00
  0.2625000E-01  0.1157570E+00
  0.2630000E-01  0.1170434E+00
  0.2635000E-01  0.1181384E+00
  0.2640000E-01  0.1181944E+00
  0.2645000E-01  0.1174961E+00
  0.2650000E-01  0.1181513E+00
  0.2655000E-01  0.1206654E+00
  0.2660000E-01  0.1206571E+00
  0.2665000E-01  0.1172449E+00
  0.2670000E-01  0.1149795E+00
  0.2675000E-01  0.1149935E+00
  0.2680000E-01  0.1127120E+00
  0.2685000E-01  0.1120083E+00
  0.2690000E-01  0.1122169E+00
  0.2695000E-01  0.1140746E+00
  0.2700000E-01  0.1143157E+00
  0.2705000E-01  0.1156989E+00
  0.2710000E-01  0.1164159E+00
  0.2715000E-01  0.1160732E+00
  0.2720000E-01  0.1157522E+00
  0.2725000E-01  0.1170173E+00
  0.2730000E-01  0.1168903E+00
  0.2735000E-01  0.1166606E+00
  0.2740000E-01  0.1167850E+00
  0.2745000E-01  0.1153989E+00
  0.2750000E-01  0.1148902E+00
  0.2755000E-01  0.1130743E+00
  0.2760000E-01  0.1098009E+00
  0.2765000E-01  0.1096509E+00
  0.2770000E-01  0.1088248E+00
  0.2775000E-01  0.1083979E+00
  0.2780000E-01  0.1075019E+00
  0.2785000E-01  0.1057973E+00
  0.2790000E-01  0.1045907E+00
  0.2795000E-01  0.1055458E+00
  0.2800000E-01  0.1073080E+00
  0.2805000E-01  0.1086952E+00
  0.2810000E-01  0.1102646E+00
  0.2815000E-01  0.1131978E+00
  0.2820000E-01  0.1169546E+00
  0.2825000E-01  0.1177517E+00
  0.2830000E-01  0.1166158E+00
  0.2835000E-01  0.1158003E+00
  0.2840000E-01  0.1161821E+00
  0.2845000E-01  0.1163435E+00
  0.2850000E-01  0.1169362E+00
  0.2855000E-01  0.1179527E+00
  0.2860000E-01  0.1187463E+00
  0.2865000E-01  0.1193111E+00
  0.2870000E-01  0.1212926E+00
  0.2875000E-01  0.1225374E+00
  0.2880000E-01  0.1253046E+00
  0.2885000E-01  0.1269929E+00
  0.2890000E-01  0.1274879E+00
  0.2895000E-01  0.1260065E+00
  0.2900000E-01  0.1264151E+00
  0.2905000E-01  0.1269398E+00
  0.2910000E-01  0.1256726E+00
  0.2915000E-01  0.1246797E+00
  0.2920000E-01  0.1254955E+00
  0.2925000E-01  0.1248109E+00
  0.2930000E-01  0.1234113E+00
  0.2935000E-01  0.1219989E+00
  0.2940000E-01  0.1229187E+00
  0.2945000E-01  0.1246771E+00
  0.2950000E-01  0.1256850E+00
  0.2955000E-01  0.1254194E+00
  0.2960000E-01  0.1225066E+00
  0.2965000E-01  0.1200343E+00
  0.2970000E-01  0.1191014E+00
  0.2975000E-01  0.1173252E+00
  0.2980000E-01  0.1154497E+00
  0.2985000E-01  0.1144334E+00
  0.2990000E-01  0.1152091E+00
  0.2995000E-01  0.1159487E+00
  0.3000000E-01  0.1170311E+00
  0.3005000E-01  0.1182233E+00
  0.3010000E-01  0.1180340E+00
  0.3015000E-01  0.1165037E+00
  0.3020000E-01  0.1161593E+00
  0.3025000E-01  0.1152518E+00
  0.3030000E-01  0.1157681E+00
  0.3035000E-01  0.1165780E+00
  0.3040000E-01  0.1174156E+00
  0.3045000E-01  0.1150348E+00
  0.3050000E-01  0.1135729E+00
  0.3055000E-01  0.1131430E+00
  0.3060000E-01  0.1147561E+00
  0.3065000E-01  0.1173864E+00
  0.3070000E-01  0.1193024E+00
  0.3075000E-01  0.1191380E+00
  0.3080000E-01  0.1196482E+00
  0.3085000E-01  0.1202654E+00
  0.3090000E-01  0.1198020E+00
  0.3095000E-01  0.1187612E+00
  0.3100000E-01  0.1172625E+00
  0.3105000E-01  0.1164458E+00
  0.3110000E-01  0.1170971E+00
  0.3115000E-01  0.1175577E+00
  0.3120000E-01  0.1158238E+00
  0.3125000E-01  0.1132775E+00
  0.3130000E-01  0.1111258E+00
  0.3135000E-01  0.1095388E+00
  0.3140000E-01  0.1095585E+00
  0.3145000E-01  0.1089914E+00
  0.3150000E-01  0.1082836E+00
  0.3155000E-01  0.1070646E+00
  0.3160000E-01  0.1059981E+00
  0.3165000E-01  0.1047551E+00
  0.3170000E-01  0.1023317E+00
  0.3175000E-01  0.9912222E-01
  0.3180000E-01  0.9722354E-01
  0.3185000E-01  0.9734500E-01
  0.3190000E-01  0.9784279E-01
  0.3195000E-01  0.9813781E-01
  0.3200000E-01  0.9942930E-01
  0.3205000E-01  0.1014621E+00
  0.3210000E-01  0.1034097E+00
  0.3215000E-01  0.1031602E+00
  0.3220000E-01  0.1013633E+00
  0.3225000E-01  0.1006683E+00
  0.3230000E-01  0.1008515E+00
  0.3235000E-01  0.1019185E+00
  0.3240000E-01  0.1035921E+00
  0.3245000E-01  0.1045933E+00
  0.3250000E-01  0.1062697E+00
  0.3255000E-01  0.1080118E+00
  0.3260000E-01  0.1086726E+00
  0.3265000E-01  0.1093259E+00
  0.3270000E-01  0.1088399E+00
  0.3275000E-01  0.1071576E+00
  0.3280000E-01  0.1055993E+00
  0.3285000E-01  0.1038440E+00
  0.3290000E-01  0.1020342E+00
  0.3295000E-01  0.9931280E-01
  0.3300000E-01  0.9780424E-01
  0.3305000E-01  0.9599493E-01
  0.3310000E-01  0.9458609E-01
  0.3315000E-01  0.9420237E-01
  0.3320000E-01  0.9376132E-01
  0.3325000E-01  0.9366581E-01
  0.3330000E-01  0.9403582E-01
  0.3335000E-01  0.9510602E-01
  0.3340000E-01  0.9590471E-01
  0.3345000E-01  0.9577313E-01
  0.3350000E-01  0.9556136E-01
  0.3355000E-01  0.9447660E-01
  0.3360000E-01  0.9290837E-01
  0.3365000E-01  0.9294378E-01
  0.3370000E-01  0.9454478E-01
  0.3375000E-01  0.9535887E-01
  0.3380000E-01  0.9462199E-01
  0.3385000E-01  0.9502755E-01
  0.3390000E-01  0.9618653E-01
  0.3395000E-01  0.9635731E-01
  0.3400000E-01  0.9605111E-01
  0.3405000E-01  0.9613960E-01
  0.3410000E-01  0.9662047E-01
  0.3415000E-01  0.9773854E-01
  0.3420000E-01  0.9893028E-01
  0.3425000E-01  0.9983127E-01
  0.3430000E-01  0.1011019E+00
  0.3435000E-01  0.1032790E+00
  0.3440000E-01  0.1055023E+00
  0.3445000E-01  0.1072099E+00
  0.3450000E-01  0.1090397E+00
  0.3455000E-01  0.1120679E+00
  0.3460000E-01  0.1147947E+00
  0.3465000E-01  0.1156603E+00
  0.3470000E-01  0.1148007E+00
  0.3475000E-01  0.1130374E+00
  0.3480000E-01  0.1125713E+00
  0.3485000E-01  0.1116022E+00
  0.3490000E-01  0.1105873E+00
  0.3495000E-01  0.1105268E+00
  0.3500000E-01  0.1094317E+00
  0.3505000E-01  0.1084660E+00
  0.3510000E-01  0.1084679E+00
  0.3515000E-01  0.1085303E+00
  0.3520000E-01  0.1084001E+00
  0.3525000E-01  0.1088055E+00
  0.3530000E-01  0.1090026E+00
  0.3535000E-01  0.1092412E+00
  0.3540000E-01  0.1098267E+00
  0.3545000E-01  0.1115097E+00
  0.3550000E-01  0.1131813E+00
  0.3555000E-01  0.1148264E+00
  0.3560000E-01  0.1165170E+00
  0.3565000E-01  0.1184474E+00
  0.3570000E-01  0.1202486E+00
  0.3575000E-01  0.1210322E+00
  0.3580000E-01  0.1206093E+00
  0.3585000E-01  0.1199573E+00
  0.3590000E-01  0.1186642E+00
  0.3595000E-01  0.1164877E+00
  0.3600000E-01  0.1129610E+00
  0.3605000E-01  0.1105946E+00
  0.3610000E-01  0.1108886E+00
  0.3615000E-01  0.1114291E+00
  0.3620000E-01  0.1113487E+00
  0.3625000E-01  0.1117091E+00
  0.3630000E-01  0.1127863E+00
  0.3635000E-01  0.1127044E+00
  0.3640000E-01  0.1115143E+00
  0.3645000E-01  0.1106074E+00
  0.3650000E-01  0.1096238E+00
  0.3655000E-01  0.1080830E+00
  0.3660000E-01  0.1071211E+00
  0.3665000E-01  0.1074270E+00
  0.3670000E-01  0.1077965E+00
  0.3675000E-01  0.1080040E+00
  0.3680000E-01  0.1067375E+00
  0.3685000E-01  0.1061198E+00
  0.3690000E-01  0.1069371E+00
  0.3695000E-01  0.1083616E+00
  0.3700000E-01  0.1097838E+00
  0.3705000E-01  0.1108768E+00
  0.3710000E-01  0.1101242E+00
  0.3715000E-01  0.1083037E+00
  0.3720000E-01  0.1071766E+00
  0.3725000E-01  0.1092290E+00
  0.3730000E-01  0.1123576E+00
  0.3735000E-01  0.1143508E+00
  0.3740000E-01  0.1160100E+00
  0.3745000E-01  0.1159008E+00
  0.3750000E-01  0.1144504E+00
  0.3755000E-01  0.1135477E+00
  0.3760000E-01  0.1130030E+00
  0.3765000E-01  0.1129272E+00
  0.3770000E-01  0.1118030E+00
  0.3775000E-01  0.1106199E+00
  0.3780000E-01  0.1108202E+00
  0.3785000E-01  0.1109142E+00
  0.3790000E-01  0.1112113E+00
  0.3795000E-01  0.1112218E+00
  0.3800000E-01  0.1118763E+00
  0.3805000E-01  0.1141616E+00
  0.3810000E-01  0.1161384E+00
  0.3815000E-01  0.1168058E+00
  0.3820000E-01  0.1168236E+00
  0.3825000E-01  0.1158929E+00
  0.3830000E-01  0.1149260E+00
  0.3835000E-01  0.1141912E+00
  0.3840000E-01  0.1152858E+00
  0.3845000E-01  0.1166415E+00
  0.3850000E-01  0.1173444E+00
  0.3855000E-01  0.1163918E+00
  0.3860000E-01  0.1151064E+00
  0.3865000E-01  0.1148391E+00
  0.3870000E-01  0.1159017E+00
  0.3875000E-01  0.1171581E+00
  0.3880000E-01  0.1184968E+00
  0.3885000E-01  0.1196998E+00
  0.3890000E-01  0.1201739E+00
  0.3895000E-01  0.1209152E+00
  0.3900000E-01  0.1211192E+00
  0.3905000E-01  0.1205573E+00
  0.3910000E-01  0.1204525E+00
  0.3915000E-01  0.1213071E+00
  0.3920000E-01  0.1214814E+00
  0.3925000E-01  0.1200119E+00
  0.3930000E-01  0.1173208E+00
  0.3935000E-01  0.1148838E+00
  0.3940000E-01  0.1123855E+00
  0.3945000E-01  0.1109588E+00
  0.3950000E-01  0.1106026E+00
  0.3955000E-01  0.1098335E+00
  0.3960000E-01  0.1083224E+00
  0.3965000E-01  0.1085695E+00
  0.3970000E-01  0.1094138E+00
  0.3975000E-01  0.1099159E+00
  0.3980000E-01  0.1098767E+00
  0.3985000E-01  0.1099369E+00
  0.3990000E-01  0.1107834E+00
  0.3995000E-01  0.1127368E+00
  0.4000000E-01  0.1145752E+00
  0.4005000E-01  0.1162596E+00
  0.4010000E-01  0.1175890E+00
  0.4015000E-01  0.1192373E+00
  0.4020000E-01  0.1206907E+00
  0.4025000E-01  0.1214322E+00
  0.4030000E-01  0.1214100E+00
  0.4035000E-01  0.1207859E+00
  0.4040000E-01  0.1191257E+00
  0.4045000E-01  0.1172669E+00
  0.4050000E-01  0.1166450E+00
  0.4055000E-01  0.1165883E+00
  0.4060000E-01  0.1160955E+00
  0.4065000E-01  0.1173014E+00
  0.4070000E-01  0.1193524E+00
  0.4075000E-01  0.1196553E+00
  0.4080000E-01  0.1192561E+00
  0.4085000E-01  0.1177864E+00
  0.4090000E-01  0.1162400E+00
  0.4095000E-01  0.1154337E+00
  0.4100000E-01  0.1154869E+00
  0.4105000E-01  0.1149211E+00
  0.4110000E-01  0.1141488E+00
  0.4115000E-01  0.1139016E+00
  0.4120000E-01  0.1137500E+00
  0.4125000E-01  0.1136488E+00
  0.4130000E-01  0.1142090E+00
  0.4135000E-01  0.1146875E+00
  0.4140000E-01  0.1155109E+00
  0.4145000E-01  0.1160345E+00
  0.4150000E-01  0.1154278E+00
  0.4155000E-01  0.1140436E+00
  0.4160000E-01  0.1125101E+00
  0.4165000E-01  0.1110178E+00
  0.4170000E-01  0.1095456E+00
  0.4175000E-01  0.1092574E+00
  0.4180000E-01  0.1090996E+00
  0.4185000E-01  0.1087025E+00
  0.4190000E-01  0.1081948E+00
  0.4195000E-01  0.1079735E+00
  0.4200000E-01  0.1075399E+00
  0.4205000E-01  0.1076262E+00
  0.4210000E-01  0.1082925E+00
  0.4215000E-01  0.1094049E+00
  0.4220000E-01  0.1106177E+00
  0.4225000E-01  0.1103659E+00
  0.4230000E-01  0.1096736E+00
  0.4235000E-01  0.1098009E+00
  0.4240000E-01  0.1107405E+00
  0.4245000E-01  0.1122894E+00
  0.4250000E-01  0.1136863E+00
  0.4255000E-01  0.1145740E+00
  0.4260000E-01  0.1149219E+00
  0.4265000E-01  0.1156076E+00
  0.4270000E-01  0.1163384E+00
  0.4275000E-01  0.1169633E+00
  0.4280000E-01  0.1168489E+00
  0.4285000E-01  0.1168515E+00
  0.4290000E-01  0.1171030E+00
  0.4295000E-01  0.1160408E+00
  0.4300000E-01  0.1149104E+00
  0.4305000E-01  0.1144122E+00
  0.4310000E-01  0.1145353E+00
  0.4315000E-01  0.1146288E+00
  0.4320000E-01  0.1145676E+00
  0.4325000E-01  0.1143252E+00
  0.4330000E-01  0.1127611E+00
  0.4335000E-01  0.1114334E+00
  0.4340000E-01  0.1109891E+00
  0.4345000E-01  0.1107231E+00
  0.4350000E-01  0.1100881E+00
  0.4355000E-01  0.1091365E+00
  0.4360000E-01  0.1075970E+00
  0.4365000E-01  0.1065441E+00
  0.4370000E-01  0.1065240E+00
  0.4375000E-01  0.1067828E+00
  0.4380000E-01  0.1072972E+00
  0.4385000E-01  0.1083176E+00
  0.4390000E-01  0.1096460E+00
  0.4395000E-01  0.1108168E+00
  0.4400000E-01  0.1117941E+00
  0.4405000E-01  0.1129485E+00
  0.4410000E-01  0.1142186E+00
  0.4415000E-01  0.1156724E+00
  0.4420000E-01  0.1174283E+00
  0.4425000E-01  0.1188974E+00
  0.4430000E-01  0.1192360E+00
  0.4435000E-01  0.1183896E+00
  0.4440000E-01  0.1175967E+00
  0.4445000E-01  0.1176985E+00
  0.4450000E-01  0.1181368E+00
  0.4455000E-01  0.1189324E+00
  0.4460000E-01  0.1193205E+00
  0.4465000E-01  0.1195776E+00
  0.4470000E-01  0.1208918E+00
  0.4475000E-01  0.1191938E+00
  0.4480000E-01  0.1174895E+00
  0.4485000E-01  0.1162590E+00
  0.4490000E-01  0.1164160E+00
  0.4495000E-01  0.1168773E+00
  0.4500000E-01  0.1167487E+00
  0.4505000E-01  0.1170635E+00
  0.4510000E-01  0.1178270E+00
  0.4515000E-01  0.1184350E+00
  0.4520000E-01  0.1187274E+00
  0.4525000E-01  0.1194965E+00
  0.4530000E-01  0.1209474E+00
  0.4535000E-01  0.1228776E+00
  0.4540000E-01  0.1240709E+00
  0.4545000E-01  0.1249305E+00
  0.4550000E-01  0.1243052E+00
  0.4555000E-01  0.1229517E+00
  0.4560000E-01  0.1218445E+00
  0.4565000E-01  0.1213203E+00
  0.4570000E-01  0.1200992E+00
  0.4575000E-01  0.1190980E+00
  0.4580000E-01  0.1187826E+00
  0.4585000E-01  0.1180269E+00
  0.4590000E-01  0.1170644E+00
  0.4595000E-01  0.1162646E+00
  0.4600000E-01  0.1161679E+00
  0.4605000E-01  0.1167800E+00
  0.4610000E-01  0.1177492E+00
  0.4615000E-01  0.1192155E+00
  0.4620000E-01  0.1202626E+00
  0.4625000E-01  0.1203014E+00
  0.4630000E-01  0.1207150E+00
  0.4635000E-01  0.1215958E+00
  0.4640000E-01  0.1220248E+00
  0.4645000E-01  0.1213667E+00
  0.4650000E-01  0.1207563E+00
  0.4655000E-01  0.1213195E+00
  0.4660000E-01  0.1210048E+00
  0.4665000E-01  0.1200419E+00
  0.4670000E-01  0.1193600E+00
  0.4675000E-01  0.1194917E+00
  0.4680000E-01  0.1209218E+00
  0.4685000E-01  0.1224814E+00
  0.4690000E-01  0.1224227E+00
  0.4695000E-01  0.1213645E+00
  0.4700000E-01  0.1214537E+00
  0.4705000E-01  0.1216737E+00
  0.4710000E-01  0.1220791E+00
  0.4715000E-01  0.1219405E+00
  0.4720000E-01  0.1209707E+00
  0.4725000E-01  0.1198193E+00
  0.4730000E-01  0.1194784E+00
  0.4735000E-01  0.1199956E+00
  0.4740000E-01  0.1208263E+00
  0.4745000E-01  0.1222845E+00
  0.4750000E-01  0.1231381E+00
  0.4755000E-01  0.1233173E+00
  0.4760000E-01  0.1232433E+00
  0.4765000E-01  0.1235816E+00
  0.4770000E-01  0.1247622E+00
  0.4775000E-01  0.1261270E+00
  0.4780000E-01  0.1272301E+00
  0.4785000E-01  0.1272403E+00
  0.4790000E-01  0.1257428E+00
  0.4795000E-01  0.1238927E+00
  0.4800000E-01  0.1220127E+00
  0.4805000E-01  0.1202651E+00
  0.4810000E-01  0.1196729E+00
  0.4815000E-01  0.1201578E+00
  0.4820000E-01  0.1201596E+00
  0.4825000E-01  0.1196767E+00
  0.4830000E-01  0.1190204E+00
  0.4835000E-01  0.1191456E+00
  0.4840000E-01  0.1193834E+00
  0.4845000E-01  0.1192597E+00
  0.4850000E-01  0.1195268E+00
  0.4855000E-01  0.1198483E+00
  0.4860000E-01  0.1200695E+00
  0.4865000E-01  0.1193840E+00
  0.4870000E-01  0.1178631E+00
  0.4875000E-01  0.1170846E+00
  0.4880000E-01  0.1171632E+00
  0.4885000E-01  0.1172652E+00
  0.4890000E-01  0.1180674E+00
  0.4895000E-01  0.1193827E+00
  0.4900000E-01  0.1199795E+00
  0.4905000E-01  0.1199391E+00
  0.4910000E-01  0.1199855E+00
  0.4915000E-01  0.1197061E+00
  0.4920000E-01  0.1186143E+00
  0.4925000E-01  0.1194087E+00
  0.4930000E-01  0.1203370E+00
  0.4935000E-01  0.1216484E+00
  0.4940000E-01  0.1219470E+00
  0.4945000E-01  0.1206335E+00
  0.4950000E-01  0.1193492E+00
  0.4955000E-01  0.1192689E+00
  0.4960000E-01  0.1189428E+00
  0.4965000E-01  0.1193825E+00
  0.4970000E-01  0.1198027E+00
  0.4975000E-01  0.1197131E+00
  0.4980000E-01  0.1200955E+00
  0.4985000E-01  0.1185180E+00
  0.4990000E-01  0.1171691E+00
  0.4995000E-01  0.1166277E+00
  0.5000000E-01  0.1173684E+00
  0.5005000E-01  0.1186352E+00
  0.5010000E-01  0.1192337E+00
  0.5015000E-01  0.1196746E+00
  0.5020000E-01  0.1191350E+00
  0.5025000E-01  0.1183081E+00
  0.5030000E-01  0.1178568E+00
  0.5035000E-01  0.1176327E+00
  0.5040000E-01  0.1173804E+00
  0.5045000E-01  0.1177445E+00
  0.5050000E-01  0.1180890E+00
  0.5055000E-01  0.1184193E+00
  0.5060000E-01  0.1184712E+00
  0.5065000E-01  0.1183488E+00
  0.5070000E-01  0.1181386E+00
  0.5075000E-01  0.1175984E+00
  0.5080000E-01  0.1171273E+00
  0.5085000E-01  0.1173902E+00
  0.5090000E-01  0.1179966E+00
  0.5095000E-01  0.1183838E+00
  0.5100000E-01  0.1185245E+00
  0.5105000E-01  0.1192820E+00
  0.5110000E-01  0.1202615E+00
  0.5115000E-01  0.1217853E+00
  0.5120000E-01  0.1235034E+00
  0.5125000E-01  0.1234339E+00
  0.5130000E-01  0.1217506E+00
  0.5135000E-01  0.1207813E+00
  0.5140000E-01  0.1202688E+00
  0.5145000E-01  0.1204008E+00
  0.5150000E-01  0.1205969E+00
  0.5155000E-01  0.1203857E+00
  0.5160000E-01  0.1204303E+00
  0.5165000E-01  0.1202173E+00
  0.5170000E-01  0.1200753E+00
  0.5175000E-01  0.1202395E+00
  0.5180000E-01  0.1199490E+00
  0.5185000E-01  0.1190651E+00
  0.5190000E-01  0.1178246E+00
  0.5195000E-01  0.1168243E+00
  0.5200000E-01  0.1167242E+00
  0.5205000E-01  0.1171171E+00
  0.5210000E-01  0.1169288E+00
  0.5215000E-01  0.1170876E+00
  0.5220000E-01  0.1178556E+00
  0.5225000E-01  0.1177350E+00
  0.5230000E-01  0.1167129E+00
  0.5235000E-01  0.1161058E+00
  0.5240000E-01  0.1160458E+00
  0.5245000E-01  0.1155097E+00
  0.5250000E-01  0.1142401E+00
  0.5255000E-01  0.1132108E+00
  0.5260000E-01  0.1134522E+00
  0.5265000E-01  0.1141200E+00
  0.5270000E-01  0.1152554E+00
  0.5275000E-01  0.1160210E+00
  0.5280000E-01  0.1168585E+00
  0.5285000E-01  0.1182300E+00
  0.5290000E-01  0.1198567E+00
  0.5295000E-01  0.1193558E+00
  0.5300000E-01  0.1190008E+00
  0.5305000E-01  0.1187913E+00
  0.5310000E-01  0.1177133E+00
  0.5315000E-01  0.1160484E+00
  0.5320000E-01  0.1150199E+00
  0.5325000E-01  0.1147447E+00
  0.5330000E-01  0.1149820E+00
  0.5335000E-01  0.1156724E+00
  0.5340000E-01  0.1166220E+00
  0.5345000E-01  0.1169001E+00
  0.5350000E-01  0.1183728E+00
  0.5355000E-01  0.1201994E+00
  0.5360000E-01  0.1216504E+00
  0.5365000E-01  0.1226580E+00
  0.5370000E-01  0.1231358E+00
  0.5375000E-01  0.1228338E+00
  0.5380000E-01  0.1215026E+00
  0.5385000E-01  0.1198984E+00
  0.5390000E-01  0.1182514E+00
  0.5395000E-01  0.1167852E+00
  0.5400000E-01  0.1164020E+00
  0.5405000E-01  0.1174927E+00
  0.5410000E-01  0.1187982E+00
  0.5415000E-01  0.1188648E+00
  0.5420000E-01  0.1192710E+00
  0.5425000E-01  0.1198979E+00
  0.5430000E-01  0.1206309E+00
  0.5435000E-01  0.1206412E+00
  0.5440000E-01  0.1208521E+00
  0.5445000E-01  0.1200589E+00
  0.5450000E-01  0.1184998E+00
  0.5455000E-01  0.1169202E+00
  0.5460000E-01  0.1153330E+00
  0.5465000E-01  0.1154632E+00
  0.5470000E-01  0.1160328E+00
  0.5475000E-01  0.1156866E+00
  0.5480000E-01  0.1141620E+00
  0.5485000E-01  0.1119908E+00
  0.5490000E-01  0.1091797E+00
  0.5495000E-01  0.1070277E+00
  0.5500000E-01  0.1061093E+00
  0.5505000E-01  0.1068197E+00
  0.5510000E-01  0.1085144E+00
  0.5515000E-01  0.1097413E+00
  0.5520000E-01  0.1104015E+00
  0.5525000E-01  0.1103090E+00
  0.5530000E-01  0.1106832E+00
  0.5535000E-01  0.1113250E+00
  0.5540000E-01  0.1116483E+00
  0.5545000E-01  0.1118490E+00
  0.5550000E-01  0.1127100E+00
  0.5555000E-01  0.1132164E+00
  0.5560000E-01  0.1132820E+00
  0.5565000E-01  0.1136388E+00
  0.5570000E-01  0.1143036E+00
  0.5575000E-01  0.1156895E+00
  0.5580000E-01  0.1164665E+00
  0.5585000E-01  0.1173051E+00
  0.5590000E-01  0.1180620E+00
  0.5595000E-01  0.1184337E+00
  0.5600000E-01  0.1184572E+00
  0.5605000E-01  0.1178608E+00
  0.5610000E-01  0.1174637E+00
  0.5615000E-01  0.1174965E+00
  0.5620000E-01  0.1172911E+00
  0.5625000E-01  0.1169770E+00
  0.5630000E-01  0.1170584E+00
  0.5635000E-01  0.1165493E+00
  0.5640000E-01  0.1161695E+00
  0.5645000E-01  0.1153410E+00
  0.5650000E-01  0.1137594E+00
  0.5655000E-01  0.1113897E+00
  0.5660000E-01  0.1092078E+00
  0.5665000E-01  0.1080177E+00
  0.5670000E-01  0.1081523E+00
  0.5675000E-01  0.1089074E+00
  0.5680000E-01  0.1093979E+00
  0.5685000E-01  0.1101798E+00
  0.5690000E-01  0.1113873E+00
  0.5695000E-01  0.1119002E+00
  0.5700000E-01  0.1109345E+00
  0.5705000E-01  0.1100638E+00
  0.5710000E-01  0.1102720E+00
  0.5715000E-01  0.1109666E+00
  0.5720000E-01  0.1122299E+00
  0.5725000E-01  0.1138514E+00
  0.5730000E-01  0.1149563E+00
  0.5735000E-01  0.1152498E+00
  0.5740000E-01  0.1153578E+00
  0.5745000E-01  0.1148994E+00
  0.5750000E-01  0.1142698E+00
  0.5755000E-01  0.1139870E+00
  0.5760000E-01  0.1140233E+00
  0.5765000E-01  0.1142146E+00
  0.5770000E-01  0.1142585E+00
  0.5775000E-01  0.1145363E+00
  0.5780000E-01  0.1149233E+00
  0.5785000E-01  0.1153873E+00
  0.5790000E-01  0.1153222E+00
  0.5795000E-01  0.1144706E+00
  0.5800000E-01  0.1133919E+00
  0.5805000E-01  0.1124102E+00
  0.5810000E-01  0.1122663E+00
  0.5815000E-01  0.1123883E+00
  0.5820000E-01  0.1116413E+00
  0.5825000E-01  0.1102073E+00
  0.5830000E-01  0.1082160E+00
  0.5835000E-01  0.1066081E+00
  0.5840000E-01  0.1060683E+00
  0.5845000E-01  0.1061089E+00
  0.5850000E-01  0.1064706E+00
  0.5855000E-01  0.1065896E+00
  0.5860000E-01  0.1065146E+00
  0.5865000E-01  0.1065193E+00
  0.5870000E-01  0.1069062E+00
  0.5875000E-01  0.1066351E+00
  0.5880000E-01  0.1071329E+00
  0.5885000E-01  0.1075069E+00
  0.5890000E-01  0.1078857E+00
  0.5895000E-01  0.1078436E+00
  0.5900000E-01  0.1074317E+00
  0.5905000E-01  0.1074110E+00
  0.5910000E-01  0.1075001E+00
  0.5915000E-01  0.1078893E+00
  0.5920000E-01  0.1084214E+00
  0.5925000E-01  0.1087129E+00
  0.5930000E-01  0.1083576E+00
  0.5935000E-01  0.1074112E+00
  0.5940000E-01  0.1067619E+00
  0.5945000E-01  0.1065586E+00
  0.5950000E-01  0.1067321E+00
  0.5955000E-01  0.1072405E+00
  0.5960000E-01  0.1069634E+00
  0.5965000E-01  0.1066883E+00
  0.5970000E-01  0.1068448E+00
  0.5975000E-01  0.1070748E+00
  0.5980000E-01  0.1069440E+00
  0.5985000E-01  0.1062444E+00
  0.5990000E-01  0.1058415E+00
  0.5995000E-01  0.1059154E+00
  0.6000000E-01  0.1059558E+00
  0.6005000E-01  0.1063698E+00
  0.6010000E-01  0.1077547E+00
  0.6015000E-01  0.1087325E+00
  0.6020000E-01  0.1094688E+00
  0.6025000E-01  0.1093082E+00
  0.6030000E-01  0.1085894E+00
  0.6035000E-01  0.1075756E+00
  0.6040000E-01  0.1074126E+00
  0.6045000E-01  0.1075370E+00
  0.6050000E-01  0.1077014E+00
  0.6055000E-01  0.1082006E+00
  0.6060000E-01  0.1074160E+00
  0.6065000E-01  0.1062030E+00
  0.6070000E-01  0.1059194E+00
  0.6075000E-01  0.1060222E+00
  0.6080000E-01  0.1067702E+00
  0.6085000E-01  0.1066938E+00
  0.6090000E-01  0.1059059E+00
  0.6095000E-01  0.1067020E+00
  0.6100000E-01  0.1085841E+00
  0.6105000E-01  0.1102837E+00
  0.6110000E-01  0.1107766E+00
  0.6115000E-01  0.1100717E+00
  0.6120000E-01  0.1087790E+00
  0.6125000E-01  0.1073362E+00
  0.6130000E-01  0.1061126E+00
  0.6135000E-01  0.1059168E+00
  0.6140000E-01  0.1068947E+00
  0.6145000E-01  0.1080713E+00
  0.6150000E-01  0.1100595E+00
  0.6155000E-01  0.1103965E+00
  0.6160000E-01  0.1102325E+00
  0.6165000E-01  0.1100232E+00
  0.6170000E-01  0.1097384E+00
  0.6175000E-01  0.1102105E+00
  0.6180000E-01  0.1109288E+00
  0.6185000E-01  0.1107127E+00
  0.6190000E-01  0.1099144E+00
  0.6195000E-01  0.1092388E+00
  0.6200000E-01  0.1094253E+00
  0.6205000E-01  0.1104444E+00
  0.6210000E-01  0.1116980E+00
  0.6215000E-01  0.1122112E+00
  0.6220000E-01  0.1121438E+00
  0.6225000E-01  0.1120895E+00
  0.6230000E-01  0.1133980E+00
  0.6235000E-01  0.1153292E+00
  0.6240000E-01  0.1161075E+00
  0.6245000E-01  0.1157593E+00
  0.6250000E-01  0.1148856E+00
  0.6255000E-01  0.1154225E+00
  0.6260000E-01  0.1164096E+00
  0.6265000E-01  0.1173583E+00
  0.6270000E-01  0.1181477E+00
  0.6275000E-01  0.1179342E+00
  0.6280000E-01  0.1156288E+00
  0.6285000E-01  0.1136871E+00
  0.6290000E-01  0.1131558E+00
  0.6295000E-01  0.1125777E+00
  0.6300000E-01  0.1110506E+00
  0.6305000E-01  0.1096469E+00
  0.6310000E-01  0.1082640E+00
  0.6315000E-01  0.1074504E+00
  0.6320000E-01  0.1071002E+00
  0.6325000E-01  0.1063275E+00
  0.6330000E-01  0.1059334E+00
  0.6335000E-01  0.1052860E+00
  0.6340000E-01  0.1045385E+00
  0.6345000E-01  0.1047143E+00
  0.6350000E-01  0.1048845E+00
  0.6355000E-01  0.1065786E+00
  0.6360000E-01  0.1105115E+00
  0.6365000E-01  0.1142151E+00
  0.6370000E-01  0.1175005E+00
  0.6375000E-01  0.1183701E+00
  0.6380000E-01  0.1176526E+00
  0.6385000E-01  0.1155107E+00
  0.6390000E-01  0.1142576E+00
  0.6395000E-01  0.1154226E+00
  0.6400000E-01  0.1168948E+00
  0.6405000E-01  0.1162674E+00
  0.6410000E-01  0.1143880E+00
  0.6415000E-01  0.1123173E+00
  0.6420000E-01  0.1108569E+00
  0.6425000E-01  0.1104179E+00
  0.6430000E-01  0.1110501E+00
  0.6435000E-01  0.1117014E+00
  0.6440000E-01  0.1124538E+00
  0.6445000E-01  0.1133500E+00
  0.6450000E-01  0.1134765E+00
  0.6455000E-01  0.1132657E+00
  0.6460000E-01  0.1127734E+00
  0.6465000E-01  0.1112232E+00
  0.6470000E-01  0.1092180E+00
  0.6475000E-01  0.1088919E+00
  0.6480000E-01  0.1095402E+00
  0.6485000E-01  0.1112162E+00
  0.6490000E-01  0.1130952E+00
  0.6495000E-01  0.1145461E+00
  0.6500000E-01  0.1155989E+00
  0.6505000E-01  0.1163026E+00
  0.6510000E-01  0.1163298E+00
  0.6515000E-01  0.1160337E+00
  0.6520000E-01  0.1162732E+00
  0.6525000E-01  0.1176273E+00
  0.6530000E-01  0.1189145E+00
  0.6535000E-01  0.1192801E+00
  0.6540000E-01  0.1195618E+00
  0.6545000E-01  0.1189181E+00
  0.6550000E-01  0.1178297E+00
  0.6555000E-01  0.1164961E+00
  0.6560000E-01  0.1157993E+00
  0.6565000E-01  0.1155164E+00
  0.6570000E-01  0.1145824E+00
  0.6575000E-01  0.1136688E+00
  0.6580000E-01  0.1125008E+00
  0.6585000E-01  0.1115449E+00
  0.6590000E-01  0.1112277E+00
  0.6595000E-01  0.1104673E+00
  0.6600000E-01  0.1085142E+00
  0.6605000E-01  0.1063492E+00
  0.6610000E-01  0.1050814E+00
  0.6615000E-01  0.1045015E+00
  0.6620000E-01  0.1039419E+00
  0.6625000E-01  0.1031222E+00
  0.6630000E-01  0.1029136E+00
  0.6635000E-01  0.1030679E+00
  0.6640000E-01  0.1026627E+00
  0.6645000E-01  0.1025727E+00
  0.6650000E-01  0.1030018E+00
  0.6655000E-01  0.1023156E+00
  0.6660000E-01  0.1017087E+00
  0.6665000E-01  0.1006825E+00
  0.6670000E-01  0.9868454E-01
  0.6675000E-01  0.9694178E-01
  0.6680000E-01  0.9734815E-01
  0.6685000E-01  0.9864169E-01
  0.6690000E-01  0.9911233E-01
  0.6695000E-01  0.9843953E-01
  0.6700000E-01  0.9806819E-01
  0.6705000E-01  0.9715782E-01
  0.6710000E-01  0.9623710E-01
  0.6715000E-01  0.9616674E-01
  0.6720000E-01  0.9736262E-01
  0.6725000E-01  0.9904990E-01
  0.6730000E-01  0.1005534E+00
  0.6735000E-01  0.1009073E+00
  0.6740000E-01  0.1003168E+00
  0.6745000E-01  0.9869154E-01
  0.6750000E-01  0.9751755E-01
  0.6755000E-01  0.9685845E-01
  0.6760000E-01  0.9679540E-01
  0.6765000E-01  0.9624333E-01
  0.6770000E-01  0.9518913E-01
  0.6775000E-01  0.9452398E-01
  0.6780000E-01  0.9517222E-01
  0.6785000E-01  0.9632790E-01
  0.6790000E-01  0.9754501E-01
  0.6795000E-01  0.9818129E-01
  0.6800000E-01  0.9961191E-01
  0.6805000E-01  0.1014871E+00
  0.6810000E-01  0.1015285E+00
  0.6815000E-01  0.9976225E-01
  0.6820000E-01  0.9891086E-01
  0.6825000E-01  0.9921456E-01
  0.6830000E-01  0.9829724E-01
  0.6835000E-01  0.9742805E-01
  0.6840000E-01  0.9705503E-01
  0.6845000E-01  0.9742674E-01
  0.6850000E-01  0.9807002E-01
  0.6855000E-01  0.9899147E-01
  0.6860000E-01  0.9945049E-01
  0.6865000E-01  0.1000496E+00
  0.6870000E-01  0.1011013E+00
  0.6875000E-01  0.1030860E+00
  0.6880000E-01  0.1048835E+00
  0.6885000E-01  0.1065572E+00
  0.6890000E-01  0.1070425E+00
  0.6895000E-01  0.1053208E+00
  0.6900000E-01  0.1036882E+00
  0.6905000E-01  0.1023022E+00
  0.6910000E-01  0.1013708E+00
  0.6915000E-01  0.1003707E+00
  0.6920000E-01  0.9900646E-01
  0.6925000E-01  0.9837123E-01
  0.6930000E-01  0.9896538E-01
  0.6935000E-01  0.9920712E-01
  0.6940000E-01  0.1001105E+00
  0.6945000E-01  0.1014225E+00
  0.6950000E-01  0.1011439E+00
  0.6955000E-01  0.1000939E+00
  0.6960000E-01  0.9964709E-01
  0.6965000E-01  0.9933299E-01
  0.6970000E-01  0.9968521E-01
  0.6975000E-01  0.1010425E+00
  0.6980000E-01  0.1024225E+00
  0.6985000E-01  0.1035719E+00
  0.6990000E-01  0.1041564E+00
  0.6995000E-01  0.1043057E+00
  0.7000000E-01  0.1062071E+00
  0.7005000E-01  0.1088883E+00
  0.7010000E-01  0.1117828E+00
  0.7015000E-01  0.1145253E+00
  0.7020000E-01  0.1163224E+00
  0.7025000E-01  0.1160419E+00
  0.7030000E-01  0.1149211E+00
  0.7035000E-01  0.1136107E+00
  0.7040000E-01  0.1127678E+00
  0.7045000E-01  0.1130934E+00
  0.7050000E-01  0.1132351E+00
  0.7055000E-01  0.1134790E+00
  0.7060000E-01  0.1129057E+00
  0.7065000E-01  0.1126995E+00
  0.7070000E-01  0.1136633E+00
  0.7075000E-01  0.1155359E+00
  0.7080000E-01  0.1178036E+00
  0.7085000E-01  0.1200723E+00
  0.7090000E-01  0.1228434E+00
  0.7095000E-01  0.1253110E+00
  0.7100000E-01  0.1266215E+00
  0.7105000E-01  0.1264335E+00
  0.7110000E-01  0.1253135E+00
  0.7115000E-01  0.1240239E+00
  0.7120000E-01  0.1214864E+00
  0.7125000E-01  0.1192517E+00
  0.7130000E-01  0.1181255E+00
  0.7135000E-01  0.1174340E+00
  0.7140000E-01  0.1174375E+00
  0.7145000E-01  0.1191931E+00
  0.7150000E-01  0.1205228E+00
  0.7155000E-01  0.1212680E+00
  0.7160000E-01  0.1217228E+00
  0.7165000E-01  0.1201270E+00
  0.7170000E-01  0.1174812E+00
  0.7175000E-01  0.1154892E+00
  0.7180000E-01  0.1131863E+00
  0.7185000E-01  0.1126288E+00
  0.7190000E-01  0.1128532E+00
  0.7195000E-01  0.1136588E+00
  0.7200000E-01  0.1136517E+00
  0.7205000E-01  0.1138265E+00
  0.7210000E-01  0.1146643E+00
  0.7215000E-01  0.1131639E+00
  0.7220000E-01  0.1126477E+00
  0.7225000E-01  0.1116136E+00
  0.7230000E-01  0.1096561E+00
  0.7235000E-01  0.1105261E+00
  0.7240000E-01  0.1131893E+00
  0.7245000E-01  0.1163213E+00
  0.7250000E-01  0.1195312E+00
  0.7255000E-01  0.1221320E+00
  0.7260000E-01  0.1240022E+00
  0.7265000E-01  0.1231515E+00
  0.7270000E-01  0.1208970E+00
  0.7275000E-01  0.1202164E+00
  0.7280000E-01  0.1186172E+00
  0.7285000E-01  0.1177835E+00
  0.7290000E-01  0.1178108E+00
  0.7295000E-01  0.1187145E+00
  0.7300000E-01  0.1194421E+00
  0.7305000E-01  0.1206640E+00
  0.7310000E-01  0.1220114E+00
  0.7315000E-01  0.1222539E+00
  0.7320000E-01  0.1198329E+00
  0.7325000E-01  0.1163487E+00
  0.7330000E-01  0.1133047E+00
  0.7335000E-01  0.1120257E+00
  0.7340000E-01  0.1115249E+00
  0.7345000E-01  0.1117922E+00
  0.7350000E-01  0.1126569E+00
  0.7355000E-01  0.1142019E+00
  0.7360000E-01  0.1152185E+00
  0.7365000E-01  0.1150397E+00
  0.7370000E-01  0.1143104E+00
  0.7375000E-01  0.1146407E+00
  0.7380000E-01  0.1161469E+00
  0.7385000E-01  0.1180450E+00
  0.7390000E-01  0.1183030E+00
  0.7395000E-01  0.1171700E+00
  0.7400000E-01  0.1170779E+00
  0.7405000E-01  0.1174593E+00
  0.7410000E-01  0.1194682E+00
  0.7415000E-01  0.1203592E+00
  0.7420000E-01  0.1213949E+00
  0.7425000E-01  0.1225225E+00
  0.7430000E-01  0.1229095E+00
  0.7435000E-01  0.1223853E+00
  0.7440000E-01  0.1216633E+00
  0.7445000E-01  0.1213231E+00
  0.7450000E-01  0.1215006E+00
  0.7455000E-01  0.1229182E+00
  0.7460000E-01  0.1264037E+00
  0.7465000E-01  0.1279996E+00
  0.7470000E-01  0.1275281E+00
  0.7475000E-01  0.1271613E+00
  0.7480000E-01  0.1245498E+00
  0.7485000E-01  0.1232031E+00
  0.7490000E-01  0.1233006E+00
  0.7495000E-01  0.1219121E+00
  0.7500000E-01  0.1220250E+00
  0.7505000E-01  0.1230058E+00
  0.7510000E-01  0.1231437E+00
  0.7515000E-01  0.1212772E+00
  0.7520000E-01  0.1181086E+00
  0.7525000E-01  0.1154922E+00
  0.7530000E-01  0.1140491E+00
  0.7535000E-01  0.1131479E+00
  0.7540000E-01  0.1128209E+00
  0.7545000E-01  0.1141861E+00
  0.7550000E-01  0.1164118E+00
  0.7555000E-01  0.1191275E+00
  0.7560000E-01  0.1186418E+00
  0.7565000E-01  0.1154955E+00
  0.7570000E-01  0.1130562E+00
  0.7575000E-01  0.1139207E+00
  0.7580000E-01  0.1170633E+00
  0.7585000E-01  0.1203038E+00
  0.7590000E-01  0.1232198E+00
  0.7595000E-01  0.1236372E+00
  0.7600000E-01  0.1235608E+00
  0.7605000E-01  0.1215201E+00
  0.7610000E-01  0.1196016E+00
  0.7615000E-01  0.1181106E+00
  0.7620000E-01  0.1168692E+00
  0.7625000E-01  0.1155710E+00
  0.7630000E-01  0.1150103E+00
  0.7635000E-01  0.1164087E+00
  0.7640000E-01  0.1190720E+00
  0.7645000E-01  0.1184890E+00
  0.7650000E-01  0.1165424E+00
  0.7655000E-01  0.1163149E+00
  0.7660000E-01  0.1149594E+00
  0.7665000E-01  0.1127475E+00
  0.7670000E-01  0.1115701E+00
  0.7675000E-01  0.1101853E+00
  0.7680000E-01  0.1111191E+00
  0.7685000E-01  0.1124173E+00
  0.7690000E-01  0.1149412E+00
  0.7695000E-01  0.1172065E+00
  0.7700000E-01  0.1192349E+00
  0.7705000E-01  0.1204857E+00
  0.7710000E-01  0.1225058E+00
  0.7715000E-01  0.1243225E+00
  0.7720000E-01  0.1244843E+00
  0.7725000E-01  0.1223552E+00
  0.7730000E-01  0.1197366E+00
  0.7735000E-01  0.1191520E+00
  0.7740000E-01  0.1175804E+00
  0.7745000E-01  0.1149658E+00
  0.7750000E-01  0.1135902E+00
  0.7755000E-01  0.1142943E+00
  0.7760000E-01  0.1153538E+00
  0.7765000E-01  0.1148737E+00
  0.7770000E-01  0.1152001E+00
  0.7775000E-01  0.1185659E+00
  0.7780000E-01  0.1222432E+00
  0.7785000E-01  0.1252588E+00
  0.7790000E-01  0.1275180E+00
  0.7795000E-01  0.1284426E+00
  0.7800000E-01  0.1292107E+00
  0.7805000E-01  0.1300161E+00
  0.7810000E-01  0.1324928E+00
  0.7815000E-01  0.1351700E+00
  0.7820000E-01  0.1376426E+00
  0.7825000E-01  0.1371735E+00
  0.7830000E-01  0.1363479E+00
  0.7835000E-01  0.1371329E+00
  0.7840000E-01  0.1386515E+00
  0.7845000E-01  0.1409208E+00
  0.7850000E-01  0.1419451E+00
  0.7855000E-01  0.1415378E+00
  0.7860000E-01  0.1405735E+00
  0.7865000E-01  0.1414754E+00
  0.7870000E-01  0.1434906E+00
  0.7875000E-01  0.1470382E+00
  0.7880000E-01  0.1525069E+00
  0.7885000E-01  0.1552897E+00
  0.7890000E-01  0.1537286E+00
  0.7895000E-01  0.1498463E+00
  0.7900000E-01  0.1468374E+00
  0.7905000E-01  0.1441523E+00
  0.7910000E-01  0.1435473E+00
  0.7915000E-01  0.1449607E+00
  0.7920000E-01  0.1467583E+00
  0.7925000E-01  0.1485147E+00
  0.7930000E-01  0.1481032E+00
  0.7935000E-01  0.1477318E+00
  0.7940000E-01  0.1466536E+00
  0.7945000E-01  0.1453131E+00
  0.7950000E-01  0.1448735E+00
  0.7955000E-01  0.1449852E+00
  0.7960000E-01  0.1443982E+00
  0.7965000E-01  0.1420602E+00
  0.7970000E-01  0.1374671E+00
  0.7975000E-01  0.1309466E+00
  0.7980000E-01  0.1255077E+00
  0.7985000E-01  0.1246612E+00
  0.7990000E-01  0.1268534E+00
  0.7995000E-01  0.1290767E+00
  0.8000000E-01  0.1301424E+00
  0.8005000E-01  0.1307412E+00
  0.8010000E-01  0.1309370E+00
  0.8015000E-01  0.1314723E+00
  0.8020000E-01  0.1327696E+00
  0.8025000E-01  0.1355360E+00
  0.8030000E-01  0.1365278E+00
  0.8035000E-01  0.1345948E+00
  0.8040000E-01  0.1331598E+00
  0.8045000E-01  0.1334783E+00
  0.8050000E-01  0.1322194E+00
  0.8055000E-01  0.1294428E+00
  0.8060000E-01  0.1265222E+00
  0.8065000E-01  0.1252320E+00
  0.8070000E-01  0.1280479E+00
  0.8075000E-01  0.1335575E+00
  0.8080000E-01  0.1375438E+00
  0.8085000E-01  0.1391387E+00
  0.8090000E-01  0.1404998E+00
  0.8095000E-01  0.1410227E+00
  0.8100000E-01  0.1415486E+00
  0.8105000E-01  0.1408676E+00
  0.8110000E-01  0.1396360E+00
  0.8115000E-01  0.1378129E+00
  0.8120000E-01  0.1359725E+00
  0.8125000E-01  0.1356225E+00
  0.8130000E-01  0.1357562E+00
  0.8135000E-01  0.1350920E+00
  0.8140000E-01  0.1332409E+00
  0.8145000E-01  0.1346097E+00
  0.8150000E-01  0.1356511E+00
  0.8155000E-01  0.1343903E+00
  0.8160000E-01  0.1329485E+00
  0.8165000E-01  0.1322643E+00
  0.8170000E-01  0.1303886E+00
  0.8175000E-01  0.1252284E+00
  0.8180000E-01  0.1218692E+00
  0.8185000E-01  0.1213534E+00
  0.8190000E-01  0.1225145E+00
  0.8195000E-01  0.1228078E+00
  0.8200000E-01  0.1221460E+00
  0.8205000E-01  0.1210889E+00
  0.8210000E-01  0.1218142E+00
  0.8215000E-01  0.1254254E+00
  0.8220000E-01  0.1287716E+00
  0.8225000E-01  0.1314914E+00
  0.8230000E-01  0.1326063E+00
  0.8235000E-01  0.1343137E+00
  0.8240000E-01  0.1355845E+00
  0.8245000E-01  0.1365908E+00
  0.8250000E-01  0.1390239E+00
  0.8255000E-01  0.1407470E+00
  0.8260000E-01  0.1429466E+00
  0.8265000E-01  0.1438902E+00
  0.8270000E-01  0.1398558E+00
  0.8275000E-01  0.1326365E+00
  0.8280000E-01  0.1278393E+00
  0.8285000E-01  0.1249632E+00
  0.8290000E-01  0.1257845E+00
  0.8295000E-01  0.1304377E+00
  0.8300000E-01  0.1351337E+00
  0.8305000E-01  0.1404502E+00
  0.8310000E-01  0.1482902E+00
  0.8315000E-01  0.1511727E+00
  0.8320000E-01  0.1493827E+00
  0.8325000E-01  0.1503517E+00
  0.8330000E-01  0.1544428E+00
  0.8335000E-01  0.1578664E+00
  0.8340000E-01  0.1610607E+00
  0.8345000E-01  0.1626847E+00
  0.8350000E-01  0.1622029E+00
  0.8355000E-01  0.1634508E+00
  0.8360000E-01  0.1686005E+00
  0.8365000E-01  0.1707642E+00
  0.8370000E-01  0.1727190E+00
  0.8375000E-01  0.1771076E+00
  0.8380000E-01  0.1805776E+00
  0.8385000E-01  0.1813808E+00
  0.8390000E-01  0.1821203E+00
  0.8395000E-01  0.1847342E+00
  0.8400000E-01  0.1849758E+00
  0.8405000E-01  0.1865080E+00
  0.8410000E-01  0.1880659E+00
  0.8415000E-01  0.1860678E+00
  0.8420000E-01  0.1839540E+00
  0.8425000E-01  0.1848646E+00
  0.8430000E-01  0.1848946E+00
  0.8435000E-01  0.1848350E+00
  0.8440000E-01  0.1847289E+00
  0.8445000E-01  0.1832287E+00
  0.8450000E-01  0.1869109E+00
  0.8455000E-01  0.1868238E+00
  0.8460000E-01  0.1867760E+00
  0.8465000E-01  0.1887960E+00
  0.8470000E-01  0.1911135E+00
  0.8475000E-01  0.1893325E+00
  0.8480000E-01  0.1865646E+00
  0.8485000E-01  0.1876802E+00
  0.8490000E-01  0.1889565E+00
  0.8495000E-01  0.1914859E+00
  0.8500000E-01  0.1931166E+00
  0.8505000E-01  0.1930781E+00
  0.8510000E-01  0.1954034E+00
  0.8515000E-01  0.1969738E+00
  0.8520000E-01  0.1952068E+00
  0.8525000E-01  0.1923811E+00
  0.8530000E-01  0.1896412E+00
  0.8535000E-01  0.1832517E+00
  0.8540000E-01  0.1777893E+00
  0.8545000E-01  0.1742570E+00
  0.8550000E-01  0.1705072E+00
  0.8555000E-01  0.1696769E+00
  0.8560000E-01  0.1714703E+00
  0.8565000E-01  0.1705239E+00
  0.8570000E-01  0.1686213E+00
  0.8575000E-01  0.1696005E+00
  0.8580000E-01  0.1739983E+00
  0.8585000E-01  0.1805877E+00
  0.8590000E-01  0.1864737E+00
  0.8595000E-01  0.1850003E+00
  0.8600000E-01  0.1824728E+00
  0.8605000E-01  0.1847855E+00
  0.8610000E-01  0.1848324E+00
  0.8615000E-01  0.1819040E+00
  0.8620000E-01  0.1806663E+00
  0.8625000E-01  0.1788597E+00
  0.8630000E-01  0.1792697E+00
  0.8635000E-01  0.1761090E+00
  0.8640000E-01  0.1763729E+00
  0.8645000E-01  0.1847689E+00
  0.8650000E-01  0.1920002E+00
  0.8655000E-01  0.1942040E+00
  0.8660000E-01  0.1959996E+00
  0.8665000E-01  0.1944917E+00
  0.8670000E-01  0.1903457E+00
  0.8675000E-01  0.1860622E+00
  0.8680000E-01  0.1819383E+00
  0.8685000E-01  0.1788169E+00
  0.8690000E-01  0.1749626E+00
  0.8695000E-01  0.1745312E+00
  0.8700000E-01  0.1744952E+00
  0.8705000E-01  0.1723463E+00
  0.8710000E-01  0.1719354E+00
  0.8715000E-01  0.1740479E+00
  0.8720000E-01  0.1780227E+00
  0.8725000E-01  0.1830516E+00
  0.8730000E-01  0.1889254E+00
  0.8735000E-01  0.1940751E+00
  0.8740000E-01  0.1954299E+00
  0.8745000E-01  0.1983125E+00
  0.8750000E-01  0.2036386E+00
  0.8755000E-01  0.2063328E+00
  0.8760000E-01  0.2100141E+00
  0.8765000E-01  0.2114488E+00
  0.8770000E-01  0.2145406E+00
  0.8775000E-01  0.2174008E+00
  0.8780000E-01  0.2179823E+00
  0.8785000E-01  0.2172948E+00
  0.8790000E-01  0.2203043E+00
  0.8795000E-01  0.2244406E+00
  0.8800000E-01  0.2291039E+00
  0.8805000E-01  0.2323296E+00
  0.8810000E-01  0.2337101E+00
  0.8815000E-01  0.2319316E+00
  0.8820000E-01  0.2240184E+00
  0.8825000E-01  0.2131797E+00
  0.8830000E-01  0.2027562E+00
  0.8835000E-01  0.1984406E+00
  0.8840000E-01  0.2018429E+00
  0.8845000E-01  0.2055939E+00
  0.8850000E-01  0.2100922E+00
  0.8855000E-01  0.2156636E+00
  0.8860000E-01  0.2162089E+00
  0.8865000E-01  0.2140457E+00
  0.8870000E-01  0.2176372E+00
  0.8875000E-01  0.2259751E+00
  0.8880000E-01  0.2361703E+00
  0.8885000E-01  0.2422042E+00
  0.8890000E-01  0.2468068E+00
  0.8895000E-01  0.2519158E+00
  0.8900000E-01  0.2548548E+00
  0.8905000E-01  0.2597594E+00
  0.8910000E-01  0.2606693E+00
  0.8915000E-01  0.2622092E+00
  0.8920000E-01  0.2661881E+00
  0.8925000E-01  0.2694996E+00
  0.8930000E-01  0.2685150E+00
  0.8935000E-01  0.2657930E+00
  0.8940000E-01  0.2636176E+00
  0.8945000E-01  0.2600662E+00
  0.8950000E-01  0.2605276E+00
  0.8955000E-01  0.2576878E+00
  0.8960000E-01  0.2570095E+00
  0.8965000E-01  0.2554389E+00
  0.8970000E-01  0.2533332E+00
  0.8975000E-01  0.2540844E+00
  0.8980000E-01  0.2547855E+00
  0.8985000E-01  0.2554397E+00
  0.8990000E-01  0.2554572E+00
  0.8995000E-01  0.2521586E+00
  0.9000000E-01  0.2476868E+00
  0.9005000E-01  0.2498283E+00
  0.9010000E-01  0.2542129E+00
  0.9015000E-01  0.2563380E+00
  0.9020000E-01  0.2594321E+00
  0.9025000E-01  0.2626416E+00
  0.9030000E-01  0.2662749E+00
  0.9035000E-01  0.2706093E+00
  0.9040000E-01  0.2708395E+00
  0.9045000E-01  0.2651599E+00
  0.9050000E-01  0.2587333E+00
  0.9055000E-01  0.2523548E+00
  0.9060000E-01  0.2470537E+00
  0.9065000E-01  0.2388164E+00
  0.9070000E-01  0.2341437E+00
  0.9075000E-01  0.2335516E+00
  0.9080000E-01  0.2284294E+00
  0.9085000E-01  0.2256862E+00
  0.9090000E-01  0.2259919E+00
  0.9095000E-01  0.2265552E+00
  0.9100000E-01  0.2316161E+00
  0.9105000E-01  0.2390638E+00
  0.9110000E-01  0.2434858E+00
  0.9115000E-01  0.2479439E+00
  0.9120000E-01  0.2517401E+00
  0.9125000E-01  0.2549203E+00
  0.9130000E-01  0.2629283E+00
  0.9135000E-01  0.2750883E+00
  0.9140000E-01  0.2867013E+00
  0.9145000E-01  0.2907825E+00
  0.9150000E-01  0.2877271E+00
  0.9155000E-01  0.2846945E+00
  0.9160000E-01  0.2858035E+00
  0.9165000E-01  0.2900176E+00
  0.9170000E-01  0.2867984E+00
  0.9175000E-01  0.2817143E+00
  0.9180000E-01  0.2806777E+00
  0.9185000E-01  0.2778982E+00
  0.9190000E-01  0.2849858E+00
  0.9195000E-01  0.3011614E+00
  0.9200000E-01  0.3150228E+00
  0.9205000E-01  0.3207215E+00
  0.9210000E-01  0.3264598E+00
  0.9215000E-01  0.3373548E+00
  0.9220000E-01  0.3522662E+00
  0.9225000E-01  0.3581637E+00
  0.9230000E-01  0.3650416E+00
  0.9235000E-01  0.3676555E+00
  0.9240000E-01  0.3690102E+00
  0.9245000E-01  0.3676268E+00
  0.9250000E-01  0.3678144E+00
  0.9255000E-01  0.3661808E+00
  0.9260000E-01  0.3673062E+00
  0.9265000E-01  0.3761221E+00
  0.9270000E-01  0.3858335E+00
  0.9275000E-01  0.3904781E+00
  0.9280000E-01  0.3934455E+00
  0.9285000E-01  0.3867983E+00
  0.9290000E-01  0.3853154E+00
  0.9295000E-01  0.3858511E+00
  0.9300000E-01  0.3891111E+00
  0.9305000E-01  0.3897114E+00
  0.9310000E-01  0.3928478E+00
  0.9315000E-01  0.3906168E+00
  0.9320000E-01  0.3794899E+00
  0.9325000E-01  0.3692857E+00
  0.9330000E-01  0.3602347E+00
  0.9335000E-01  0.3632642E+00
  0.9340000E-01  0.3729307E+00
  0.9345000E-01  0.3812172E+00
  0.9350000E-01  0.3891825E+00
  0.9355000E-01  0.3933521E+00
  0.9360000E-01  0.3914286E+00
  0.9365000E-01  0.3893655E+00
  0.9370000E-01  0.3964024E+00
  0.9375000E-01  0.4085714E+00
  0.9380000E-01  0.4180949E+00
  0.9385000E-01  0.4245195E+00
  0.9390000E-01  0.4344859E+00
  0.9395000E-01  0.4446202E+00
  0.9400000E-01  0.4502461E+00
  0.9405000E-01  0.4389172E+00
  0.9410000E-01  0.4234302E+00
  0.9415000E-01  0.4169444E+00
  0.9420000E-01  0.4255322E+00
  0.9425000E-01  0.4439002E+00
  0.9430000E-01  0.4681685E+00
  0.9435000E-01  0.4791120E+00
  0.9440000E-01  0.4720495E+00
  0.9445000E-01  0.4680115E+00
  0.9450000E-01  0.4710611E+00
  0.9455000E-01  0.4691903E+00
  0.9460000E-01  0.4695871E+00
  0.9465000E-01  0.4717336E+00
  0.9470000E-01  0.4760949E+00
  0.9475000E-01  0.4583296E+00
  0.9480000E-01  0.4366101E+00
  0.9485000E-01  0.4213889E+00
  0.9490000E-01  0.4108844E+00
  0.9495000E-01  0.4143286E+00
  0.9500000E-01  0.4299905E+00
  0.9505000E-01  0.4385222E+00
  0.9510000E-01  0.4453560E+00
  0.9515000E-01  0.4519731E+00
  0.9520000E-01  0.4613037E+00
  0.9525000E-01  0.4743771E+00
  0.9530000E-01  0.4885267E+00
  0.9535000E-01  0.4817573E+00
  0.9540000E-01  0.4751371E+00
  0.9545000E-01  0.4667819E+00
  0.9550000E-01  0.4594731E+00
  0.9555000E-01  0.4451572E+00
  0.9560000E-01  0.4306594E+00
  0.9565000E-01  0.4103902E+00
  0.9570000E-01  0.3976340E+00
  0.9575000E-01  0.3824979E+00
  0.9580000E-01  0.3741166E+00
  0.9585000E-01  0.3757851E+00
  0.9590000E-01  0.3913286E+00
  0.9595000E-01  0.4095171E+00
  0.9600000E-01  0.4339547E+00
  0.9605000E-01  0.4511455E+00
  0.9610000E-01  0.4604378E+00
  0.9615000E-01  0.4597975E+00
  0.9620000E-01  0.4645527E+00
  0.9625000E-01  0.4695719E+00
  0.9630000E-01  0.4937371E+00
  0.9635000E-01  0.5027476E+00
  0.9640000E-01  0.5190480E+00
  0.9645000E-01  0.5173142E+00
  0.9650000E-01  0.5262365E+00
  0.9655000E-01  0.5398100E+00
  0.9660000E-01  0.5618369E+00
  0.9665000E-01  0.5761819E+00
  0.9670000E-01  0.6032966E+00
  0.9675000E-01  0.6344585E+00
  0.9680000E-01  0.6760303E+00
  0.9685000E-01  0.7088845E+00
  0.9690000E-01  0.7417621E+00
  0.9695000E-01  0.7674952E+00
  0.9700000E-01  0.8017630E+00
  0.9705000E-01  0.8260128E+00
  0.9710000E-01  0.8586500E+00
  0.9715000E-01  0.8781396E+00
  0.9720000E-01  0.9109149E+00
  0.9725000E-01  0.9287425E+00
  0.9730000E-01  0.9487336E+00
  0.9735000E-01  0.9310574E+00
  0.9740000E-01  0.9161381E+00
  0.9745000E-01  0.8813163E+00
  0.9750000E-01  0.8737738E+00
  0.9755000E-01  0.8622072E+00
  0.9760000E-01  0.8504116E+00
  0.9765000E-01  0.7935360E+00
  0.9770000E-01  0.7263172E+00
  0.9775000E-01  0.6127297E+00
  0.9780000E-01  0.4928480E+00
  0.9785000E-01  0.3134793E+00
  0.9790000E-01  0.1039408E+00
  0.9795000E-01 -0.1633517E+00
  0.9800000E-01 -0.4649804E+00
  0.9805000E-01 -0.8519584E+00
  0.9810000E-01 -0.1282523E+01
  0.9815000E-01 -0.1802654E+01
  0.9820000E-01 -0.2376450E+01
  0.9825000E-01 -0.3042698E+01
  0.9830000E-01 -0.3749572E+01
  0.9835000E-01 -0.4533932E+01
  0.9840000E-01 -0.5329758E+01
  0.9845000E-01 -0.6165395E+01
  0.9850000E-01 -0.6969982E+01
  0.9855000E-01 -0.7759338E+01
  0.9860000E-01 -0.8454222E+01
  0.9865000E-01 -0.9073450E+01
  0.9870000E-01 -0.9565544E+01
  0.9875000E-01 -0.9932114E+01
  0.9880000E-01 -0.1015491E+02
  0.9885000E-01 -0.1023153E+02
  0.9890000E-01 -0.1015488E+02
  0.9895000E-01 -0.9931119E+01
  0.9900000E-01 -0.9553405E+01
  0.9905000E-01 -0.9025737E+01
  0.9910000E-01 -0.8346643E+01
  0.9915000E-01 -0.7518110E+01
  0.9920000E-01 -0.6559801E+01
  0.9925000E-01 -0.5491216E+01
  0.9930000E-01 -0.4343441E+01
  0.9935000E-01 -0.3161281E+01
  0.9940000E-01 -0.2007016E+01
  0.9945000E-01 -0.9562081E+00
  0.9950000E-01 -0.7603027E-01
  0.9955000E-01  0.5717857E+00
  0.9960000E-01  0.9485870E+00
  0.9965000E-01  0.1057243E+01
  0.9970000E-01  0.9431158E+00
  0.9975000E-01  0.6932925E+00
  0.9980000E-01  0.4081467E+00
  0.9985000E-01  0.1742822E+00
  0.9990000E-01  0.3973325E-01
  0.9995000E-01  0.0000000E+00
  0.1000000E+00  0.0000000E+00
