  0.0000000E+00  0.0000000E+00
  0.5000000E-04  0.5727587E-14
  0.1000000E-03  0.3892557E-01
  0.1500000E-03  0.1714654E+00
  0.2000000E-03  0.4072487E+00
  0.2500000E-03  0.6958800E+00
  0.3000000E-03  0.9424602E+00
  0.3500000E-03  0.1049112E+01
  0.4000000E-03  0.9328852E+00
  0.4500000E-03  0.5444376E+00
  0.5000000E-03 -0.1147129E+00
  0.5500000E-03 -0.1007120E+01
  0.6000000E-03 -0.2071845E+01
  0.6500000E-03 -0.3231719E+01
  0.7000000E-03 -0.4414332E+01
  0.7500000E-03 -0.5560042E+01
  0.8000000E-03 -0.6622986E+01
  0.8500000E-03 -0.7570397E+01
  0.9000000E-03 -0.8386797E+01
  0.9500000E-03 -0.9062209E+01
  0.1000000E-02 -0.9592191E+01
  0.1050000E-02 -0.9966821E+01
  0.1100000E-02 -0.1018680E+02
  0.1150000E-02 -0.1025517E+02
  0.1200000E-02 -0.1017599E+02
  0.1250000E-02 -0.9955119E+01
  0.1300000E-02 -0.9595228E+01
  0.1350000E-02 -0.9110239E+01
  0.1400000E-02 -0.8498179E+01
  0.1450000E-02 -0.7801839E+01
  0.1500000E-02 -0.7009492E+01
  0.1550000E-02 -0.6203668E+01
  0.1600000E-02 -0.5357712E+01
  0.1650000E-02 -0.4536473E+01
  0.1700000E-02 -0.3716199E+01
  0.1750000E-02 -0.2992315E+01
  0.1800000E-02 -0.2323593E+01
  0.1850000E-02 -0.1755242E+01
  0.1900000E-02 -0.1243352E+01
  0.1950000E-02 -0.8204243E+00
  0.2000000E-02 -0.4367906E+00
  0.2050000E-02 -0.1204965E+00
  0.2100000E-02  0.1634397E+00
  0.2150000E-02  0.3602843E+00
  0.2200000E-02  0.5335808E+00
  0.2250000E-02  0.6536267E+00
  0.2300000E-02  0.7599456E+00
  0.2350000E-02  0.8268850E+00
  0.2400000E-02  0.8967114E+00
  0.2450000E-02  0.9280467E+00
  0.2500000E-02  0.9529444E+00
  0.2550000E-02  0.9368166E+00
  0.2600000E-02  0.9343705E+00
  0.2650000E-02  0.9216448E+00
  0.2700000E-02  0.9136133E+00
  0.2750000E-02  0.8968344E+00
  0.2800000E-02  0.8942945E+00
  0.2850000E-02  0.8710286E+00
  0.2900000E-02  0.8544543E+00
  0.2950000E-02  0.8233027E+00
  0.3000000E-02  0.8016178E+00
  0.3050000E-02  0.7780778E+00
  0.3100000E-02  0.7610166E+00
  0.3150000E-02  0.7200670E+00
  0.3200000E-02  0.6877186E+00
  0.3250000E-02  0.6426302E+00
  0.3300000E-02  0.6094654E+00
  0.3350000E-02  0.5825831E+00
  0.3400000E-02  0.5756798E+00
  0.3450000E-02  0.5618599E+00
  0.3500000E-02  0.5551907E+00
  0.3550000E-02  0.5505872E+00
  0.3600000E-02  0.5473207E+00
  0.3650000E-02  0.5192754E+00
  0.3700000E-02  0.4925158E+00
  0.3750000E-02  0.4612825E+00
  0.3800000E-02  0.4333446E+00
  0.3850000E-02  0.4131587E+00
  0.3900000E-02  0.4202383E+00
  0.3950000E-02  0.4236598E+00
  0.4000000E-02  0.4286780E+00
  0.4050000E-02  0.4184835E+00
  0.4100000E-02  0.4143431E+00
  0.4150000E-02  0.4127916E+00
  0.4200000E-02  0.4249128E+00
  0.4250000E-02  0.4241408E+00
  0.4300000E-02  0.4267330E+00
  0.4350000E-02  0.4285187E+00
  0.4400000E-02  0.4350730E+00
  0.4450000E-02  0.4368536E+00
  0.4500000E-02  0.4410448E+00
  0.4550000E-02  0.4399813E+00
  0.4600000E-02  0.4394359E+00
  0.4650000E-02  0.4248273E+00
  0.4700000E-02  0.4081234E+00
  0.4750000E-02  0.3988763E+00
  0.4800000E-02  0.4026984E+00
  0.4850000E-02  0.4183121E+00
  0.4900000E-02  0.4256104E+00
  0.4950000E-02  0.4220339E+00
  0.5000000E-02  0.4236925E+00
  0.5050000E-02  0.4300220E+00
  0.5100000E-02  0.4454165E+00
  0.5150000E-02  0.4542228E+00
  0.5200000E-02  0.4664104E+00
  0.5250000E-02  0.4639765E+00
  0.5300000E-02  0.4664424E+00
  0.5350000E-02  0.4576949E+00
  0.5400000E-02  0.4442236E+00
  0.5450000E-02  0.4379372E+00
  0.5500000E-02  0.4251966E+00
  0.5550000E-02  0.4086548E+00
  0.5600000E-02  0.4046240E+00
  0.5650000E-02  0.4102865E+00
  0.5700000E-02  0.4142967E+00
  0.5750000E-02  0.4124412E+00
  0.5800000E-02  0.4189159E+00
  0.5850000E-02  0.4270210E+00
  0.5900000E-02  0.4339005E+00
  0.5950000E-02  0.4374113E+00
  0.6000000E-02  0.4481484E+00
  0.6050000E-02  0.4567188E+00
  0.6100000E-02  0.4603607E+00
  0.6150000E-02  0.4589980E+00
  0.6200000E-02  0.4559909E+00
  0.6250000E-02  0.4472808E+00
  0.6300000E-02  0.4411005E+00
  0.6350000E-02  0.4350583E+00
  0.6400000E-02  0.4330261E+00
  0.6450000E-02  0.4316516E+00
  0.6500000E-02  0.4241582E+00
  0.6550000E-02  0.4076812E+00
  0.6600000E-02  0.4000888E+00
  0.6650000E-02  0.3881905E+00
  0.6700000E-02  0.3830784E+00
  0.6750000E-02  0.3768180E+00
  0.6800000E-02  0.3685486E+00
  0.6850000E-02  0.3585275E+00
  0.6900000E-02  0.3618276E+00
  0.6950000E-02  0.3655813E+00
  0.7000000E-02  0.3625969E+00
  0.7050000E-02  0.3562293E+00
  0.7100000E-02  0.3558702E+00
  0.7150000E-02  0.3528538E+00
  0.7200000E-02  0.3517884E+00
  0.7250000E-02  0.3526231E+00
  0.7300000E-02  0.3513146E+00
  0.7350000E-02  0.3527637E+00
  0.7400000E-02  0.3591352E+00
  0.7450000E-02  0.3629585E+00
  0.7500000E-02  0.3610895E+00
  0.7550000E-02  0.3540732E+00
  0.7600000E-02  0.3474747E+00
  0.7650000E-02  0.3385108E+00
  0.7700000E-02  0.3343967E+00
  0.7750000E-02  0.3365354E+00
  0.7800000E-02  0.3320581E+00
  0.7850000E-02  0.3217342E+00
  0.7900000E-02  0.3162131E+00
  0.7950000E-02  0.3162230E+00
  0.8000000E-02  0.3117603E+00
  0.8050000E-02  0.3036530E+00
  0.8100000E-02  0.2999293E+00
  0.8150000E-02  0.2980332E+00
  0.8200000E-02  0.3019594E+00
  0.8250000E-02  0.3126807E+00
  0.8300000E-02  0.3175924E+00
  0.8350000E-02  0.3174185E+00
  0.8400000E-02  0.3159350E+00
  0.8450000E-02  0.3100242E+00
  0.8500000E-02  0.3054630E+00
  0.8550000E-02  0.3007811E+00
  0.8600000E-02  0.2943352E+00
  0.8650000E-02  0.2847716E+00
  0.8700000E-02  0.2727627E+00
  0.8750000E-02  0.2618755E+00
  0.8800000E-02  0.2611568E+00
  0.8850000E-02  0.2661765E+00
  0.8900000E-02  0.2699280E+00
  0.8950000E-02  0.2720180E+00
  0.9000000E-02  0.2702327E+00
  0.9050000E-02  0.2713433E+00
  0.9100000E-02  0.2759624E+00
  0.9150000E-02  0.2775237E+00
  0.9200000E-02  0.2749688E+00
  0.9250000E-02  0.2728081E+00
  0.9300000E-02  0.2702363E+00
  0.9350000E-02  0.2698725E+00
  0.9400000E-02  0.2731631E+00
  0.9450000E-02  0.2740364E+00
  0.9500000E-02  0.2716490E+00
  0.9550000E-02  0.2642712E+00
  0.9600000E-02  0.2514828E+00
  0.9650000E-02  0.2407697E+00
  0.9700000E-02  0.2360343E+00
  0.9750000E-02  0.2305209E+00
  0.9800000E-02  0.2254936E+00
  0.9850000E-02  0.2184916E+00
  0.9900000E-02  0.2116156E+00
  0.9950000E-02  0.2055543E+00
  0.1000000E-01  0.2056698E+00
  0.1005000E-01  0.2090394E+00
  0.1010000E-01  0.2121531E+00
  0.1015000E-01  0.2141209E+00
  0.1020000E-01  0.2146494E+00
  0.1025000E-01  0.2108691E+00
  0.1030000E-01  0.2017616E+00
  0.1035000E-01  0.1894253E+00
  0.1040000E-01  0.1798793E+00
  0.1045000E-01  0.1810309E+00
  0.1050000E-01  0.1868776E+00
  0.1055000E-01  0.1938587E+00
  0.1060000E-01  0.2011097E+00
  0.1065000E-01  0.2059978E+00
  0.1070000E-01  0.2069148E+00
  0.1075000E-01  0.2073473E+00
  0.1080000E-01  0.2120336E+00
  0.1085000E-01  0.2157752E+00
  0.1090000E-01  0.2147656E+00
  0.1095000E-01  0.2125708E+00
  0.1100000E-01  0.2132468E+00
  0.1105000E-01  0.2154547E+00
  0.1110000E-01  0.2145784E+00
  0.1115000E-01  0.2115289E+00
  0.1120000E-01  0.2124371E+00
  0.1125000E-01  0.2165121E+00
  0.1130000E-01  0.2211767E+00
  0.1135000E-01  0.2157511E+00
  0.1140000E-01  0.2100302E+00
  0.1145000E-01  0.2107196E+00
  0.1150000E-01  0.2128627E+00
  0.1155000E-01  0.2121260E+00
  0.1160000E-01  0.2107618E+00
  0.1165000E-01  0.2102872E+00
  0.1170000E-01  0.2068119E+00
  0.1175000E-01  0.2022863E+00
  0.1180000E-01  0.2021360E+00
  0.1185000E-01  0.2051148E+00
  0.1190000E-01  0.2085433E+00
  0.1195000E-01  0.2062242E+00
  0.1200000E-01  0.1977613E+00
  0.1205000E-01  0.1898918E+00
  0.1210000E-01  0.1800561E+00
  0.1215000E-01  0.1793009E+00
  0.1220000E-01  0.1861120E+00
  0.1225000E-01  0.1887062E+00
  0.1230000E-01  0.1934669E+00
  0.1235000E-01  0.2012754E+00
  0.1240000E-01  0.2059052E+00
  0.1245000E-01  0.2021112E+00
  0.1250000E-01  0.1968377E+00
  0.1255000E-01  0.1964605E+00
  0.1260000E-01  0.2009876E+00
  0.1265000E-01  0.2056626E+00
  0.1270000E-01  0.2091903E+00
  0.1275000E-01  0.2114511E+00
  0.1280000E-01  0.2122644E+00
  0.1285000E-01  0.2079697E+00
  0.1290000E-01  0.2020591E+00
  0.1295000E-01  0.1973798E+00
  0.1300000E-01  0.1928074E+00
  0.1305000E-01  0.1897733E+00
  0.1310000E-01  0.1876649E+00
  0.1315000E-01  0.1869182E+00
  0.1320000E-01  0.1862479E+00
  0.1325000E-01  0.1880583E+00
  0.1330000E-01  0.1864494E+00
  0.1335000E-01  0.1834850E+00
  0.1340000E-01  0.1842689E+00
  0.1345000E-01  0.1846178E+00
  0.1350000E-01  0.1868128E+00
  0.1355000E-01  0.1880321E+00
  0.1360000E-01  0.1902638E+00
  0.1365000E-01  0.1928034E+00
  0.1370000E-01  0.1959593E+00
  0.1375000E-01  0.1966719E+00
  0.1380000E-01  0.1986547E+00
  0.1385000E-01  0.1984449E+00
  0.1390000E-01  0.1965790E+00
  0.1395000E-01  0.1952452E+00
  0.1400000E-01  0.1971514E+00
  0.1405000E-01  0.1978489E+00
  0.1410000E-01  0.1927081E+00
  0.1415000E-01  0.1836132E+00
  0.1420000E-01  0.1754860E+00
  0.1425000E-01  0.1696075E+00
  0.1430000E-01  0.1664702E+00
  0.1435000E-01  0.1669263E+00
  0.1440000E-01  0.1683200E+00
  0.1445000E-01  0.1652739E+00
  0.1450000E-01  0.1653876E+00
  0.1455000E-01  0.1662986E+00
  0.1460000E-01  0.1708847E+00
  0.1465000E-01  0.1761132E+00
  0.1470000E-01  0.1791117E+00
  0.1475000E-01  0.1788626E+00
  0.1480000E-01  0.1765079E+00
  0.1485000E-01  0.1734891E+00
  0.1490000E-01  0.1720288E+00
  0.1495000E-01  0.1758338E+00
  0.1500000E-01  0.1747175E+00
  0.1505000E-01  0.1691529E+00
  0.1510000E-01  0.1630221E+00
  0.1515000E-01  0.1576806E+00
  0.1520000E-01  0.1495221E+00
  0.1525000E-01  0.1434506E+00
  0.1530000E-01  0.1417414E+00
  0.1535000E-01  0.1432040E+00
  0.1540000E-01  0.1473037E+00
  0.1545000E-01  0.1515208E+00
  0.1550000E-01  0.1520301E+00
  0.1555000E-01  0.1514545E+00
  0.1560000E-01  0.1514571E+00
  0.1565000E-01  0.1494443E+00
  0.1570000E-01  0.1442607E+00
  0.1575000E-01  0.1393821E+00
  0.1580000E-01  0.1353377E+00
  0.1585000E-01  0.1328955E+00
  0.1590000E-01  0.1324217E+00
  0.1595000E-01  0.1351650E+00
  0.1600000E-01  0.1396402E+00
  0.1605000E-01  0.1426831E+00
  0.1610000E-01  0.1403035E+00
  0.1615000E-01  0.1393086E+00
  0.1620000E-01  0.1443592E+00
  0.1625000E-01  0.1505683E+00
  0.1630000E-01  0.1518739E+00
  0.1635000E-01  0.1501239E+00
  0.1640000E-01  0.1490180E+00
  0.1645000E-01  0.1492489E+00
  0.1650000E-01  0.1513300E+00
  0.1655000E-01  0.1526109E+00
  0.1660000E-01  0.1538854E+00
  0.1665000E-01  0.1505495E+00
  0.1670000E-01  0.1462270E+00
  0.1675000E-01  0.1383331E+00
  0.1680000E-01  0.1343554E+00
  0.1685000E-01  0.1354554E+00
  0.1690000E-01  0.1409281E+00
  0.1695000E-01  0.1468946E+00
  0.1700000E-01  0.1508085E+00
  0.1705000E-01  0.1549950E+00
  0.1710000E-01  0.1585492E+00
  0.1715000E-01  0.1578446E+00
  0.1720000E-01  0.1573584E+00
  0.1725000E-01  0.1567553E+00
  0.1730000E-01  0.1539245E+00
  0.1735000E-01  0.1500076E+00
  0.1740000E-01  0.1458873E+00
  0.1745000E-01  0.1442229E+00
  0.1750000E-01  0.1441301E+00
  0.1755000E-01  0.1456169E+00
  0.1760000E-01  0.1457704E+00
  0.1765000E-01  0.1431479E+00
  0.1770000E-01  0.1418340E+00
  0.1775000E-01  0.1435676E+00
  0.1780000E-01  0.1445522E+00
  0.1785000E-01  0.1437461E+00
  0.1790000E-01  0.1414117E+00
  0.1795000E-01  0.1379838E+00
  0.1800000E-01  0.1358320E+00
  0.1805000E-01  0.1353632E+00
  0.1810000E-01  0.1325400E+00
  0.1815000E-01  0.1307078E+00
  0.1820000E-01  0.1325969E+00
  0.1825000E-01  0.1360400E+00
  0.1830000E-01  0.1374778E+00
  0.1835000E-01  0.1355117E+00
  0.1840000E-01  0.1341145E+00
  0.1845000E-01  0.1342854E+00
  0.1850000E-01  0.1357555E+00
  0.1855000E-01  0.1339659E+00
  0.1860000E-01  0.1323660E+00
  0.1865000E-01  0.1311110E+00
  0.1870000E-01  0.1298080E+00
  0.1875000E-01  0.1299105E+00
  0.1880000E-01  0.1315839E+00
  0.1885000E-01  0.1311017E+00
  0.1890000E-01  0.1285676E+00
  0.1895000E-01  0.1269109E+00
  0.1900000E-01  0.1274631E+00
  0.1905000E-01  0.1290964E+00
  0.1910000E-01  0.1285131E+00
  0.1915000E-01  0.1283062E+00
  0.1920000E-01  0.1281737E+00
  0.1925000E-01  0.1255798E+00
  0.1930000E-01  0.1234394E+00
  0.1935000E-01  0.1226044E+00
  0.1940000E-01  0.1226842E+00
  0.1945000E-01  0.1270642E+00
  0.1950000E-01  0.1310461E+00
  0.1955000E-01  0.1303306E+00
  0.1960000E-01  0.1283863E+00
  0.1965000E-01  0.1285019E+00
  0.1970000E-01  0.1283685E+00
  0.1975000E-01  0.1297946E+00
  0.1980000E-01  0.1331819E+00
  0.1985000E-01  0.1358329E+00
  0.1990000E-01  0.1364180E+00
  0.1995000E-01  0.1362334E+00
  0.2000000E-01  0.1383901E+00
  0.2005000E-01  0.1405319E+00
  0.2010000E-01  0.1430843E+00
  0.2015000E-01  0.1443283E+00
  0.2020000E-01  0.1461776E+00
  0.2025000E-01  0.1479321E+00
  0.2030000E-01  0.1481107E+00
  0.2035000E-01  0.1471692E+00
  0.2040000E-01  0.1471323E+00
  0.2045000E-01  0.1456574E+00
  0.2050000E-01  0.1465512E+00
  0.2055000E-01  0.1461310E+00
  0.2060000E-01  0.1467988E+00
  0.2065000E-01  0.1481765E+00
  0.2070000E-01  0.1484959E+00
  0.2075000E-01  0.1489391E+00
  0.2080000E-01  0.1517848E+00
  0.2085000E-01  0.1550643E+00
  0.2090000E-01  0.1562921E+00
  0.2095000E-01  0.1549956E+00
  0.2100000E-01  0.1533197E+00
  0.2105000E-01  0.1530310E+00
  0.2110000E-01  0.1518919E+00
  0.2115000E-01  0.1498643E+00
  0.2120000E-01  0.1473452E+00
  0.2125000E-01  0.1449938E+00
  0.2130000E-01  0.1443730E+00
  0.2135000E-01  0.1419340E+00
  0.2140000E-01  0.1369821E+00
  0.2145000E-01  0.1353962E+00
  0.2150000E-01  0.1363305E+00
  0.2155000E-01  0.1374238E+00
  0.2160000E-01  0.1388691E+00
  0.2165000E-01  0.1393585E+00
  0.2170000E-01  0.1394519E+00
  0.2175000E-01  0.1369458E+00
  0.2180000E-01  0.1333511E+00
  0.2185000E-01  0.1313405E+00
  0.2190000E-01  0.1314277E+00
  0.2195000E-01  0.1320651E+00
  0.2200000E-01  0.1329495E+00
  0.2205000E-01  0.1351956E+00
  0.2210000E-01  0.1368218E+00
  0.2215000E-01  0.1404868E+00
  0.2220000E-01  0.1436379E+00
  0.2225000E-01  0.1447028E+00
  0.2230000E-01  0.1461751E+00
  0.2235000E-01  0.1450090E+00
  0.2240000E-01  0.1438597E+00
  0.2245000E-01  0.1426785E+00
  0.2250000E-01  0.1417165E+00
  0.2255000E-01  0.1423623E+00
  0.2260000E-01  0.1429698E+00
  0.2265000E-01  0.1430966E+00
  0.2270000E-01  0.1453480E+00
  0.2275000E-01  0.1481875E+00
  0.2280000E-01  0.1481088E+00
  0.2285000E-01  0.1472699E+00
  0.2290000E-01  0.1453977E+00
  0.2295000E-01  0.1436146E+00
  0.2300000E-01  0.1440228E+00
  0.2305000E-01  0.1445291E+00
  0.2310000E-01  0.1436361E+00
  0.2315000E-01  0.1421004E+00
  0.2320000E-01  0.1403755E+00
  0.2325000E-01  0.1388417E+00
  0.2330000E-01  0.1377665E+00
  0.2335000E-01  0.1375450E+00
  0.2340000E-01  0.1385780E+00
  0.2345000E-01  0.1379128E+00
  0.2350000E-01  0.1333434E+00
  0.2355000E-01  0.1301041E+00
  0.2360000E-01  0.1284684E+00
  0.2365000E-01  0.1299116E+00
  0.2370000E-01  0.1332941E+00
  0.2375000E-01  0.1360976E+00
  0.2380000E-01  0.1381034E+00
  0.2385000E-01  0.1399969E+00
  0.2390000E-01  0.1412171E+00
  0.2395000E-01  0.1423917E+00
  0.2400000E-01  0.1421115E+00
  0.2405000E-01  0.1411971E+00
  0.2410000E-01  0.1396192E+00
  0.2415000E-01  0.1371019E+00
  0.2420000E-01  0.1336330E+00
  0.2425000E-01  0.1317449E+00
  0.2430000E-01  0.1295532E+00
  0.2435000E-01  0.1291970E+00
  0.2440000E-01  0.1311470E+00
  0.2445000E-01  0.1318707E+00
  0.2450000E-01  0.1313762E+00
  0.2455000E-01  0.1293235E+00
  0.2460000E-01  0.1266383E+00
  0.2465000E-01  0.1244255E+00
  0.2470000E-01  0.1221884E+00
  0.2475000E-01  0.1217180E+00
  0.2480000E-01  0.1226390E+00
  0.2485000E-01  0.1226557E+00
  0.2490000E-01  0.1226170E+00
  0.2495000E-01  0.1242475E+00
  0.2500000E-01  0.1286957E+00
  0.2505000E-01  0.1337151E+00
  0.2510000E-01  0.1368859E+00
  0.2515000E-01  0.1366813E+00
  0.2520000E-01  0.1343400E+00
  0.2525000E-01  0.1319090E+00
  0.2530000E-01  0.1312672E+00
  0.2535000E-01  0.1320832E+00
  0.2540000E-01  0.1328276E+00
  0.2545000E-01  0.1351866E+00
  0.2550000E-01  0.1373701E+00
  0.2555000E-01  0.1391732E+00
  0.2560000E-01  0.1407830E+00
  0.2565000E-01  0.1438124E+00
  0.2570000E-01  0.1453318E+00
  0.2575000E-01  0.1455436E+00
  0.2580000E-01  0.1450038E+00
  0.2585000E-01  0.1437478E+00
  0.2590000E-01  0.1423048E+00
  0.2595000E-01  0.1416632E+00
  0.2600000E-01  0.1432234E+00
  0.2605000E-01  0.1461082E+00
  0.2610000E-01  0.1494313E+00
  0.2615000E-01  0.1507810E+00
  0.2620000E-01  0.1514853E+00
  0.2625000E-01  0.1525378E+00
  0.2630000E-01  0.1527922E+00
  0.2635000E-01  0.1516030E+00
  0.2640000E-01  0.1493303E+00
  0.2645000E-01  0.1462474E+00
  0.2650000E-01  0.1416881E+00
  0.2655000E-01  0.1366135E+00
  0.2660000E-01  0.1329397E+00
  0.2665000E-01  0.1314541E+00
  0.2670000E-01  0.1323685E+00
  0.2675000E-01  0.1329492E+00
  0.2680000E-01  0.1336432E+00
  0.2685000E-01  0.1345034E+00
  0.2690000E-01  0.1338007E+00
  0.2695000E-01  0.1309954E+00
  0.2700000E-01  0.1284638E+00
  0.2705000E-01  0.1257707E+00
  0.2710000E-01  0.1229131E+00
  0.2715000E-01  0.1214898E+00
  0.2720000E-01  0.1210395E+00
  0.2725000E-01  0.1193684E+00
  0.2730000E-01  0.1190429E+00
  0.2735000E-01  0.1197659E+00
  0.2740000E-01  0.1212260E+00
  0.2745000E-01  0.1233050E+00
  0.2750000E-01  0.1245276E+00
  0.2755000E-01  0.1236706E+00
  0.2760000E-01  0.1233586E+00
  0.2765000E-01  0.1254344E+00
  0.2770000E-01  0.1274425E+00
  0.2775000E-01  0.1271432E+00
  0.2780000E-01  0.1271265E+00
  0.2785000E-01  0.1274727E+00
  0.2790000E-01  0.1263850E+00
  0.2795000E-01  0.1242943E+00
  0.2800000E-01  0.1217985E+00
  0.2805000E-01  0.1189714E+00
  0.2810000E-01  0.1188382E+00
  0.2815000E-01  0.1193194E+00
  0.2820000E-01  0.1172946E+00
  0.2825000E-01  0.1151956E+00
  0.2830000E-01  0.1126088E+00
  0.2835000E-01  0.1101588E+00
  0.2840000E-01  0.1101348E+00
  0.2845000E-01  0.1093458E+00
  0.2850000E-01  0.1088543E+00
  0.2855000E-01  0.1086557E+00
  0.2860000E-01  0.1078001E+00
  0.2865000E-01  0.1075967E+00
  0.2870000E-01  0.1086905E+00
  0.2875000E-01  0.1105834E+00
  0.2880000E-01  0.1108638E+00
  0.2885000E-01  0.1089173E+00
  0.2890000E-01  0.1061170E+00
  0.2895000E-01  0.1057184E+00
  0.2900000E-01  0.1053191E+00
  0.2905000E-01  0.1045327E+00
  0.2910000E-01  0.1043941E+00
  0.2915000E-01  0.1059503E+00
  0.2920000E-01  0.1055469E+00
  0.2925000E-01  0.1046477E+00
  0.2930000E-01  0.1032163E+00
  0.2935000E-01  0.1022703E+00
  0.2940000E-01  0.1000286E+00
  0.2945000E-01  0.9942203E-01
  0.2950000E-01  0.1012607E+00
  0.2955000E-01  0.1036699E+00
  0.2960000E-01  0.1054882E+00
  0.2965000E-01  0.1060091E+00
  0.2970000E-01  0.1055504E+00
  0.2975000E-01  0.1050530E+00
  0.2980000E-01  0.1057657E+00
  0.2985000E-01  0.1073799E+00
  0.2990000E-01  0.1076141E+00
  0.2995000E-01  0.1070755E+00
  0.3000000E-01  0.1072627E+00
  0.3005000E-01  0.1079465E+00
  0.3010000E-01  0.1067629E+00
  0.3015000E-01  0.1040667E+00
  0.3020000E-01  0.1016920E+00
  0.3025000E-01  0.1029828E+00
  0.3030000E-01  0.1054126E+00
  0.3035000E-01  0.1070845E+00
  0.3040000E-01  0.1077710E+00
  0.3045000E-01  0.1084148E+00
  0.3050000E-01  0.1090498E+00
  0.3055000E-01  0.1117546E+00
  0.3060000E-01  0.1146975E+00
  0.3065000E-01  0.1159414E+00
  0.3070000E-01  0.1157308E+00
  0.3075000E-01  0.1142847E+00
  0.3080000E-01  0.1126415E+00
  0.3085000E-01  0.1121063E+00
  0.3090000E-01  0.1124107E+00
  0.3095000E-01  0.1124035E+00
  0.3100000E-01  0.1121244E+00
  0.3105000E-01  0.1101879E+00
  0.3110000E-01  0.1069950E+00
  0.3115000E-01  0.1044220E+00
  0.3120000E-01  0.1032579E+00
  0.3125000E-01  0.1028679E+00
  0.3130000E-01  0.1022551E+00
  0.3135000E-01  0.1017855E+00
  0.3140000E-01  0.1027758E+00
  0.3145000E-01  0.1031386E+00
  0.3150000E-01  0.1030317E+00
  0.3155000E-01  0.1035684E+00
  0.3160000E-01  0.1038455E+00
  0.3165000E-01  0.1050765E+00
  0.3170000E-01  0.1073795E+00
  0.3175000E-01  0.1090982E+00
  0.3180000E-01  0.1114038E+00
  0.3185000E-01  0.1148900E+00
  0.3190000E-01  0.1179647E+00
  0.3195000E-01  0.1188854E+00
  0.3200000E-01  0.1192703E+00
  0.3205000E-01  0.1211621E+00
  0.3210000E-01  0.1218167E+00
  0.3215000E-01  0.1216841E+00
  0.3220000E-01  0.1233787E+00
  0.3225000E-01  0.1258396E+00
  0.3230000E-01  0.1269300E+00
  0.3235000E-01  0.1263328E+00
  0.3240000E-01  0.1246993E+00
  0.3245000E-01  0.1229158E+00
  0.3250000E-01  0.1200340E+00
  0.3255000E-01  0.1175972E+00
  0.3260000E-01  0.1161442E+00
  0.3265000E-01  0.1147850E+00
  0.3270000E-01  0.1149020E+00
  0.3275000E-01  0.1155279E+00
  0.3280000E-01  0.1158042E+00
  0.3285000E-01  0.1170032E+00
  0.3290000E-01  0.1184177E+00
  0.3295000E-01  0.1201330E+00
  0.3300000E-01  0.1201846E+00
  0.3305000E-01  0.1195105E+00
  0.3310000E-01  0.1190860E+00
  0.3315000E-01  0.1187419E+00
  0.3320000E-01  0.1198677E+00
  0.3325000E-01  0.1203326E+00
  0.3330000E-01  0.1213776E+00
  0.3335000E-01  0.1213009E+00
  0.3340000E-01  0.1197946E+00
  0.3345000E-01  0.1185007E+00
  0.3350000E-01  0.1179434E+00
  0.3355000E-01  0.1183700E+00
  0.3360000E-01  0.1176897E+00
  0.3365000E-01  0.1168490E+00
  0.3370000E-01  0.1168589E+00
  0.3375000E-01  0.1166758E+00
  0.3380000E-01  0.1151418E+00
  0.3385000E-01  0.1133095E+00
  0.3390000E-01  0.1123000E+00
  0.3395000E-01  0.1126251E+00
  0.3400000E-01  0.1130753E+00
  0.3405000E-01  0.1125710E+00
  0.3410000E-01  0.1135616E+00
  0.3415000E-01  0.1143643E+00
  0.3420000E-01  0.1142904E+00
  0.3425000E-01  0.1151783E+00
  0.3430000E-01  0.1163257E+00
  0.3435000E-01  0.1169331E+00
  0.3440000E-01  0.1181073E+00
  0.3445000E-01  0.1194041E+00
  0.3450000E-01  0.1193871E+00
  0.3455000E-01  0.1188422E+00
  0.3460000E-01  0.1177278E+00
  0.3465000E-01  0.1164507E+00
  0.3470000E-01  0.1152367E+00
  0.3475000E-01  0.1136719E+00
  0.3480000E-01  0.1124219E+00
  0.3485000E-01  0.1110902E+00
  0.3490000E-01  0.1108796E+00
  0.3495000E-01  0.1126191E+00
  0.3500000E-01  0.1146416E+00
  0.3505000E-01  0.1160269E+00
  0.3510000E-01  0.1160222E+00
  0.3515000E-01  0.1159061E+00
  0.3520000E-01  0.1158530E+00
  0.3525000E-01  0.1151986E+00
  0.3530000E-01  0.1151596E+00
  0.3535000E-01  0.1167062E+00
  0.3540000E-01  0.1181984E+00
  0.3545000E-01  0.1179201E+00
  0.3550000E-01  0.1166785E+00
  0.3555000E-01  0.1146837E+00
  0.3560000E-01  0.1135021E+00
  0.3565000E-01  0.1127449E+00
  0.3570000E-01  0.1121731E+00
  0.3575000E-01  0.1113067E+00
  0.3580000E-01  0.1104372E+00
  0.3585000E-01  0.1099822E+00
  0.3590000E-01  0.1099271E+00
  0.3595000E-01  0.1109041E+00
  0.3600000E-01  0.1120044E+00
  0.3605000E-01  0.1125035E+00
  0.3610000E-01  0.1127445E+00
  0.3615000E-01  0.1117884E+00
  0.3620000E-01  0.1107440E+00
  0.3625000E-01  0.1093343E+00
  0.3630000E-01  0.1080245E+00
  0.3635000E-01  0.1071518E+00
  0.3640000E-01  0.1063453E+00
  0.3645000E-01  0.1060793E+00
  0.3650000E-01  0.1057288E+00
  0.3655000E-01  0.1056807E+00
  0.3660000E-01  0.1054113E+00
  0.3665000E-01  0.1056087E+00
  0.3670000E-01  0.1054794E+00
  0.3675000E-01  0.1051773E+00
  0.3680000E-01  0.1060796E+00
  0.3685000E-01  0.1061191E+00
  0.3690000E-01  0.1059688E+00
  0.3695000E-01  0.1056995E+00
  0.3700000E-01  0.1053383E+00
  0.3705000E-01  0.1052461E+00
  0.3710000E-01  0.1058403E+00
  0.3715000E-01  0.1058423E+00
  0.3720000E-01  0.1057513E+00
  0.3725000E-01  0.1052187E+00
  0.3730000E-01  0.1038426E+00
  0.3735000E-01  0.1033048E+00
  0.3740000E-01  0.1029617E+00
  0.3745000E-01  0.1032671E+00
  0.3750000E-01  0.1034065E+00
  0.3755000E-01  0.1028817E+00
  0.3760000E-01  0.1021212E+00
  0.3765000E-01  0.1014659E+00
  0.3770000E-01  0.1001529E+00
  0.3775000E-01  0.9782565E-01
  0.3780000E-01  0.9699964E-01
  0.3785000E-01  0.9756625E-01
  0.3790000E-01  0.9931117E-01
  0.3795000E-01  0.1006209E+00
  0.3800000E-01  0.1018228E+00
  0.3805000E-01  0.1031346E+00
  0.3810000E-01  0.1038739E+00
  0.3815000E-01  0.1052082E+00
  0.3820000E-01  0.1073257E+00
  0.3825000E-01  0.1090010E+00
  0.3830000E-01  0.1096876E+00
  0.3835000E-01  0.1101473E+00
  0.3840000E-01  0.1112169E+00
  0.3845000E-01  0.1114777E+00
  0.3850000E-01  0.1109144E+00
  0.3855000E-01  0.1087265E+00
  0.3860000E-01  0.1066941E+00
  0.3865000E-01  0.1070307E+00
  0.3870000E-01  0.1094071E+00
  0.3875000E-01  0.1130544E+00
  0.3880000E-01  0.1146158E+00
  0.3885000E-01  0.1136241E+00
  0.3890000E-01  0.1115322E+00
  0.3895000E-01  0.1092808E+00
  0.3900000E-01  0.1085611E+00
  0.3905000E-01  0.1086850E+00
  0.3910000E-01  0.1088983E+00
  0.3915000E-01  0.1095440E+00
  0.3920000E-01  0.1103878E+00
  0.3925000E-01  0.1096369E+00
  0.3930000E-01  0.1093933E+00
  0.3935000E-01  0.1087958E+00
  0.3940000E-01  0.1077425E+00
  0.3945000E-01  0.1064475E+00
  0.3950000E-01  0.1052784E+00
  0.3955000E-01  0.1045186E+00
  0.3960000E-01  0.1042344E+00
  0.3965000E-01  0.1044704E+00
  0.3970000E-01  0.1055821E+00
  0.3975000E-01  0.1073938E+00
  0.3980000E-01  0.1083137E+00
  0.3985000E-01  0.1085470E+00
  0.3990000E-01  0.1085729E+00
  0.3995000E-01  0.1086947E+00
  0.4000000E-01  0.1089267E+00
  0.4005000E-01  0.1095779E+00
  0.4010000E-01  0.1098351E+00
  0.4015000E-01  0.1100980E+00
  0.4020000E-01  0.1109689E+00
  0.4025000E-01  0.1121646E+00
  0.4030000E-01  0.1131618E+00
  0.4035000E-01  0.1138772E+00
  0.4040000E-01  0.1136529E+00
  0.4045000E-01  0.1118430E+00
  0.4050000E-01  0.1111012E+00
  0.4055000E-01  0.1106127E+00
  0.4060000E-01  0.1101723E+00
  0.4065000E-01  0.1107116E+00
  0.4070000E-01  0.1114936E+00
  0.4075000E-01  0.1122773E+00
  0.4080000E-01  0.1122033E+00
  0.4085000E-01  0.1119673E+00
  0.4090000E-01  0.1127077E+00
  0.4095000E-01  0.1141680E+00
  0.4100000E-01  0.1144929E+00
  0.4105000E-01  0.1135397E+00
  0.4110000E-01  0.1137050E+00
  0.4115000E-01  0.1147705E+00
  0.4120000E-01  0.1151090E+00
  0.4125000E-01  0.1146023E+00
  0.4130000E-01  0.1136684E+00
  0.4135000E-01  0.1129751E+00
  0.4140000E-01  0.1124593E+00
  0.4145000E-01  0.1121746E+00
  0.4150000E-01  0.1122522E+00
  0.4155000E-01  0.1124631E+00
  0.4160000E-01  0.1131385E+00
  0.4165000E-01  0.1145842E+00
  0.4170000E-01  0.1157374E+00
  0.4175000E-01  0.1170095E+00
  0.4180000E-01  0.1175561E+00
  0.4185000E-01  0.1167456E+00
  0.4190000E-01  0.1148638E+00
  0.4195000E-01  0.1144765E+00
  0.4200000E-01  0.1156686E+00
  0.4205000E-01  0.1169472E+00
  0.4210000E-01  0.1174939E+00
  0.4215000E-01  0.1166579E+00
  0.4220000E-01  0.1141942E+00
  0.4225000E-01  0.1115513E+00
  0.4230000E-01  0.1096507E+00
  0.4235000E-01  0.1084130E+00
  0.4240000E-01  0.1083017E+00
  0.4245000E-01  0.1091814E+00
  0.4250000E-01  0.1102869E+00
  0.4255000E-01  0.1114005E+00
  0.4260000E-01  0.1122616E+00
  0.4265000E-01  0.1121408E+00
  0.4270000E-01  0.1127053E+00
  0.4275000E-01  0.1135361E+00
  0.4280000E-01  0.1146054E+00
  0.4285000E-01  0.1152832E+00
  0.4290000E-01  0.1159581E+00
  0.4295000E-01  0.1173102E+00
  0.4300000E-01  0.1176313E+00
  0.4305000E-01  0.1172854E+00
  0.4310000E-01  0.1161602E+00
  0.4315000E-01  0.1162441E+00
  0.4320000E-01  0.1157991E+00
  0.4325000E-01  0.1152220E+00
  0.4330000E-01  0.1156773E+00
  0.4335000E-01  0.1171873E+00
  0.4340000E-01  0.1182997E+00
  0.4345000E-01  0.1181258E+00
  0.4350000E-01  0.1186036E+00
  0.4355000E-01  0.1192368E+00
  0.4360000E-01  0.1203309E+00
  0.4365000E-01  0.1208643E+00
  0.4370000E-01  0.1211976E+00
  0.4375000E-01  0.1221422E+00
  0.4380000E-01  0.1224554E+00
  0.4385000E-01  0.1228325E+00
  0.4390000E-01  0.1228355E+00
  0.4395000E-01  0.1228778E+00
  0.4400000E-01  0.1223593E+00
  0.4405000E-01  0.1204767E+00
  0.4410000E-01  0.1188412E+00
  0.4415000E-01  0.1165546E+00
  0.4420000E-01  0.1156122E+00
  0.4425000E-01  0.1157230E+00
  0.4430000E-01  0.1138922E+00
  0.4435000E-01  0.1133936E+00
  0.4440000E-01  0.1135035E+00
  0.4445000E-01  0.1126080E+00
  0.4450000E-01  0.1117729E+00
  0.4455000E-01  0.1115933E+00
  0.4460000E-01  0.1122087E+00
  0.4465000E-01  0.1145463E+00
  0.4470000E-01  0.1156317E+00
  0.4475000E-01  0.1158775E+00
  0.4480000E-01  0.1153518E+00
  0.4485000E-01  0.1140715E+00
  0.4490000E-01  0.1133326E+00
  0.4495000E-01  0.1134162E+00
  0.4500000E-01  0.1146216E+00
  0.4505000E-01  0.1154911E+00
  0.4510000E-01  0.1156818E+00
  0.4515000E-01  0.1151104E+00
  0.4520000E-01  0.1130575E+00
  0.4525000E-01  0.1114772E+00
  0.4530000E-01  0.1113828E+00
  0.4535000E-01  0.1120533E+00
  0.4540000E-01  0.1119621E+00
  0.4545000E-01  0.1114488E+00
  0.4550000E-01  0.1114873E+00
  0.4555000E-01  0.1123514E+00
  0.4560000E-01  0.1141792E+00
  0.4565000E-01  0.1164303E+00
  0.4570000E-01  0.1190504E+00
  0.4575000E-01  0.1205849E+00
  0.4580000E-01  0.1211251E+00
  0.4585000E-01  0.1208523E+00
  0.4590000E-01  0.1211708E+00
  0.4595000E-01  0.1227338E+00
  0.4600000E-01  0.1233242E+00
  0.4605000E-01  0.1236133E+00
  0.4610000E-01  0.1230695E+00
  0.4615000E-01  0.1215968E+00
  0.4620000E-01  0.1203022E+00
  0.4625000E-01  0.1197060E+00
  0.4630000E-01  0.1200972E+00
  0.4635000E-01  0.1204779E+00
  0.4640000E-01  0.1200015E+00
  0.4645000E-01  0.1198974E+00
  0.4650000E-01  0.1198700E+00
  0.4655000E-01  0.1194074E+00
  0.4660000E-01  0.1184798E+00
  0.4665000E-01  0.1175665E+00
  0.4670000E-01  0.1171026E+00
  0.4675000E-01  0.1177537E+00
  0.4680000E-01  0.1176778E+00
  0.4685000E-01  0.1160075E+00
  0.4690000E-01  0.1144816E+00
  0.4695000E-01  0.1126752E+00
  0.4700000E-01  0.1113655E+00
  0.4705000E-01  0.1102735E+00
  0.4710000E-01  0.1097976E+00
  0.4715000E-01  0.1100139E+00
  0.4720000E-01  0.1108254E+00
  0.4725000E-01  0.1117639E+00
  0.4730000E-01  0.1118591E+00
  0.4735000E-01  0.1127618E+00
  0.4740000E-01  0.1132425E+00
  0.4745000E-01  0.1139087E+00
  0.4750000E-01  0.1156893E+00
  0.4755000E-01  0.1182570E+00
  0.4760000E-01  0.1206549E+00
  0.4765000E-01  0.1229068E+00
  0.4770000E-01  0.1236451E+00
  0.4775000E-01  0.1224079E+00
  0.4780000E-01  0.1212145E+00
  0.4785000E-01  0.1208270E+00
  0.4790000E-01  0.1204145E+00
  0.4795000E-01  0.1194036E+00
  0.4800000E-01  0.1181226E+00
  0.4805000E-01  0.1168411E+00
  0.4810000E-01  0.1164550E+00
  0.4815000E-01  0.1165779E+00
  0.4820000E-01  0.1188065E+00
  0.4825000E-01  0.1213971E+00
  0.4830000E-01  0.1230993E+00
  0.4835000E-01  0.1233601E+00
  0.4840000E-01  0.1242647E+00
  0.4845000E-01  0.1243149E+00
  0.4850000E-01  0.1241224E+00
  0.4855000E-01  0.1239322E+00
  0.4860000E-01  0.1238652E+00
  0.4865000E-01  0.1239881E+00
  0.4870000E-01  0.1241566E+00
  0.4875000E-01  0.1242039E+00
  0.4880000E-01  0.1236213E+00
  0.4885000E-01  0.1215873E+00
  0.4890000E-01  0.1196003E+00
  0.4895000E-01  0.1196184E+00
  0.4900000E-01  0.1206368E+00
  0.4905000E-01  0.1213174E+00
  0.4910000E-01  0.1218488E+00
  0.4915000E-01  0.1219369E+00
  0.4920000E-01  0.1212024E+00
  0.4925000E-01  0.1205422E+00
  0.4930000E-01  0.1205677E+00
  0.4935000E-01  0.1200563E+00
  0.4940000E-01  0.1195372E+00
  0.4945000E-01  0.1193354E+00
  0.4950000E-01  0.1184419E+00
  0.4955000E-01  0.1177071E+00
  0.4960000E-01  0.1171068E+00
  0.4965000E-01  0.1169286E+00
  0.4970000E-01  0.1173601E+00
  0.4975000E-01  0.1182642E+00
  0.4980000E-01  0.1190877E+00
  0.4985000E-01  0.1178174E+00
  0.4990000E-01  0.1163209E+00
  0.4995000E-01  0.1157169E+00
  0.5000000E-01  0.1157416E+00
  0.5005000E-01  0.1160725E+00
  0.5010000E-01  0.1156754E+00
  0.5015000E-01  0.1151806E+00
  0.5020000E-01  0.1153131E+00
  0.5025000E-01  0.1161238E+00
  0.5030000E-01  0.1168662E+00
  0.5035000E-01  0.1169835E+00
  0.5040000E-01  0.1164650E+00
  0.5045000E-01  0.1159864E+00
  0.5050000E-01  0.1152712E+00
  0.5055000E-01  0.1143794E+00
  0.5060000E-01  0.1133679E+00
  0.5065000E-01  0.1129353E+00
  0.5070000E-01  0.1128087E+00
  0.5075000E-01  0.1131294E+00
  0.5080000E-01  0.1146765E+00
  0.5085000E-01  0.1171120E+00
  0.5090000E-01  0.1192521E+00
  0.5095000E-01  0.1206066E+00
  0.5100000E-01  0.1211946E+00
  0.5105000E-01  0.1221544E+00
  0.5110000E-01  0.1239357E+00
  0.5115000E-01  0.1232586E+00
  0.5120000E-01  0.1220288E+00
  0.5125000E-01  0.1210892E+00
  0.5130000E-01  0.1209633E+00
  0.5135000E-01  0.1210782E+00
  0.5140000E-01  0.1204099E+00
  0.5145000E-01  0.1192745E+00
  0.5150000E-01  0.1186579E+00
  0.5155000E-01  0.1187289E+00
  0.5160000E-01  0.1191222E+00
  0.5165000E-01  0.1187809E+00
  0.5170000E-01  0.1180652E+00
  0.5175000E-01  0.1174829E+00
  0.5180000E-01  0.1173398E+00
  0.5185000E-01  0.1169997E+00
  0.5190000E-01  0.1166551E+00
  0.5195000E-01  0.1161258E+00
  0.5200000E-01  0.1157739E+00
  0.5205000E-01  0.1157632E+00
  0.5210000E-01  0.1158406E+00
  0.5215000E-01  0.1161467E+00
  0.5220000E-01  0.1170597E+00
  0.5225000E-01  0.1179963E+00
  0.5230000E-01  0.1182743E+00
  0.5235000E-01  0.1188265E+00
  0.5240000E-01  0.1193167E+00
  0.5245000E-01  0.1201064E+00
  0.5250000E-01  0.1213763E+00
  0.5255000E-01  0.1227842E+00
  0.5260000E-01  0.1238491E+00
  0.5265000E-01  0.1233328E+00
  0.5270000E-01  0.1215751E+00
  0.5275000E-01  0.1197806E+00
  0.5280000E-01  0.1195770E+00
  0.5285000E-01  0.1210318E+00
  0.5290000E-01  0.1214711E+00
  0.5295000E-01  0.1201360E+00
  0.5300000E-01  0.1190483E+00
  0.5305000E-01  0.1181828E+00
  0.5310000E-01  0.1175809E+00
  0.5315000E-01  0.1178749E+00
  0.5320000E-01  0.1173477E+00
  0.5325000E-01  0.1163560E+00
  0.5330000E-01  0.1156168E+00
  0.5335000E-01  0.1153222E+00
  0.5340000E-01  0.1158549E+00
  0.5345000E-01  0.1169189E+00
  0.5350000E-01  0.1182128E+00
  0.5355000E-01  0.1191283E+00
  0.5360000E-01  0.1199060E+00
  0.5365000E-01  0.1193599E+00
  0.5370000E-01  0.1177435E+00
  0.5375000E-01  0.1163605E+00
  0.5380000E-01  0.1153925E+00
  0.5385000E-01  0.1140902E+00
  0.5390000E-01  0.1131798E+00
  0.5395000E-01  0.1134268E+00
  0.5400000E-01  0.1139522E+00
  0.5405000E-01  0.1146134E+00
  0.5410000E-01  0.1153145E+00
  0.5415000E-01  0.1157560E+00
  0.5420000E-01  0.1164106E+00
  0.5425000E-01  0.1171725E+00
  0.5430000E-01  0.1174915E+00
  0.5435000E-01  0.1172610E+00
  0.5440000E-01  0.1169716E+00
  0.5445000E-01  0.1164093E+00
  0.5450000E-01  0.1152344E+00
  0.5455000E-01  0.1142973E+00
  0.5460000E-01  0.1135163E+00
  0.5465000E-01  0.1119456E+00
  0.5470000E-01  0.1104970E+00
  0.5475000E-01  0.1106064E+00
  0.5480000E-01  0.1119186E+00
  0.5485000E-01  0.1131608E+00
  0.5490000E-01  0.1140511E+00
  0.5495000E-01  0.1143511E+00
  0.5500000E-01  0.1146779E+00
  0.5505000E-01  0.1148943E+00
  0.5510000E-01  0.1147651E+00
  0.5515000E-01  0.1140328E+00
  0.5520000E-01  0.1133975E+00
  0.5525000E-01  0.1136944E+00
  0.5530000E-01  0.1147513E+00
  0.5535000E-01  0.1149118E+00
  0.5540000E-01  0.1136344E+00
  0.5545000E-01  0.1123233E+00
  0.5550000E-01  0.1116457E+00
  0.5555000E-01  0.1112588E+00
  0.5560000E-01  0.1113429E+00
  0.5565000E-01  0.1114744E+00
  0.5570000E-01  0.1115113E+00
  0.5575000E-01  0.1113315E+00
  0.5580000E-01  0.1106630E+00
  0.5585000E-01  0.1103903E+00
  0.5590000E-01  0.1102208E+00
  0.5595000E-01  0.1089937E+00
  0.5600000E-01  0.1087131E+00
  0.5605000E-01  0.1086444E+00
  0.5610000E-01  0.1095540E+00
  0.5615000E-01  0.1116473E+00
  0.5620000E-01  0.1136513E+00
  0.5625000E-01  0.1143213E+00
  0.5630000E-01  0.1138287E+00
  0.5635000E-01  0.1141441E+00
  0.5640000E-01  0.1140427E+00
  0.5645000E-01  0.1137779E+00
  0.5650000E-01  0.1140352E+00
  0.5655000E-01  0.1144735E+00
  0.5660000E-01  0.1153297E+00
  0.5665000E-01  0.1164564E+00
  0.5670000E-01  0.1175609E+00
  0.5675000E-01  0.1190165E+00
  0.5680000E-01  0.1208348E+00
  0.5685000E-01  0.1209482E+00
  0.5690000E-01  0.1210508E+00
  0.5695000E-01  0.1214243E+00
  0.5700000E-01  0.1211158E+00
  0.5705000E-01  0.1196392E+00
  0.5710000E-01  0.1178196E+00
  0.5715000E-01  0.1166596E+00
  0.5720000E-01  0.1156888E+00
  0.5725000E-01  0.1144071E+00
  0.5730000E-01  0.1135774E+00
  0.5735000E-01  0.1128819E+00
  0.5740000E-01  0.1124458E+00
  0.5745000E-01  0.1114847E+00
  0.5750000E-01  0.1104387E+00
  0.5755000E-01  0.1096753E+00
  0.5760000E-01  0.1094270E+00
  0.5765000E-01  0.1097013E+00
  0.5770000E-01  0.1101187E+00
  0.5775000E-01  0.1101082E+00
  0.5780000E-01  0.1104411E+00
  0.5785000E-01  0.1108961E+00
  0.5790000E-01  0.1109056E+00
  0.5795000E-01  0.1107838E+00
  0.5800000E-01  0.1114880E+00
  0.5805000E-01  0.1123313E+00
  0.5810000E-01  0.1124283E+00
  0.5815000E-01  0.1127225E+00
  0.5820000E-01  0.1128653E+00
  0.5825000E-01  0.1126204E+00
  0.5830000E-01  0.1117514E+00
  0.5835000E-01  0.1111468E+00
  0.5840000E-01  0.1113915E+00
  0.5845000E-01  0.1118707E+00
  0.5850000E-01  0.1113975E+00
  0.5855000E-01  0.1105826E+00
  0.5860000E-01  0.1097946E+00
  0.5865000E-01  0.1102720E+00
  0.5870000E-01  0.1120234E+00
  0.5875000E-01  0.1123296E+00
  0.5880000E-01  0.1114029E+00
  0.5885000E-01  0.1107626E+00
  0.5890000E-01  0.1099969E+00
  0.5895000E-01  0.1091701E+00
  0.5900000E-01  0.1078134E+00
  0.5905000E-01  0.1075697E+00
  0.5910000E-01  0.1078574E+00
  0.5915000E-01  0.1071023E+00
  0.5920000E-01  0.1060132E+00
  0.5925000E-01  0.1055191E+00
  0.5930000E-01  0.1058370E+00
  0.5935000E-01  0.1060937E+00
  0.5940000E-01  0.1067381E+00
  0.5945000E-01  0.1076507E+00
  0.5950000E-01  0.1073864E+00
  0.5955000E-01  0.1063060E+00
  0.5960000E-01  0.1043668E+00
  0.5965000E-01  0.1028578E+00
  0.5970000E-01  0.1018160E+00
  0.5975000E-01  0.1011008E+00
  0.5980000E-01  0.1005513E+00
  0.5985000E-01  0.9971979E-01
  0.5990000E-01  0.9872979E-01
  0.5995000E-01  0.9822486E-01
  0.6000000E-01  0.9810509E-01
  0.6005000E-01  0.9848410E-01
  0.6010000E-01  0.9937980E-01
  0.6015000E-01  0.1002668E+00
  0.6020000E-01  0.1001903E+00
  0.6025000E-01  0.9932770E-01
  0.6030000E-01  0.9886126E-01
  0.6035000E-01  0.9883026E-01
  0.6040000E-01  0.9882060E-01
  0.6045000E-01  0.9901127E-01
  0.6050000E-01  0.9928404E-01
  0.6055000E-01  0.9996196E-01
  0.6060000E-01  0.9955779E-01
  0.6065000E-01  0.9942715E-01
  0.6070000E-01  0.1003704E+00
  0.6075000E-01  0.1013273E+00
  0.6080000E-01  0.1029744E+00
  0.6085000E-01  0.1031596E+00
  0.6090000E-01  0.1021423E+00
  0.6095000E-01  0.1026890E+00
  0.6100000E-01  0.1033829E+00
  0.6105000E-01  0.1046350E+00
  0.6110000E-01  0.1058381E+00
  0.6115000E-01  0.1050593E+00
  0.6120000E-01  0.1043913E+00
  0.6125000E-01  0.1048971E+00
  0.6130000E-01  0.1049896E+00
  0.6135000E-01  0.1048648E+00
  0.6140000E-01  0.1047938E+00
  0.6145000E-01  0.1052907E+00
  0.6150000E-01  0.1051043E+00
  0.6155000E-01  0.1043588E+00
  0.6160000E-01  0.1040711E+00
  0.6165000E-01  0.1043761E+00
  0.6170000E-01  0.1046985E+00
  0.6175000E-01  0.1055048E+00
  0.6180000E-01  0.1073306E+00
  0.6185000E-01  0.1093641E+00
  0.6190000E-01  0.1106898E+00
  0.6195000E-01  0.1107831E+00
  0.6200000E-01  0.1111664E+00
  0.6205000E-01  0.1108116E+00
  0.6210000E-01  0.1092953E+00
  0.6215000E-01  0.1080388E+00
  0.6220000E-01  0.1076131E+00
  0.6225000E-01  0.1072151E+00
  0.6230000E-01  0.1060350E+00
  0.6235000E-01  0.1041043E+00
  0.6240000E-01  0.1022641E+00
  0.6245000E-01  0.1017697E+00
  0.6250000E-01  0.1015532E+00
  0.6255000E-01  0.1016445E+00
  0.6260000E-01  0.1026443E+00
  0.6265000E-01  0.1033499E+00
  0.6270000E-01  0.1042538E+00
  0.6275000E-01  0.1050779E+00
  0.6280000E-01  0.1066922E+00
  0.6285000E-01  0.1075976E+00
  0.6290000E-01  0.1087486E+00
  0.6295000E-01  0.1090076E+00
  0.6300000E-01  0.1076148E+00
  0.6305000E-01  0.1073723E+00
  0.6310000E-01  0.1061060E+00
  0.6315000E-01  0.1060555E+00
  0.6320000E-01  0.1066117E+00
  0.6325000E-01  0.1071975E+00
  0.6330000E-01  0.1083676E+00
  0.6335000E-01  0.1104022E+00
  0.6340000E-01  0.1132974E+00
  0.6345000E-01  0.1156982E+00
  0.6350000E-01  0.1178466E+00
  0.6355000E-01  0.1189703E+00
  0.6360000E-01  0.1194444E+00
  0.6365000E-01  0.1203348E+00
  0.6370000E-01  0.1205970E+00
  0.6375000E-01  0.1207377E+00
  0.6380000E-01  0.1202748E+00
  0.6385000E-01  0.1202507E+00
  0.6390000E-01  0.1203392E+00
  0.6395000E-01  0.1200017E+00
  0.6400000E-01  0.1202154E+00
  0.6405000E-01  0.1204911E+00
  0.6410000E-01  0.1201854E+00
  0.6415000E-01  0.1188930E+00
  0.6420000E-01  0.1175620E+00
  0.6425000E-01  0.1167459E+00
  0.6430000E-01  0.1155433E+00
  0.6435000E-01  0.1151763E+00
  0.6440000E-01  0.1152258E+00
  0.6445000E-01  0.1158275E+00
  0.6450000E-01  0.1164554E+00
  0.6455000E-01  0.1169398E+00
  0.6460000E-01  0.1176342E+00
  0.6465000E-01  0.1189073E+00
  0.6470000E-01  0.1190332E+00
  0.6475000E-01  0.1182857E+00
  0.6480000E-01  0.1166650E+00
  0.6485000E-01  0.1147294E+00
  0.6490000E-01  0.1131632E+00
  0.6495000E-01  0.1115906E+00
  0.6500000E-01  0.1102058E+00
  0.6505000E-01  0.1099331E+00
  0.6510000E-01  0.1103847E+00
  0.6515000E-01  0.1107395E+00
  0.6520000E-01  0.1095423E+00
  0.6525000E-01  0.1086169E+00
  0.6530000E-01  0.1082812E+00
  0.6535000E-01  0.1078582E+00
  0.6540000E-01  0.1073804E+00
  0.6545000E-01  0.1080114E+00
  0.6550000E-01  0.1100897E+00
  0.6555000E-01  0.1124211E+00
  0.6560000E-01  0.1134979E+00
  0.6565000E-01  0.1129158E+00
  0.6570000E-01  0.1110559E+00
  0.6575000E-01  0.1095906E+00
  0.6580000E-01  0.1084243E+00
  0.6585000E-01  0.1066562E+00
  0.6590000E-01  0.1044406E+00
  0.6595000E-01  0.1028765E+00
  0.6600000E-01  0.1009459E+00
  0.6605000E-01  0.9990078E-01
  0.6610000E-01  0.1000220E+00
  0.6615000E-01  0.9954566E-01
  0.6620000E-01  0.9892719E-01
  0.6625000E-01  0.9879706E-01
  0.6630000E-01  0.9933875E-01
  0.6635000E-01  0.9907532E-01
  0.6640000E-01  0.9794615E-01
  0.6645000E-01  0.9785977E-01
  0.6650000E-01  0.9988897E-01
  0.6655000E-01  0.1010806E+00
  0.6660000E-01  0.1008409E+00
  0.6665000E-01  0.1016191E+00
  0.6670000E-01  0.1031252E+00
  0.6675000E-01  0.1030795E+00
  0.6680000E-01  0.1016237E+00
  0.6685000E-01  0.9920307E-01
  0.6690000E-01  0.9872494E-01
  0.6695000E-01  0.9824902E-01
  0.6700000E-01  0.9854011E-01
  0.6705000E-01  0.9862577E-01
  0.6710000E-01  0.9851275E-01
  0.6715000E-01  0.9869154E-01
  0.6720000E-01  0.9858470E-01
  0.6725000E-01  0.9858773E-01
  0.6730000E-01  0.9798990E-01
  0.6735000E-01  0.9798899E-01
  0.6740000E-01  0.9936943E-01
  0.6745000E-01  0.1007685E+00
  0.6750000E-01  0.1002209E+00
  0.6755000E-01  0.9952257E-01
  0.6760000E-01  0.9942033E-01
  0.6765000E-01  0.1002965E+00
  0.6770000E-01  0.1022113E+00
  0.6775000E-01  0.1040441E+00
  0.6780000E-01  0.1048370E+00
  0.6785000E-01  0.1052582E+00
  0.6790000E-01  0.1058441E+00
  0.6795000E-01  0.1051941E+00
  0.6800000E-01  0.1033822E+00
  0.6805000E-01  0.1029334E+00
  0.6810000E-01  0.1050143E+00
  0.6815000E-01  0.1068970E+00
  0.6820000E-01  0.1080208E+00
  0.6825000E-01  0.1088041E+00
  0.6830000E-01  0.1104019E+00
  0.6835000E-01  0.1113969E+00
  0.6840000E-01  0.1104796E+00
  0.6845000E-01  0.1092623E+00
  0.6850000E-01  0.1079793E+00
  0.6855000E-01  0.1068948E+00
  0.6860000E-01  0.1063591E+00
  0.6865000E-01  0.1071712E+00
  0.6870000E-01  0.1085422E+00
  0.6875000E-01  0.1091161E+00
  0.6880000E-01  0.1113580E+00
  0.6885000E-01  0.1144495E+00
  0.6890000E-01  0.1171841E+00
  0.6895000E-01  0.1199100E+00
  0.6900000E-01  0.1231764E+00
  0.6905000E-01  0.1261829E+00
  0.6910000E-01  0.1281232E+00
  0.6915000E-01  0.1280848E+00
  0.6920000E-01  0.1274588E+00
  0.6925000E-01  0.1266606E+00
  0.6930000E-01  0.1253605E+00
  0.6935000E-01  0.1240239E+00
  0.6940000E-01  0.1229979E+00
  0.6945000E-01  0.1223392E+00
  0.6950000E-01  0.1238113E+00
  0.6955000E-01  0.1253971E+00
  0.6960000E-01  0.1251262E+00
  0.6965000E-01  0.1245389E+00
  0.6970000E-01  0.1250884E+00
  0.6975000E-01  0.1258464E+00
  0.6980000E-01  0.1244844E+00
  0.6985000E-01  0.1221909E+00
  0.6990000E-01  0.1193870E+00
  0.6995000E-01  0.1167788E+00
  0.7000000E-01  0.1154704E+00
  0.7005000E-01  0.1138282E+00
  0.7010000E-01  0.1122013E+00
  0.7015000E-01  0.1118199E+00
  0.7020000E-01  0.1112835E+00
  0.7025000E-01  0.1115825E+00
  0.7030000E-01  0.1125706E+00
  0.7035000E-01  0.1131113E+00
  0.7040000E-01  0.1152428E+00
  0.7045000E-01  0.1176686E+00
  0.7050000E-01  0.1173861E+00
  0.7055000E-01  0.1153773E+00
  0.7060000E-01  0.1149251E+00
  0.7065000E-01  0.1172350E+00
  0.7070000E-01  0.1174100E+00
  0.7075000E-01  0.1158031E+00
  0.7080000E-01  0.1129266E+00
  0.7085000E-01  0.1120498E+00
  0.7090000E-01  0.1119866E+00
  0.7095000E-01  0.1110529E+00
  0.7100000E-01  0.1116522E+00
  0.7105000E-01  0.1144448E+00
  0.7110000E-01  0.1164116E+00
  0.7115000E-01  0.1162673E+00
  0.7120000E-01  0.1174838E+00
  0.7125000E-01  0.1196203E+00
  0.7130000E-01  0.1222381E+00
  0.7135000E-01  0.1243762E+00
  0.7140000E-01  0.1258031E+00
  0.7145000E-01  0.1253256E+00
  0.7150000E-01  0.1242550E+00
  0.7155000E-01  0.1225241E+00
  0.7160000E-01  0.1204744E+00
  0.7165000E-01  0.1181770E+00
  0.7170000E-01  0.1147862E+00
  0.7175000E-01  0.1099424E+00
  0.7180000E-01  0.1077549E+00
  0.7185000E-01  0.1078574E+00
  0.7190000E-01  0.1095577E+00
  0.7195000E-01  0.1113659E+00
  0.7200000E-01  0.1112087E+00
  0.7205000E-01  0.1105000E+00
  0.7210000E-01  0.1102119E+00
  0.7215000E-01  0.1099790E+00
  0.7220000E-01  0.1099599E+00
  0.7225000E-01  0.1126599E+00
  0.7230000E-01  0.1152301E+00
  0.7235000E-01  0.1178039E+00
  0.7240000E-01  0.1193430E+00
  0.7245000E-01  0.1190335E+00
  0.7250000E-01  0.1187697E+00
  0.7255000E-01  0.1220294E+00
  0.7260000E-01  0.1235095E+00
  0.7265000E-01  0.1239405E+00
  0.7270000E-01  0.1236715E+00
  0.7275000E-01  0.1233444E+00
  0.7280000E-01  0.1246693E+00
  0.7285000E-01  0.1239843E+00
  0.7290000E-01  0.1217385E+00
  0.7295000E-01  0.1207250E+00
  0.7300000E-01  0.1210361E+00
  0.7305000E-01  0.1234072E+00
  0.7310000E-01  0.1245696E+00
  0.7315000E-01  0.1247715E+00
  0.7320000E-01  0.1249507E+00
  0.7325000E-01  0.1238558E+00
  0.7330000E-01  0.1231019E+00
  0.7335000E-01  0.1231781E+00
  0.7340000E-01  0.1229305E+00
  0.7345000E-01  0.1228111E+00
  0.7350000E-01  0.1218154E+00
  0.7355000E-01  0.1198882E+00
  0.7360000E-01  0.1198930E+00
  0.7365000E-01  0.1214519E+00
  0.7370000E-01  0.1219327E+00
  0.7375000E-01  0.1212762E+00
  0.7380000E-01  0.1206301E+00
  0.7385000E-01  0.1200780E+00
  0.7390000E-01  0.1198264E+00
  0.7395000E-01  0.1211640E+00
  0.7400000E-01  0.1246403E+00
  0.7405000E-01  0.1251636E+00
  0.7410000E-01  0.1231096E+00
  0.7415000E-01  0.1184863E+00
  0.7420000E-01  0.1145722E+00
  0.7425000E-01  0.1122275E+00
  0.7430000E-01  0.1098634E+00
  0.7435000E-01  0.1062868E+00
  0.7440000E-01  0.1041734E+00
  0.7445000E-01  0.1037354E+00
  0.7450000E-01  0.1058076E+00
  0.7455000E-01  0.1102912E+00
  0.7460000E-01  0.1151596E+00
  0.7465000E-01  0.1191177E+00
  0.7470000E-01  0.1215334E+00
  0.7475000E-01  0.1226667E+00
  0.7480000E-01  0.1233491E+00
  0.7485000E-01  0.1216893E+00
  0.7490000E-01  0.1193785E+00
  0.7495000E-01  0.1189846E+00
  0.7500000E-01  0.1220201E+00
  0.7505000E-01  0.1225647E+00
  0.7510000E-01  0.1224705E+00
  0.7515000E-01  0.1245291E+00
  0.7520000E-01  0.1269305E+00
  0.7525000E-01  0.1273160E+00
  0.7530000E-01  0.1256817E+00
  0.7535000E-01  0.1246800E+00
  0.7540000E-01  0.1250615E+00
  0.7545000E-01  0.1242836E+00
  0.7550000E-01  0.1207593E+00
  0.7555000E-01  0.1194599E+00
  0.7560000E-01  0.1232576E+00
  0.7565000E-01  0.1253668E+00
  0.7570000E-01  0.1270770E+00
  0.7575000E-01  0.1290651E+00
  0.7580000E-01  0.1299984E+00
  0.7585000E-01  0.1315069E+00
  0.7590000E-01  0.1331810E+00
  0.7595000E-01  0.1331262E+00
  0.7600000E-01  0.1312675E+00
  0.7605000E-01  0.1284939E+00
  0.7610000E-01  0.1284428E+00
  0.7615000E-01  0.1313033E+00
  0.7620000E-01  0.1342736E+00
  0.7625000E-01  0.1355208E+00
  0.7630000E-01  0.1365226E+00
  0.7635000E-01  0.1383678E+00
  0.7640000E-01  0.1401101E+00
  0.7645000E-01  0.1413176E+00
  0.7650000E-01  0.1442415E+00
  0.7655000E-01  0.1487458E+00
  0.7660000E-01  0.1522311E+00
  0.7665000E-01  0.1533858E+00
  0.7670000E-01  0.1511869E+00
  0.7675000E-01  0.1496366E+00
  0.7680000E-01  0.1481507E+00
  0.7685000E-01  0.1472428E+00
  0.7690000E-01  0.1465875E+00
  0.7695000E-01  0.1443547E+00
  0.7700000E-01  0.1422553E+00
  0.7705000E-01  0.1408880E+00
  0.7710000E-01  0.1406780E+00
  0.7715000E-01  0.1411480E+00
  0.7720000E-01  0.1413204E+00
  0.7725000E-01  0.1403965E+00
  0.7730000E-01  0.1388733E+00
  0.7735000E-01  0.1375966E+00
  0.7740000E-01  0.1366382E+00
  0.7745000E-01  0.1344966E+00
  0.7750000E-01  0.1330268E+00
  0.7755000E-01  0.1317739E+00
  0.7760000E-01  0.1308199E+00
  0.7765000E-01  0.1299214E+00
  0.7770000E-01  0.1285323E+00
  0.7775000E-01  0.1277121E+00
  0.7780000E-01  0.1285166E+00
  0.7785000E-01  0.1315120E+00
  0.7790000E-01  0.1339931E+00
  0.7795000E-01  0.1348802E+00
  0.7800000E-01  0.1347827E+00
  0.7805000E-01  0.1319606E+00
  0.7810000E-01  0.1283017E+00
  0.7815000E-01  0.1263530E+00
  0.7820000E-01  0.1272365E+00
  0.7825000E-01  0.1290767E+00
  0.7830000E-01  0.1319311E+00
  0.7835000E-01  0.1356267E+00
  0.7840000E-01  0.1361977E+00
  0.7845000E-01  0.1355587E+00
  0.7850000E-01  0.1354628E+00
  0.7855000E-01  0.1334302E+00
  0.7860000E-01  0.1330986E+00
  0.7865000E-01  0.1320749E+00
  0.7870000E-01  0.1317976E+00
  0.7875000E-01  0.1321597E+00
  0.7880000E-01  0.1339662E+00
  0.7885000E-01  0.1366413E+00
  0.7890000E-01  0.1384213E+00
  0.7895000E-01  0.1389440E+00
  0.7900000E-01  0.1403624E+00
  0.7905000E-01  0.1405156E+00
  0.7910000E-01  0.1382130E+00
  0.7915000E-01  0.1358029E+00
  0.7920000E-01  0.1363428E+00
  0.7925000E-01  0.1370227E+00
  0.7930000E-01  0.1361893E+00
  0.7935000E-01  0.1334336E+00
  0.7940000E-01  0.1320086E+00
  0.7945000E-01  0.1334511E+00
  0.7950000E-01  0.1378496E+00
  0.7955000E-01  0.1441122E+00
  0.7960000E-01  0.1469618E+00
  0.7965000E-01  0.1458436E+00
  0.7970000E-01  0.1431575E+00
  0.7975000E-01  0.1421730E+00
  0.7980000E-01  0.1420036E+00
  0.7985000E-01  0.1408001E+00
  0.7990000E-01  0.1413369E+00
  0.7995000E-01  0.1430187E+00
  0.8000000E-01  0.1446998E+00
  0.8005000E-01  0.1447964E+00
  0.8010000E-01  0.1455254E+00
  0.8015000E-01  0.1471914E+00
  0.8020000E-01  0.1498630E+00
  0.8025000E-01  0.1517795E+00
  0.8030000E-01  0.1547730E+00
  0.8035000E-01  0.1589305E+00
  0.8040000E-01  0.1600197E+00
  0.8045000E-01  0.1632594E+00
  0.8050000E-01  0.1675345E+00
  0.8055000E-01  0.1708576E+00
  0.8060000E-01  0.1703378E+00
  0.8065000E-01  0.1669312E+00
  0.8070000E-01  0.1660801E+00
  0.8075000E-01  0.1649457E+00
  0.8080000E-01  0.1637458E+00
  0.8085000E-01  0.1624451E+00
  0.8090000E-01  0.1626019E+00
  0.8095000E-01  0.1629740E+00
  0.8100000E-01  0.1623157E+00
  0.8105000E-01  0.1626002E+00
  0.8110000E-01  0.1617347E+00
  0.8115000E-01  0.1608523E+00
  0.8120000E-01  0.1625027E+00
  0.8125000E-01  0.1662813E+00
  0.8130000E-01  0.1697440E+00
  0.8135000E-01  0.1712464E+00
  0.8140000E-01  0.1703894E+00
  0.8145000E-01  0.1649485E+00
  0.8150000E-01  0.1589048E+00
  0.8155000E-01  0.1559035E+00
  0.8160000E-01  0.1527403E+00
  0.8165000E-01  0.1491008E+00
  0.8170000E-01  0.1452704E+00
  0.8175000E-01  0.1427744E+00
  0.8180000E-01  0.1442963E+00
  0.8185000E-01  0.1466400E+00
  0.8190000E-01  0.1467513E+00
  0.8195000E-01  0.1490533E+00
  0.8200000E-01  0.1496317E+00
  0.8205000E-01  0.1466234E+00
  0.8210000E-01  0.1424070E+00
  0.8215000E-01  0.1408963E+00
  0.8220000E-01  0.1439274E+00
  0.8225000E-01  0.1487699E+00
  0.8230000E-01  0.1475563E+00
  0.8235000E-01  0.1458155E+00
  0.8240000E-01  0.1451318E+00
  0.8245000E-01  0.1432366E+00
  0.8250000E-01  0.1423381E+00
  0.8255000E-01  0.1414541E+00
  0.8260000E-01  0.1371676E+00
  0.8265000E-01  0.1334398E+00
  0.8270000E-01  0.1319960E+00
  0.8275000E-01  0.1336387E+00
  0.8280000E-01  0.1390428E+00
  0.8285000E-01  0.1426492E+00
  0.8290000E-01  0.1440040E+00
  0.8295000E-01  0.1450906E+00
  0.8300000E-01  0.1465686E+00
  0.8305000E-01  0.1502475E+00
  0.8310000E-01  0.1543007E+00
  0.8315000E-01  0.1573365E+00
  0.8320000E-01  0.1612789E+00
  0.8325000E-01  0.1616934E+00
  0.8330000E-01  0.1564497E+00
  0.8335000E-01  0.1511201E+00
  0.8340000E-01  0.1506788E+00
  0.8345000E-01  0.1542110E+00
  0.8350000E-01  0.1566295E+00
  0.8355000E-01  0.1609444E+00
  0.8360000E-01  0.1643639E+00
  0.8365000E-01  0.1631977E+00
  0.8370000E-01  0.1629513E+00
  0.8375000E-01  0.1627518E+00
  0.8380000E-01  0.1644704E+00
  0.8385000E-01  0.1685728E+00
  0.8390000E-01  0.1722833E+00
  0.8395000E-01  0.1715536E+00
  0.8400000E-01  0.1712690E+00
  0.8405000E-01  0.1705666E+00
  0.8410000E-01  0.1688517E+00
  0.8415000E-01  0.1672521E+00
  0.8420000E-01  0.1665760E+00
  0.8425000E-01  0.1636283E+00
  0.8430000E-01  0.1606024E+00
  0.8435000E-01  0.1611041E+00
  0.8440000E-01  0.1650222E+00
  0.8445000E-01  0.1684338E+00
  0.8450000E-01  0.1694496E+00
  0.8455000E-01  0.1686759E+00
  0.8460000E-01  0.1662822E+00
  0.8465000E-01  0.1625648E+00
  0.8470000E-01  0.1630559E+00
  0.8475000E-01  0.1659650E+00
  0.8480000E-01  0.1704385E+00
  0.8485000E-01  0.1709898E+00
  0.8490000E-01  0.1661017E+00
  0.8495000E-01  0.1606243E+00
  0.8500000E-01  0.1578968E+00
  0.8505000E-01  0.1588534E+00
  0.8510000E-01  0.1608710E+00
  0.8515000E-01  0.1591450E+00
  0.8520000E-01  0.1552166E+00
  0.8525000E-01  0.1547764E+00
  0.8530000E-01  0.1555435E+00
  0.8535000E-01  0.1575207E+00
  0.8540000E-01  0.1580972E+00
  0.8545000E-01  0.1592316E+00
  0.8550000E-01  0.1653708E+00
  0.8555000E-01  0.1685683E+00
  0.8560000E-01  0.1710863E+00
  0.8565000E-01  0.1718152E+00
  0.8570000E-01  0.1688351E+00
  0.8575000E-01  0.1658823E+00
  0.8580000E-01  0.1644526E+00
  0.8585000E-01  0.1672394E+00
  0.8590000E-01  0.1723329E+00
  0.8595000E-01  0.1760690E+00
  0.8600000E-01  0.1812042E+00
  0.8605000E-01  0.1877471E+00
  0.8610000E-01  0.1914042E+00
  0.8615000E-01  0.1882713E+00
  0.8620000E-01  0.1844218E+00
  0.8625000E-01  0.1855840E+00
  0.8630000E-01  0.1909428E+00
  0.8635000E-01  0.1999054E+00
  0.8640000E-01  0.2068390E+00
  0.8645000E-01  0.2113534E+00
  0.8650000E-01  0.2141702E+00
  0.8655000E-01  0.2142414E+00
  0.8660000E-01  0.2158506E+00
  0.8665000E-01  0.2151238E+00
  0.8670000E-01  0.2147356E+00
  0.8675000E-01  0.2157675E+00
  0.8680000E-01  0.2176988E+00
  0.8685000E-01  0.2185167E+00
  0.8690000E-01  0.2170722E+00
  0.8695000E-01  0.2130504E+00
  0.8700000E-01  0.2088085E+00
  0.8705000E-01  0.2038796E+00
  0.8710000E-01  0.2013965E+00
  0.8715000E-01  0.2000706E+00
  0.8720000E-01  0.2031093E+00
  0.8725000E-01  0.2076895E+00
  0.8730000E-01  0.2062798E+00
  0.8735000E-01  0.2046769E+00
  0.8740000E-01  0.2013412E+00
  0.8745000E-01  0.1994751E+00
  0.8750000E-01  0.1988475E+00
  0.8755000E-01  0.1983390E+00
  0.8760000E-01  0.1995858E+00
  0.8765000E-01  0.2007333E+00
  0.8770000E-01  0.1983831E+00
  0.8775000E-01  0.1924479E+00
  0.8780000E-01  0.1903313E+00
  0.8785000E-01  0.1925770E+00
  0.8790000E-01  0.1947895E+00
  0.8795000E-01  0.1960577E+00
  0.8800000E-01  0.2012716E+00
  0.8805000E-01  0.2035387E+00
  0.8810000E-01  0.2021865E+00
  0.8815000E-01  0.2022664E+00
  0.8820000E-01  0.1991603E+00
  0.8825000E-01  0.1983083E+00
  0.8830000E-01  0.1970457E+00
  0.8835000E-01  0.1956627E+00
  0.8840000E-01  0.1948975E+00
  0.8845000E-01  0.1964643E+00
  0.8850000E-01  0.1951947E+00
  0.8855000E-01  0.1971811E+00
  0.8860000E-01  0.2026254E+00
  0.8865000E-01  0.2098620E+00
  0.8870000E-01  0.2156598E+00
  0.8875000E-01  0.2162788E+00
  0.8880000E-01  0.2135914E+00
  0.8885000E-01  0.2111122E+00
  0.8890000E-01  0.2088324E+00
  0.8895000E-01  0.2046175E+00
  0.8900000E-01  0.2014395E+00
  0.8905000E-01  0.1980529E+00
  0.8910000E-01  0.2019728E+00
  0.8915000E-01  0.2107991E+00
  0.8920000E-01  0.2176288E+00
  0.8925000E-01  0.2227720E+00
  0.8930000E-01  0.2217621E+00
  0.8935000E-01  0.2207587E+00
  0.8940000E-01  0.2267615E+00
  0.8945000E-01  0.2313132E+00
  0.8950000E-01  0.2325807E+00
  0.8955000E-01  0.2294119E+00
  0.8960000E-01  0.2290996E+00
  0.8965000E-01  0.2315281E+00
  0.8970000E-01  0.2315298E+00
  0.8975000E-01  0.2339071E+00
  0.8980000E-01  0.2375897E+00
  0.8985000E-01  0.2447368E+00
  0.8990000E-01  0.2490102E+00
  0.8995000E-01  0.2485722E+00
  0.9000000E-01  0.2455708E+00
  0.9005000E-01  0.2419055E+00
  0.9010000E-01  0.2390290E+00
  0.9015000E-01  0.2333976E+00
  0.9020000E-01  0.2280316E+00
  0.9025000E-01  0.2301932E+00
  0.9030000E-01  0.2289989E+00
  0.9035000E-01  0.2259579E+00
  0.9040000E-01  0.2300394E+00
  0.9045000E-01  0.2302649E+00
  0.9050000E-01  0.2276617E+00
  0.9055000E-01  0.2263397E+00
  0.9060000E-01  0.2278011E+00
  0.9065000E-01  0.2339432E+00
  0.9070000E-01  0.2402119E+00
  0.9075000E-01  0.2435203E+00
  0.9080000E-01  0.2475817E+00
  0.9085000E-01  0.2508427E+00
  0.9090000E-01  0.2589015E+00
  0.9095000E-01  0.2667299E+00
  0.9100000E-01  0.2710534E+00
  0.9105000E-01  0.2719403E+00
  0.9110000E-01  0.2639095E+00
  0.9115000E-01  0.2562699E+00
  0.9120000E-01  0.2526369E+00
  0.9125000E-01  0.2519377E+00
  0.9130000E-01  0.2530207E+00
  0.9135000E-01  0.2504947E+00
  0.9140000E-01  0.2493043E+00
  0.9145000E-01  0.2546109E+00
  0.9150000E-01  0.2601751E+00
  0.9155000E-01  0.2686866E+00
  0.9160000E-01  0.2787617E+00
  0.9165000E-01  0.2839833E+00
  0.9170000E-01  0.2872301E+00
  0.9175000E-01  0.2819189E+00
  0.9180000E-01  0.2777886E+00
  0.9185000E-01  0.2881423E+00
  0.9190000E-01  0.2933693E+00
  0.9195000E-01  0.2868737E+00
  0.9200000E-01  0.2830633E+00
  0.9205000E-01  0.2810021E+00
  0.9210000E-01  0.2816103E+00
  0.9215000E-01  0.2865516E+00
  0.9220000E-01  0.2950744E+00
  0.9225000E-01  0.3032373E+00
  0.9230000E-01  0.3102841E+00
  0.9235000E-01  0.3102377E+00
  0.9240000E-01  0.3195126E+00
  0.9245000E-01  0.3371746E+00
  0.9250000E-01  0.3505364E+00
  0.9255000E-01  0.3619753E+00
  0.9260000E-01  0.3688212E+00
  0.9265000E-01  0.3768768E+00
  0.9270000E-01  0.3808663E+00
  0.9275000E-01  0.3758382E+00
  0.9280000E-01  0.3761940E+00
  0.9285000E-01  0.3778105E+00
  0.9290000E-01  0.3906522E+00
  0.9295000E-01  0.4029298E+00
  0.9300000E-01  0.4073536E+00
  0.9305000E-01  0.4045358E+00
  0.9310000E-01  0.4031634E+00
  0.9315000E-01  0.4030389E+00
  0.9320000E-01  0.4070867E+00
  0.9325000E-01  0.4105110E+00
  0.9330000E-01  0.4222689E+00
  0.9335000E-01  0.4325247E+00
  0.9340000E-01  0.4381241E+00
  0.9345000E-01  0.4353324E+00
  0.9350000E-01  0.4384656E+00
  0.9355000E-01  0.4390104E+00
  0.9360000E-01  0.4335441E+00
  0.9365000E-01  0.4263416E+00
  0.9370000E-01  0.4258254E+00
  0.9375000E-01  0.4240908E+00
  0.9380000E-01  0.4182822E+00
  0.9385000E-01  0.4175496E+00
  0.9390000E-01  0.4276553E+00
  0.9395000E-01  0.4356952E+00
  0.9400000E-01  0.4308315E+00
  0.9405000E-01  0.4204869E+00
  0.9410000E-01  0.4131516E+00
  0.9415000E-01  0.4081809E+00
  0.9420000E-01  0.4029689E+00
  0.9425000E-01  0.4004346E+00
  0.9430000E-01  0.3949051E+00
  0.9435000E-01  0.3846036E+00
  0.9440000E-01  0.3801431E+00
  0.9445000E-01  0.3812994E+00
  0.9450000E-01  0.3876977E+00
  0.9455000E-01  0.3808662E+00
  0.9460000E-01  0.3691186E+00
  0.9465000E-01  0.3587258E+00
  0.9470000E-01  0.3600252E+00
  0.9475000E-01  0.3643520E+00
  0.9480000E-01  0.3761465E+00
  0.9485000E-01  0.3797136E+00
  0.9490000E-01  0.3851533E+00
  0.9495000E-01  0.3881289E+00
  0.9500000E-01  0.3975795E+00
  0.9505000E-01  0.4064175E+00
  0.9510000E-01  0.4038581E+00
  0.9515000E-01  0.3940707E+00
  0.9520000E-01  0.3938440E+00
  0.9525000E-01  0.3951214E+00
  0.9530000E-01  0.4042042E+00
  0.9535000E-01  0.4076757E+00
  0.9540000E-01  0.4096800E+00
  0.9545000E-01  0.4108012E+00
  0.9550000E-01  0.4048025E+00
  0.9555000E-01  0.3873785E+00
  0.9560000E-01  0.3794817E+00
  0.9565000E-01  0.3708882E+00
  0.9570000E-01  0.3744819E+00
  0.9575000E-01  0.3912404E+00
  0.9580000E-01  0.4170778E+00
  0.9585000E-01  0.4295779E+00
  0.9590000E-01  0.4434024E+00
  0.9595000E-01  0.4393062E+00
  0.9600000E-01  0.4422960E+00
  0.9605000E-01  0.4510943E+00
  0.9610000E-01  0.4542955E+00
  0.9615000E-01  0.4489676E+00
  0.9620000E-01  0.4500925E+00
  0.9625000E-01  0.4585264E+00
  0.9630000E-01  0.4807105E+00
  0.9635000E-01  0.5033394E+00
  0.9640000E-01  0.5326595E+00
  0.9645000E-01  0.5463149E+00
  0.9650000E-01  0.5579344E+00
  0.9655000E-01  0.5589374E+00
  0.9660000E-01  0.5758584E+00
  0.9665000E-01  0.6005455E+00
  0.9670000E-01  0.6463246E+00
  0.9675000E-01  0.6773598E+00
  0.9680000E-01  0.7172608E+00
  0.9685000E-01  0.7487519E+00
  0.9690000E-01  0.7985580E+00
  0.9695000E-01  0.8422032E+00
  0.9700000E-01  0.8780622E+00
  0.9705000E-01  0.8818482E+00
  0.9710000E-01  0.8977087E+00
  0.9715000E-01  0.9015279E+00
  0.9720000E-01  0.9102835E+00
  0.9725000E-01  0.9124687E+00
  0.9730000E-01  0.9305109E+00
  0.9735000E-01  0.9443880E+00
  0.9740000E-01  0.9670632E+00
  0.9745000E-01  0.9646723E+00
  0.9750000E-01  0.9703245E+00
  0.9755000E-01  0.9624836E+00
  0.9760000E-01  0.9540277E+00
  0.9765000E-01  0.8963244E+00
  0.9770000E-01  0.8234052E+00
  0.9775000E-01  0.7136827E+00
  0.9780000E-01  0.5896449E+00
  0.9785000E-01  0.3994087E+00
  0.9790000E-01  0.1974236E+00
  0.9795000E-01 -0.8726544E-01
  0.9800000E-01 -0.4180479E+00
  0.9805000E-01 -0.8163384E+00
  0.9810000E-01 -0.1250300E+01
  0.9815000E-01 -0.1779478E+01
  0.9820000E-01 -0.2363834E+01
  0.9825000E-01 -0.3046038E+01
  0.9830000E-01 -0.3763479E+01
  0.9835000E-01 -0.4553201E+01
  0.9840000E-01 -0.5357745E+01
  0.9845000E-01 -0.6205430E+01
  0.9850000E-01 -0.7010894E+01
  0.9855000E-01 -0.7789526E+01
  0.9860000E-01 -0.8476970E+01
  0.9865000E-01 -0.9080622E+01
  0.9870000E-01 -0.9555551E+01
  0.9875000E-01 -0.9908445E+01
  0.9880000E-01 -0.1012449E+02
  0.9885000E-01 -0.1020068E+02
  0.9890000E-01 -0.1013020E+02
  0.9895000E-01 -0.9911703E+01
  0.9900000E-01 -0.9542607E+01
  0.9905000E-01 -0.9018888E+01
  0.9910000E-01 -0.8342019E+01
  0.9915000E-01 -0.7521331E+01
  0.9920000E-01 -0.6573656E+01
  0.9925000E-01 -0.5515645E+01
  0.9930000E-01 -0.4374134E+01
  0.9935000E-01 -0.3195365E+01
  0.9940000E-01 -0.2044073E+01
  0.9945000E-01 -0.9869071E+00
  0.9950000E-01 -0.9919138E-01
  0.9955000E-01  0.5559769E+00
  0.9960000E-01  0.9389496E+00
  0.9965000E-01  0.1053335E+01
  0.9970000E-01  0.9406445E+00
  0.9975000E-01  0.6886707E+00
  0.9980000E-01  0.4018657E+00
  0.9985000E-01  0.1692734E+00
  0.9990000E-01  0.3869506E-01
  0.9995000E-01  0.0000000E+00
  0.1000000E+00  0.0000000E+00
