  0.0000000E+00  0.7453483E+01
  0.5000000E-04  0.7524968E+01
  0.1000000E-03  0.7487184E+01
  0.1500000E-03  0.7168943E+01
  0.2000000E-03  0.6428663E+01
  0.2500000E-03  0.5254340E+01
  0.3000000E-03  0.3736139E+01
  0.3500000E-03  0.2034721E+01
  0.4000000E-03  0.3333492E+00
  0.4500000E-03 -0.1219790E+01
  0.5000000E-03 -0.2524701E+01
  0.5500000E-03 -0.3535964E+01
  0.6000000E-03 -0.4247278E+01
  0.6500000E-03 -0.4678218E+01
  0.7000000E-03 -0.4865661E+01
  0.7500000E-03 -0.4847056E+01
  0.8000000E-03 -0.4664626E+01
  0.8500000E-03 -0.4346325E+01
  0.9000000E-03 -0.3916504E+01
  0.9500000E-03 -0.3408069E+01
  0.1000000E-02 -0.2835666E+01
  0.1050000E-02 -0.2228707E+01
  0.1100000E-02 -0.1617638E+01
  0.1150000E-02 -0.1019211E+01
  0.1200000E-02 -0.4585301E+00
  0.1250000E-02  0.4181817E-01
  0.1300000E-02  0.4525764E+00
  0.1350000E-02  0.7699977E+00
  0.1400000E-02  0.9740136E+00
  0.1450000E-02  0.1089398E+01
  0.1500000E-02  0.1076483E+01
  0.1550000E-02  0.1022291E+01
  0.1600000E-02  0.8935256E+00
  0.1650000E-02  0.7551739E+00
  0.1700000E-02  0.5792600E+00
  0.1750000E-02  0.4193864E+00
  0.1800000E-02  0.2366966E+00
  0.1850000E-02  0.9980961E-01
  0.1900000E-02 -0.1969446E-01
  0.1950000E-02 -0.8890402E-01
  0.2000000E-02 -0.1680182E+00
  0.2050000E-02 -0.1942091E+00
  0.2100000E-02 -0.2271035E+00
  0.2150000E-02 -0.2313916E+00
  0.2200000E-02 -0.2387001E+00
  0.2250000E-02 -0.2133494E+00
  0.2300000E-02 -0.2116641E+00
  0.2350000E-02 -0.2020507E+00
  0.2400000E-02 -0.2243098E+00
  0.2450000E-02 -0.2242922E+00
  0.2500000E-02 -0.2123772E+00
  0.2550000E-02 -0.1781171E+00
  0.2600000E-02 -0.1658987E+00
  0.2650000E-02 -0.1425067E+00
  0.2700000E-02 -0.1341009E+00
  0.2750000E-02 -0.1132914E+00
  0.2800000E-02 -0.9990865E-01
  0.2850000E-02 -0.7335134E-01
  0.2900000E-02 -0.5514128E-01
  0.2950000E-02 -0.3845509E-01
  0.3000000E-02 -0.6130499E-01
  0.3050000E-02 -0.9459777E-01
  0.3100000E-02 -0.1020135E+00
  0.3150000E-02 -0.7936583E-01
  0.3200000E-02 -0.3747176E-01
  0.3250000E-02  0.2410462E-01
  0.3300000E-02  0.5981925E-01
  0.3350000E-02  0.7242979E-01
  0.3400000E-02  0.4764521E-01
  0.3450000E-02  0.3168812E-01
  0.3500000E-02  0.7420246E-02
  0.3550000E-02 -0.7592306E-02
  0.3600000E-02 -0.1998875E-01
  0.3650000E-02 -0.2005869E-01
  0.3700000E-02 -0.1491630E-01
  0.3750000E-02 -0.2028176E-02
  0.3800000E-02 -0.2159869E-02
  0.3850000E-02 -0.8005672E-02
  0.3900000E-02 -0.2130528E-01
  0.3950000E-02 -0.1643226E-01
  0.4000000E-02 -0.2563843E-02
  0.4050000E-02  0.1228186E-01
  0.4100000E-02  0.1195914E-01
  0.4150000E-02  0.5802042E-02
  0.4200000E-02  0.1145858E-02
  0.4250000E-02  0.3689857E-02
  0.4300000E-02  0.1612600E-01
  0.4350000E-02  0.3661471E-01
  0.4400000E-02  0.4863296E-01
  0.4450000E-02  0.5564302E-01
  0.4500000E-02  0.5202328E-01
  0.4550000E-02  0.4820707E-01
  0.4600000E-02  0.3999569E-01
  0.4650000E-02  0.3684090E-01
  0.4700000E-02  0.3062543E-01
  0.4750000E-02  0.1842010E-01
  0.4800000E-02  0.2659413E-02
  0.4850000E-02 -0.2848682E-02
  0.4900000E-02  0.1330991E-01
  0.4950000E-02  0.3369355E-01
  0.5000000E-02  0.4312450E-01
  0.5050000E-02  0.4398034E-01
  0.5100000E-02  0.3636930E-01
  0.5150000E-02  0.2523459E-01
  0.5200000E-02  0.1056466E-01
  0.5250000E-02  0.3081342E-02
  0.5300000E-02  0.1741929E-02
  0.5350000E-02  0.3068498E-02
  0.5400000E-02  0.2328816E-02
  0.5450000E-02 -0.1469867E-02
  0.5500000E-02 -0.1043346E-02
  0.5550000E-02  0.4398623E-02
  0.5600000E-02  0.1762687E-01
  0.5650000E-02  0.3025227E-01
  0.5700000E-02  0.3107267E-01
  0.5750000E-02  0.2594702E-01
  0.5800000E-02  0.1871591E-01
  0.5850000E-02  0.1592306E-01
  0.5900000E-02  0.8612351E-02
  0.5950000E-02  0.5224752E-02
  0.6000000E-02  0.1036898E-01
  0.6050000E-02  0.1618484E-01
  0.6100000E-02  0.7829981E-02
  0.6150000E-02 -0.2089646E-02
  0.6200000E-02 -0.4045095E-02
  0.6250000E-02  0.1203793E-01
  0.6300000E-02  0.1870094E-01
  0.6350000E-02  0.1458120E-01
  0.6400000E-02  0.7236892E-02
  0.6450000E-02 -0.1064383E-02
  0.6500000E-02 -0.4748895E-02
  0.6550000E-02 -0.9239273E-02
  0.6600000E-02 -0.2141777E-01
  0.6650000E-02 -0.2909926E-01
  0.6700000E-02 -0.2727984E-01
  0.6750000E-02 -0.1768718E-01
  0.6800000E-02 -0.1046940E-01
  0.6850000E-02 -0.2137604E-02
  0.6900000E-02  0.5185591E-02
  0.6950000E-02  0.1368815E-01
  0.7000000E-02  0.1954973E-01
  0.7050000E-02  0.1432636E-01
  0.7100000E-02  0.1008821E-01
  0.7150000E-02  0.1301583E-01
  0.7200000E-02  0.3456264E-02
  0.7250000E-02 -0.6940612E-02
  0.7300000E-02 -0.7048755E-02
  0.7350000E-02  0.5695705E-03
  0.7400000E-02 -0.6613952E-03
  0.7450000E-02  0.7480732E-04
  0.7500000E-02  0.5137402E-02
  0.7550000E-02  0.3771800E-02
  0.7600000E-02 -0.6866109E-03
  0.7650000E-02  0.1967557E-02
  0.7700000E-02  0.1139487E-01
  0.7750000E-02  0.1624904E-01
  0.7800000E-02  0.1502495E-01
  0.7850000E-02  0.9607654E-02
  0.7900000E-02  0.1410905E-01
  0.7950000E-02  0.2172846E-01
  0.8000000E-02  0.2789758E-01
  0.8050000E-02  0.2859627E-01
  0.8100000E-02  0.3173410E-01
  0.8150000E-02  0.3859691E-01
  0.8200000E-02  0.4167175E-01
  0.8250000E-02  0.4038795E-01
  0.8300000E-02  0.2843852E-01
  0.8350000E-02  0.1980211E-01
  0.8400000E-02  0.1363283E-01
  0.8450000E-02  0.3695318E-02
  0.8500000E-02  0.7725096E-02
  0.8550000E-02  0.2208991E-01
  0.8600000E-02  0.2725391E-01
  0.8650000E-02  0.1977018E-01
  0.8700000E-02  0.5472719E-02
  0.8750000E-02 -0.4046706E-02
  0.8800000E-02 -0.6393274E-02
  0.8850000E-02 -0.6329962E-02
  0.8900000E-02 -0.6541336E-02
  0.8950000E-02 -0.5378766E-02
  0.9000000E-02 -0.1261216E-01
  0.9050000E-02 -0.1445823E-01
  0.9100000E-02 -0.1468543E-01
  0.9150000E-02 -0.1234063E-01
  0.9200000E-02 -0.9399978E-02
  0.9250000E-02 -0.3554501E-02
  0.9300000E-02  0.7910428E-02
  0.9350000E-02  0.2107786E-01
  0.9400000E-02  0.2356933E-01
  0.9450000E-02  0.1878066E-01
  0.9500000E-02  0.7991645E-02
  0.9550000E-02 -0.2015238E-02
  0.9600000E-02 -0.6133111E-02
  0.9650000E-02 -0.2362199E-02
  0.9700000E-02  0.3625684E-02
  0.9750000E-02  0.4046461E-02
  0.9800000E-02  0.7009618E-02
  0.9850000E-02  0.1093135E-01
  0.9900000E-02  0.1604463E-01
  0.9950000E-02  0.2123132E-01
  0.1000000E-01  0.2134397E-01
  0.1005000E-01  0.1491517E-01
  0.1010000E-01  0.9258790E-02
  0.1015000E-01  0.9540424E-02
  0.1020000E-01  0.1363627E-01
  0.1025000E-01  0.1837366E-01
  0.1030000E-01  0.2340299E-01
  0.1035000E-01  0.2629739E-01
  0.1040000E-01  0.1688197E-01
  0.1045000E-01  0.2148965E-02
  0.1050000E-01 -0.7837392E-02
  0.1055000E-01 -0.1218553E-01
  0.1060000E-01 -0.1444144E-01
  0.1065000E-01 -0.1005111E-01
  0.1070000E-01 -0.6304941E-02
  0.1075000E-01 -0.6219729E-02
  0.1080000E-01 -0.4961476E-02
  0.1085000E-01 -0.6903319E-02
  0.1090000E-01 -0.8203415E-02
  0.1095000E-01 -0.5177371E-02
  0.1100000E-01  0.7833696E-03
  0.1105000E-01  0.2621482E-02
  0.1110000E-01 -0.2342250E-02
  0.1115000E-01  0.4196383E-02
  0.1120000E-01  0.1408445E-01
  0.1125000E-01  0.1828695E-01
  0.1130000E-01  0.1931663E-01
  0.1135000E-01  0.1244535E-01
  0.1140000E-01  0.3223146E-02
  0.1145000E-01 -0.3535205E-02
  0.1150000E-01 -0.3770940E-02
  0.1155000E-01 -0.5370384E-03
  0.1160000E-01 -0.1224552E-02
  0.1165000E-01 -0.5929101E-03
  0.1170000E-01  0.1560831E-02
  0.1175000E-01  0.7836763E-02
  0.1180000E-01  0.1257615E-01
  0.1185000E-01  0.1396640E-01
  0.1190000E-01  0.8997240E-02
  0.1195000E-01 -0.2049816E-02
  0.1200000E-01 -0.1055566E-01
  0.1205000E-01 -0.1412005E-01
  0.1210000E-01 -0.9967359E-02
  0.1215000E-01 -0.4780334E-02
  0.1220000E-01 -0.3421788E-02
  0.1225000E-01 -0.4260913E-03
  0.1230000E-01  0.7936034E-03
  0.1235000E-01 -0.1885597E-02
  0.1240000E-01 -0.6554086E-03
  0.1245000E-01  0.1798514E-02
  0.1250000E-01  0.2707779E-02
  0.1255000E-01  0.6830151E-02
  0.1260000E-01  0.1389164E-01
  0.1265000E-01  0.1916964E-01
  0.1270000E-01  0.1668255E-01
  0.1275000E-01  0.1113300E-01
  0.1280000E-01  0.8694141E-02
  0.1285000E-01  0.1152042E-01
  0.1290000E-01  0.1070927E-01
  0.1295000E-01  0.6816895E-02
  0.1300000E-01  0.3996345E-02
  0.1305000E-01  0.2507286E-02
  0.1310000E-01  0.3728164E-02
  0.1315000E-01  0.8167703E-02
  0.1320000E-01  0.1215198E-01
  0.1325000E-01  0.9087174E-02
  0.1330000E-01  0.1327077E-02
  0.1335000E-01 -0.1532361E-02
  0.1340000E-01 -0.3161194E-02
  0.1345000E-01 -0.6658985E-02
  0.1350000E-01 -0.7625491E-02
  0.1355000E-01 -0.5935542E-02
  0.1360000E-01 -0.3907530E-02
  0.1365000E-01 -0.2799138E-02
  0.1370000E-01 -0.6063597E-02
  0.1375000E-01 -0.1129891E-01
  0.1380000E-01 -0.1541304E-01
  0.1385000E-01 -0.1679508E-01
  0.1390000E-01 -0.2017739E-01
  0.1395000E-01 -0.1872435E-01
  0.1400000E-01 -0.1187060E-01
  0.1405000E-01 -0.6679259E-02
  0.1410000E-01 -0.2898797E-02
  0.1415000E-01  0.9986620E-03
  0.1420000E-01  0.1143762E-02
  0.1425000E-01  0.5742438E-02
  0.1430000E-01  0.9457235E-02
  0.1435000E-01  0.9303083E-02
  0.1440000E-01  0.6329993E-02
  0.1445000E-01  0.2493752E-02
  0.1450000E-01  0.4187744E-03
  0.1455000E-01 -0.1896996E-02
  0.1460000E-01 -0.5592397E-02
  0.1465000E-01 -0.7199601E-02
  0.1470000E-01 -0.8221511E-02
  0.1475000E-01 -0.6478646E-02
  0.1480000E-01 -0.9885717E-03
  0.1485000E-01  0.4050846E-02
  0.1490000E-01  0.5590055E-02
  0.1495000E-01  0.4019411E-02
  0.1500000E-01  0.5185015E-02
  0.1505000E-01  0.7017916E-02
  0.1510000E-01  0.1064237E-01
  0.1515000E-01  0.1129701E-01
  0.1520000E-01  0.4762573E-02
  0.1525000E-01 -0.7331495E-03
  0.1530000E-01 -0.3001246E-02
  0.1535000E-01  0.3664016E-03
  0.1540000E-01  0.3041113E-02
  0.1545000E-01  0.9346029E-03
  0.1550000E-01 -0.4344123E-02
  0.1555000E-01 -0.6683489E-02
  0.1560000E-01 -0.3113330E-02
  0.1565000E-01 -0.8115947E-03
  0.1570000E-01 -0.4920420E-03
  0.1575000E-01  0.5207328E-02
  0.1580000E-01  0.1009578E-01
  0.1585000E-01  0.1078384E-01
  0.1590000E-01  0.9442918E-02
  0.1595000E-01  0.1030352E-01
  0.1600000E-01  0.7385950E-02
  0.1605000E-01  0.4230184E-02
  0.1610000E-01  0.2019140E-02
  0.1615000E-01  0.3987066E-02
  0.1620000E-01  0.6223513E-02
  0.1625000E-01  0.1107365E-01
  0.1630000E-01  0.1426373E-01
  0.1635000E-01  0.1579222E-01
  0.1640000E-01  0.1695645E-01
  0.1645000E-01  0.1604376E-01
  0.1650000E-01  0.1081962E-01
  0.1655000E-01  0.4447969E-02
  0.1660000E-01  0.1051292E-03
  0.1665000E-01 -0.7507515E-03
  0.1670000E-01 -0.1106286E-02
  0.1675000E-01 -0.1689771E-02
  0.1680000E-01 -0.5042016E-02
  0.1685000E-01 -0.8733960E-02
  0.1690000E-01 -0.8496473E-02
  0.1695000E-01 -0.8176623E-02
  0.1700000E-01 -0.7434227E-02
  0.1705000E-01 -0.2372450E-02
  0.1710000E-01  0.4307978E-02
  0.1715000E-01  0.1056579E-01
  0.1720000E-01  0.1231837E-01
  0.1725000E-01  0.1246052E-01
  0.1730000E-01  0.8920947E-02
  0.1735000E-01  0.3590083E-02
  0.1740000E-01  0.2983035E-02
  0.1745000E-01  0.3754592E-02
  0.1750000E-01  0.5546276E-02
  0.1755000E-01  0.1081435E-01
  0.1760000E-01  0.1561922E-01
  0.1765000E-01  0.1493913E-01
  0.1770000E-01  0.1140746E-01
  0.1775000E-01  0.8753085E-02
  0.1780000E-01  0.4697164E-02
  0.1785000E-01  0.9956908E-03
  0.1790000E-01 -0.4151760E-02
  0.1795000E-01 -0.7293300E-02
  0.1800000E-01 -0.6550308E-02
  0.1805000E-01 -0.7366760E-02
  0.1810000E-01 -0.5399050E-02
  0.1815000E-01 -0.2262934E-03
  0.1820000E-01  0.3089470E-02
  0.1825000E-01  0.1618697E-02
  0.1830000E-01  0.1146414E-02
  0.1835000E-01  0.1551850E-03
  0.1840000E-01 -0.5925568E-03
  0.1845000E-01  0.2773610E-02
  0.1850000E-01  0.5069932E-02
  0.1855000E-01  0.6834509E-02
  0.1860000E-01  0.7377897E-02
  0.1865000E-01  0.6596989E-02
  0.1870000E-01  0.6953455E-02
  0.1875000E-01  0.4442495E-02
  0.1880000E-01 -0.8743595E-03
  0.1885000E-01 -0.6095458E-02
  0.1890000E-01 -0.1109258E-01
  0.1895000E-01 -0.1198161E-01
  0.1900000E-01 -0.9393765E-02
  0.1905000E-01 -0.3901012E-02
  0.1910000E-01  0.1194017E-03
  0.1915000E-01  0.4138710E-03
  0.1920000E-01 -0.6882403E-03
  0.1925000E-01 -0.2760108E-02
  0.1930000E-01 -0.6800686E-02
  0.1935000E-01 -0.9461085E-02
  0.1940000E-01 -0.9890601E-02
  0.1945000E-01 -0.9757176E-02
  0.1950000E-01 -0.9788118E-02
  0.1955000E-01 -0.7553473E-02
  0.1960000E-01 -0.3571349E-02
  0.1965000E-01 -0.1460643E-02
  0.1970000E-01  0.1097635E-02
  0.1975000E-01  0.5126017E-02
  0.1980000E-01  0.6860027E-02
  0.1985000E-01  0.8879575E-02
  0.1990000E-01  0.1101539E-01
  0.1995000E-01  0.1280286E-01
  0.2000000E-01  0.1349945E-01
  0.2005000E-01  0.1241510E-01
  0.2010000E-01  0.8782173E-02
  0.2015000E-01  0.3547904E-02
  0.2020000E-01 -0.3005821E-02
  0.2025000E-01 -0.8094163E-02
  0.2030000E-01 -0.1115964E-01
  0.2035000E-01 -0.1409666E-01
  0.2040000E-01 -0.1545118E-01
  0.2045000E-01 -0.1440319E-01
  0.2050000E-01 -0.1359902E-01
  0.2055000E-01 -0.1247110E-01
  0.2060000E-01 -0.1166001E-01
  0.2065000E-01 -0.1140695E-01
  0.2070000E-01 -0.1059802E-01
  0.2075000E-01 -0.6142845E-02
  0.2080000E-01  0.3225318E-03
  0.2085000E-01  0.2262575E-02
  0.2090000E-01  0.1316660E-02
  0.2095000E-01 -0.1461781E-02
  0.2100000E-01 -0.2059454E-02
  0.2105000E-01  0.2418446E-02
  0.2110000E-01  0.7163238E-02
  0.2115000E-01  0.1085984E-01
  0.2120000E-01  0.1312381E-01
  0.2125000E-01  0.1315507E-01
  0.2130000E-01  0.1068580E-01
  0.2135000E-01  0.7526713E-02
  0.2140000E-01  0.6803868E-02
  0.2145000E-01  0.6713175E-02
  0.2150000E-01  0.5398044E-02
  0.2155000E-01  0.5938901E-02
  0.2160000E-01  0.5588836E-02
  0.2165000E-01  0.6839251E-02
  0.2170000E-01  0.7574745E-02
  0.2175000E-01  0.8590462E-02
  0.2180000E-01  0.8977012E-02
  0.2185000E-01  0.9330622E-02
  0.2190000E-01  0.8151748E-02
  0.2195000E-01  0.6649911E-02
  0.2200000E-01  0.4891198E-02
  0.2205000E-01  0.2824966E-02
  0.2210000E-01  0.6257516E-03
  0.2215000E-01 -0.6340031E-03
  0.2220000E-01 -0.2325328E-04
  0.2225000E-01  0.7711724E-04
  0.2230000E-01 -0.1139629E-02
  0.2235000E-01 -0.1736338E-02
  0.2240000E-01 -0.1653772E-02
  0.2245000E-01 -0.1101994E-02
  0.2250000E-01 -0.1512230E-02
  0.2255000E-01 -0.2117058E-02
  0.2260000E-01 -0.1952372E-02
  0.2265000E-01  0.2966871E-03
  0.2270000E-01  0.1979993E-02
  0.2275000E-01  0.2059820E-02
  0.2280000E-01  0.3095194E-02
  0.2285000E-01  0.6647435E-02
  0.2290000E-01  0.8038340E-02
  0.2295000E-01  0.5785465E-02
  0.2300000E-01  0.3207628E-02
  0.2305000E-01  0.8519708E-03
  0.2310000E-01  0.6485174E-04
  0.2315000E-01 -0.2918369E-02
  0.2320000E-01 -0.4149612E-02
  0.2325000E-01 -0.3856923E-02
  0.2330000E-01 -0.6266362E-02
  0.2335000E-01 -0.6722959E-02
  0.2340000E-01 -0.3235894E-02
  0.2345000E-01 -0.7262652E-04
  0.2350000E-01  0.2235790E-02
  0.2355000E-01  0.2988673E-02
  0.2360000E-01  0.2622989E-02
  0.2365000E-01  0.1725822E-02
  0.2370000E-01  0.2060045E-04
  0.2375000E-01 -0.1105173E-02
  0.2380000E-01 -0.1166323E-02
  0.2385000E-01 -0.2369415E-02
  0.2390000E-01 -0.4197055E-02
  0.2395000E-01 -0.5522667E-02
  0.2400000E-01 -0.7132148E-02
  0.2405000E-01 -0.7824458E-02
  0.2410000E-01 -0.8476596E-02
  0.2415000E-01 -0.6733516E-02
  0.2420000E-01 -0.5056570E-02
  0.2425000E-01 -0.2723715E-02
  0.2430000E-01  0.1754680E-02
  0.2435000E-01  0.5219032E-02
  0.2440000E-01  0.6653854E-02
  0.2445000E-01  0.6766057E-02
  0.2450000E-01  0.6308795E-02
  0.2455000E-01  0.5024399E-02
  0.2460000E-01  0.2932851E-02
  0.2465000E-01  0.2935987E-02
  0.2470000E-01  0.2963474E-02
  0.2475000E-01  0.3861207E-02
  0.2480000E-01  0.4018577E-02
  0.2485000E-01  0.4564747E-02
  0.2490000E-01  0.3903631E-02
  0.2495000E-01  0.1588133E-02
  0.2500000E-01  0.1352172E-02
  0.2505000E-01  0.3566308E-02
  0.2510000E-01  0.4828113E-02
  0.2515000E-01  0.2571545E-02
  0.2520000E-01  0.5960228E-03
  0.2525000E-01 -0.1330553E-03
  0.2530000E-01 -0.1254754E-02
  0.2535000E-01 -0.1483941E-02
  0.2540000E-01  0.2225911E-03
  0.2545000E-01  0.1547281E-02
  0.2550000E-01  0.2208035E-02
  0.2555000E-01  0.3276806E-02
  0.2560000E-01  0.4656577E-02
  0.2565000E-01  0.6104560E-02
  0.2570000E-01  0.7653688E-02
  0.2575000E-01  0.6484259E-02
  0.2580000E-01  0.5380078E-02
  0.2585000E-01  0.4642788E-02
  0.2590000E-01  0.4774676E-02
  0.2595000E-01  0.6193138E-02
  0.2600000E-01  0.6693256E-02
  0.2605000E-01  0.4646935E-02
  0.2610000E-01  0.1095872E-02
  0.2615000E-01 -0.2159151E-02
  0.2620000E-01 -0.2420858E-02
  0.2625000E-01 -0.2715431E-02
  0.2630000E-01 -0.2240238E-02
  0.2635000E-01 -0.7561836E-03
  0.2640000E-01 -0.1522962E-02
  0.2645000E-01 -0.2280981E-02
  0.2650000E-01 -0.3769477E-03
  0.2655000E-01  0.9383771E-03
  0.2660000E-01  0.1332642E-02
  0.2665000E-01  0.4109632E-02
  0.2670000E-01  0.7539519E-02
  0.2675000E-01  0.9182369E-02
  0.2680000E-01  0.9961333E-02
  0.2685000E-01  0.8809307E-02
  0.2690000E-01  0.5770627E-02
  0.2695000E-01  0.3391186E-02
  0.2700000E-01 -0.4592928E-04
  0.2705000E-01 -0.5419712E-02
  0.2710000E-01 -0.8259655E-02
  0.2715000E-01 -0.7958397E-02
  0.2720000E-01 -0.5128255E-02
  0.2725000E-01 -0.2236723E-02
  0.2730000E-01 -0.1271399E-02
  0.2735000E-01 -0.1098644E-02
  0.2740000E-01 -0.1910052E-02
  0.2745000E-01 -0.2661880E-02
  0.2750000E-01 -0.2508827E-02
  0.2755000E-01 -0.2043376E-02
  0.2760000E-01 -0.3066528E-02
  0.2765000E-01 -0.4675123E-02
  0.2770000E-01 -0.5963816E-02
  0.2775000E-01 -0.6281263E-02
  0.2780000E-01 -0.5610797E-02
  0.2785000E-01 -0.5671873E-02
  0.2790000E-01 -0.4826581E-02
  0.2795000E-01 -0.2586510E-02
  0.2800000E-01 -0.3797567E-03
  0.2805000E-01  0.3134347E-02
  0.2810000E-01  0.6543660E-02
  0.2815000E-01  0.7757332E-02
  0.2820000E-01  0.6466540E-02
  0.2825000E-01  0.2535411E-02
  0.2830000E-01 -0.1670006E-02
  0.2835000E-01 -0.4819073E-02
  0.2840000E-01 -0.5743646E-02
  0.2845000E-01 -0.3324463E-02
  0.2850000E-01 -0.1879394E-02
  0.2855000E-01 -0.1632900E-02
  0.2860000E-01  0.1002389E-02
  0.2865000E-01  0.2708909E-02
  0.2870000E-01  0.1602903E-02
  0.2875000E-01  0.5725257E-03
  0.2880000E-01  0.2109757E-02
  0.2885000E-01  0.3615575E-02
  0.2890000E-01  0.3936184E-02
  0.2895000E-01  0.2316260E-02
  0.2900000E-01  0.2400513E-02
  0.2905000E-01  0.3590094E-02
  0.2910000E-01  0.4317543E-02
  0.2915000E-01  0.4420786E-02
  0.2920000E-01  0.3246918E-02
  0.2925000E-01  0.5200774E-03
  0.2930000E-01 -0.1654238E-02
  0.2935000E-01 -0.4256815E-02
  0.2940000E-01 -0.5570882E-02
  0.2945000E-01 -0.5530540E-02
  0.2950000E-01 -0.4650049E-02
  0.2955000E-01 -0.4863581E-02
  0.2960000E-01 -0.5455485E-02
  0.2965000E-01 -0.5455509E-02
  0.2970000E-01 -0.3874968E-02
  0.2975000E-01 -0.1971925E-02
  0.2980000E-01 -0.4752339E-03
  0.2985000E-01  0.5517638E-03
  0.2990000E-01  0.1905851E-02
  0.2995000E-01  0.2991331E-02
  0.3000000E-01  0.2977740E-02
  0.3005000E-01  0.1663137E-02
  0.3010000E-01  0.1846174E-03
  0.3015000E-01 -0.1529550E-02
  0.3020000E-01 -0.2728813E-02
  0.3025000E-01 -0.2640727E-02
  0.3030000E-01 -0.1514583E-02
  0.3035000E-01 -0.2464871E-04
  0.3040000E-01  0.8379734E-04
  0.3045000E-01 -0.1690044E-02
  0.3050000E-01 -0.3865847E-02
  0.3055000E-01 -0.4516373E-02
  0.3060000E-01 -0.5037449E-02
  0.3065000E-01 -0.5689977E-02
  0.3070000E-01 -0.5051934E-02
  0.3075000E-01 -0.2350832E-02
  0.3080000E-01 -0.1645345E-03
  0.3085000E-01  0.7060743E-03
  0.3090000E-01  0.3247663E-04
  0.3095000E-01  0.4430382E-03
  0.3100000E-01  0.2193950E-02
  0.3105000E-01  0.2679888E-02
  0.3110000E-01  0.1745198E-02
  0.3115000E-01  0.2130054E-02
  0.3120000E-01  0.2995297E-02
  0.3125000E-01  0.4577834E-02
  0.3130000E-01  0.5778634E-02
  0.3135000E-01  0.6278802E-02
  0.3140000E-01  0.6481029E-02
  0.3145000E-01  0.5727664E-02
  0.3150000E-01  0.5224599E-02
  0.3155000E-01  0.3796281E-02
  0.3160000E-01  0.5601528E-02
  0.3165000E-01  0.6665765E-02
  0.3170000E-01  0.5976453E-02
  0.3175000E-01  0.5474437E-02
  0.3180000E-01  0.4675597E-02
  0.3185000E-01  0.4079429E-02
  0.3190000E-01  0.2450747E-02
  0.3195000E-01  0.1568256E-03
  0.3200000E-01  0.4173325E-03
  0.3205000E-01  0.2482015E-03
  0.3210000E-01 -0.7276983E-03
  0.3215000E-01  0.1764331E-03
  0.3220000E-01  0.2115837E-02
  0.3225000E-01  0.2600500E-02
  0.3230000E-01  0.1153118E-02
  0.3235000E-01  0.1268339E-03
  0.3240000E-01 -0.1688543E-03
  0.3245000E-01  0.9845233E-03
  0.3250000E-01  0.1460871E-02
  0.3255000E-01  0.3354982E-03
  0.3260000E-01 -0.1984945E-02
  0.3265000E-01 -0.1534924E-02
  0.3270000E-01 -0.1985625E-03
  0.3275000E-01  0.2253654E-02
  0.3280000E-01  0.5438293E-02
  0.3285000E-01  0.6449430E-02
  0.3290000E-01  0.6363650E-02
  0.3295000E-01  0.7152601E-02
  0.3300000E-01  0.8642614E-02
  0.3305000E-01  0.8211747E-02
  0.3310000E-01  0.4457188E-02
  0.3315000E-01  0.4311792E-03
  0.3320000E-01 -0.1440563E-02
  0.3325000E-01 -0.2282224E-02
  0.3330000E-01 -0.2564201E-02
  0.3335000E-01 -0.8715084E-03
  0.3340000E-01 -0.6061621E-04
  0.3345000E-01  0.2660882E-03
  0.3350000E-01  0.9367124E-03
  0.3355000E-01  0.1158540E-02
  0.3360000E-01  0.1067432E-02
  0.3365000E-01 -0.5851792E-03
  0.3370000E-01 -0.1720895E-02
  0.3375000E-01 -0.2196430E-02
  0.3380000E-01 -0.2399785E-02
  0.3385000E-01 -0.2692013E-02
  0.3390000E-01 -0.3416882E-02
  0.3395000E-01 -0.3407095E-02
  0.3400000E-01 -0.3304648E-02
  0.3405000E-01 -0.3286316E-02
  0.3410000E-01 -0.2859778E-02
  0.3415000E-01 -0.2524742E-02
  0.3420000E-01 -0.1911086E-02
  0.3425000E-01 -0.1206971E-02
  0.3430000E-01 -0.6800549E-03
  0.3435000E-01 -0.2333328E-03
  0.3440000E-01  0.8518633E-04
  0.3445000E-01 -0.3270746E-03
  0.3450000E-01 -0.7062914E-03
  0.3455000E-01 -0.5613598E-03
  0.3460000E-01  0.5892903E-04
  0.3465000E-01  0.1318883E-02
  0.3470000E-01  0.3747287E-02
  0.3475000E-01  0.5556287E-02
  0.3480000E-01  0.5910242E-02
  0.3485000E-01  0.5365551E-02
  0.3490000E-01  0.5125527E-02
  0.3495000E-01  0.5518652E-02
  0.3500000E-01  0.5827171E-02
  0.3505000E-01  0.5495265E-02
  0.3510000E-01  0.5179196E-02
  0.3515000E-01  0.3854695E-02
  0.3520000E-01  0.2785644E-02
  0.3525000E-01  0.2144030E-02
  0.3530000E-01  0.1567567E-02
  0.3535000E-01  0.1258838E-02
  0.3540000E-01  0.1073706E-02
  0.3545000E-01  0.1175961E-02
  0.3550000E-01  0.9582461E-03
  0.3555000E-01 -0.1053785E-03
  0.3560000E-01 -0.1815807E-02
  0.3565000E-01 -0.2623664E-02
  0.3570000E-01 -0.2423523E-02
  0.3575000E-01 -0.2871898E-03
  0.3580000E-01  0.2509134E-02
  0.3585000E-01  0.4119712E-02
  0.3590000E-01  0.4850941E-02
  0.3595000E-01  0.5276471E-02
  0.3600000E-01  0.5207395E-02
  0.3605000E-01  0.5249120E-02
  0.3610000E-01  0.4980634E-02
  0.3615000E-01  0.4021626E-02
  0.3620000E-01  0.2666402E-02
  0.3625000E-01  0.2642503E-03
  0.3630000E-01 -0.1158492E-02
  0.3635000E-01 -0.9571413E-03
  0.3640000E-01 -0.1897067E-02
  0.3645000E-01 -0.3436169E-02
  0.3650000E-01 -0.3433392E-02
  0.3655000E-01 -0.2703754E-02
  0.3660000E-01 -0.2363366E-02
  0.3665000E-01 -0.2145692E-02
  0.3670000E-01 -0.1058742E-02
  0.3675000E-01 -0.7842572E-04
  0.3680000E-01  0.1089308E-03
  0.3685000E-01  0.9580525E-03
  0.3690000E-01  0.1366770E-02
  0.3695000E-01  0.4405072E-03
  0.3700000E-01 -0.8743053E-03
  0.3705000E-01 -0.2210407E-02
  0.3710000E-01 -0.1978096E-02
  0.3715000E-01  0.1235772E-02
  0.3720000E-01  0.2597689E-02
  0.3725000E-01  0.2228085E-02
  0.3730000E-01  0.1026651E-02
  0.3735000E-01 -0.2803182E-05
  0.3740000E-01  0.7096674E-03
  0.3745000E-01  0.2709099E-02
  0.3750000E-01  0.3072243E-02
  0.3755000E-01  0.1564653E-02
  0.3760000E-01  0.4061999E-03
  0.3765000E-01 -0.1851223E-03
  0.3770000E-01 -0.6513423E-03
  0.3775000E-01 -0.2181565E-02
  0.3780000E-01 -0.4030423E-02
  0.3785000E-01 -0.4985836E-02
  0.3790000E-01 -0.5553802E-02
  0.3795000E-01 -0.4829618E-02
  0.3800000E-01 -0.2898680E-02
  0.3805000E-01 -0.1179001E-02
  0.3810000E-01 -0.3601572E-03
  0.3815000E-01 -0.5203924E-03
  0.3820000E-01 -0.1127647E-02
  0.3825000E-01 -0.1338366E-02
  0.3830000E-01 -0.1695707E-02
  0.3835000E-01 -0.1856579E-02
  0.3840000E-01 -0.2218895E-02
  0.3845000E-01 -0.2846711E-02
  0.3850000E-01 -0.2814264E-02
  0.3855000E-01 -0.3497174E-02
  0.3860000E-01 -0.4260253E-02
  0.3865000E-01 -0.4385736E-02
  0.3870000E-01 -0.3645955E-02
  0.3875000E-01 -0.2173984E-02
  0.3880000E-01  0.7100520E-03
  0.3885000E-01  0.3369892E-02
  0.3890000E-01  0.4600223E-02
  0.3895000E-01  0.4587915E-02
  0.3900000E-01  0.4052796E-02
  0.3905000E-01  0.2949411E-02
  0.3910000E-01  0.2036798E-02
  0.3915000E-01  0.1261434E-02
  0.3920000E-01  0.5866243E-04
  0.3925000E-01 -0.1094173E-02
  0.3930000E-01 -0.2401093E-02
  0.3935000E-01 -0.4487675E-02
  0.3940000E-01 -0.6346570E-02
  0.3945000E-01 -0.6774380E-02
  0.3950000E-01 -0.6610740E-02
  0.3955000E-01 -0.5878100E-02
  0.3960000E-01 -0.3991322E-02
  0.3965000E-01 -0.8098730E-03
  0.3970000E-01  0.1565745E-02
  0.3975000E-01  0.3127421E-02
  0.3980000E-01  0.4025044E-02
  0.3985000E-01  0.3835601E-02
  0.3990000E-01  0.2691224E-02
  0.3995000E-01  0.1503523E-02
  0.4000000E-01 -0.1683715E-03
  0.4005000E-01 -0.9767313E-03
  0.4010000E-01 -0.7627250E-03
  0.4015000E-01 -0.8780688E-03
  0.4020000E-01 -0.1464834E-02
  0.4025000E-01 -0.1498021E-02
  0.4030000E-01 -0.5933576E-03
  0.4035000E-01 -0.1158124E-03
  0.4040000E-01  0.6043980E-03
  0.4045000E-01  0.1199522E-02
  0.4050000E-01  0.1070866E-02
  0.4055000E-01  0.6600184E-03
  0.4060000E-01 -0.4201313E-05
  0.4065000E-01 -0.2901755E-03
  0.4070000E-01  0.1691532E-03
  0.4075000E-01  0.3586695E-03
  0.4080000E-01  0.9331970E-03
  0.4085000E-01  0.1603783E-02
  0.4090000E-01  0.1438422E-02
  0.4095000E-01  0.9576682E-03
  0.4100000E-01  0.4115014E-03
  0.4105000E-01  0.4177432E-03
  0.4110000E-01  0.1459271E-02
  0.4115000E-01  0.2667334E-02
  0.4120000E-01  0.2742359E-02
  0.4125000E-01  0.1594499E-02
  0.4130000E-01  0.2043014E-02
  0.4135000E-01  0.2948905E-02
  0.4140000E-01  0.2998025E-02
  0.4145000E-01  0.2984707E-02
  0.4150000E-01  0.3278620E-02
  0.4155000E-01  0.3883275E-02
  0.4160000E-01  0.3560453E-02
  0.4165000E-01  0.2941881E-02
  0.4170000E-01  0.2985322E-02
  0.4175000E-01  0.3132677E-02
  0.4180000E-01  0.3084972E-02
  0.4185000E-01  0.3005413E-02
  0.4190000E-01  0.2899610E-02
  0.4195000E-01  0.2303657E-02
  0.4200000E-01  0.1617954E-02
  0.4205000E-01  0.1675703E-02
  0.4210000E-01  0.1110837E-02
  0.4215000E-01  0.8309006E-03
  0.4220000E-01  0.6922901E-03
  0.4225000E-01  0.1130621E-02
  0.4230000E-01  0.1678867E-02
  0.4235000E-01  0.1745332E-02
  0.4240000E-01  0.1130813E-02
  0.4245000E-01  0.4314012E-03
  0.4250000E-01 -0.1646367E-03
  0.4255000E-01 -0.8439820E-03
  0.4260000E-01 -0.2083284E-02
  0.4265000E-01 -0.2902631E-02
  0.4270000E-01 -0.3253338E-02
  0.4275000E-01 -0.2635688E-02
  0.4280000E-01 -0.2159375E-02
  0.4285000E-01 -0.2136573E-02
  0.4290000E-01 -0.8943052E-03
  0.4295000E-01  0.2116235E-03
  0.4300000E-01  0.4572638E-03
  0.4305000E-01  0.1360721E-02
  0.4310000E-01  0.3337677E-02
  0.4315000E-01  0.4389071E-02
  0.4320000E-01  0.4042212E-02
  0.4325000E-01  0.3554890E-02
  0.4330000E-01  0.3472458E-02
  0.4335000E-01  0.3135021E-02
  0.4340000E-01  0.1850808E-02
  0.4345000E-01  0.3333460E-03
  0.4350000E-01  0.1440287E-03
  0.4355000E-01  0.3497893E-03
  0.4360000E-01  0.9798107E-03
  0.4365000E-01  0.2635815E-02
  0.4370000E-01  0.4108021E-02
  0.4375000E-01  0.4312740E-02
  0.4380000E-01  0.4014371E-02
  0.4385000E-01  0.4031673E-02
  0.4390000E-01  0.4663441E-02
  0.4395000E-01  0.4731324E-02
  0.4400000E-01  0.4324533E-02
  0.4405000E-01  0.3302430E-02
  0.4410000E-01  0.1076346E-02
  0.4415000E-01 -0.8808545E-03
  0.4420000E-01 -0.1148941E-02
  0.4425000E-01 -0.1732822E-02
  0.4430000E-01 -0.1795578E-02
  0.4435000E-01 -0.9272110E-03
  0.4440000E-01  0.3791904E-03
  0.4445000E-01  0.1937261E-02
  0.4450000E-01  0.3049753E-02
  0.4455000E-01  0.2785282E-02
  0.4460000E-01  0.2633587E-02
  0.4465000E-01  0.1699812E-02
  0.4470000E-01  0.6628041E-03
  0.4475000E-01 -0.8175443E-03
  0.4480000E-01 -0.2210179E-02
  0.4485000E-01 -0.2648620E-02
  0.4490000E-01 -0.2389817E-02
  0.4495000E-01 -0.2152823E-02
  0.4500000E-01 -0.2132024E-02
  0.4505000E-01 -0.2805248E-02
  0.4510000E-01 -0.2834712E-02
  0.4515000E-01 -0.2209618E-02
  0.4520000E-01 -0.2550870E-02
  0.4525000E-01 -0.4192144E-02
  0.4530000E-01 -0.5485110E-02
  0.4535000E-01 -0.5839190E-02
  0.4540000E-01 -0.5902420E-02
  0.4545000E-01 -0.5794662E-02
  0.4550000E-01 -0.5562283E-02
  0.4555000E-01 -0.5522565E-02
  0.4560000E-01 -0.5205211E-02
  0.4565000E-01 -0.4288889E-02
  0.4570000E-01 -0.4008561E-02
  0.4575000E-01 -0.3178672E-02
  0.4580000E-01 -0.1573017E-02
  0.4585000E-01 -0.8359135E-04
  0.4590000E-01  0.5587788E-03
  0.4595000E-01  0.1752674E-02
  0.4600000E-01  0.2888639E-02
  0.4605000E-01  0.2844826E-02
  0.4610000E-01  0.2509362E-02
  0.4615000E-01  0.9253035E-03
  0.4620000E-01 -0.1484617E-02
  0.4625000E-01 -0.3348373E-02
  0.4630000E-01 -0.3832142E-02
  0.4635000E-01 -0.4362585E-02
  0.4640000E-01 -0.4747193E-02
  0.4645000E-01 -0.4545777E-02
  0.4650000E-01 -0.3522224E-02
  0.4655000E-01 -0.2353525E-02
  0.4660000E-01 -0.1520508E-02
  0.4665000E-01 -0.4045856E-03
  0.4670000E-01  0.7256945E-04
  0.4675000E-01 -0.3758136E-03
  0.4680000E-01  0.5321931E-03
  0.4685000E-01  0.1634544E-02
  0.4690000E-01  0.1669064E-02
  0.4695000E-01  0.2239979E-02
  0.4700000E-01  0.3149359E-02
  0.4705000E-01  0.4038865E-02
  0.4710000E-01  0.3937982E-02
  0.4715000E-01  0.3578904E-02
  0.4720000E-01  0.2610213E-02
  0.4725000E-01  0.2964747E-02
  0.4730000E-01  0.4008092E-02
  0.4735000E-01  0.4415662E-02
  0.4740000E-01  0.4465606E-02
  0.4745000E-01  0.4381655E-02
  0.4750000E-01  0.4118126E-02
  0.4755000E-01  0.3272267E-02
  0.4760000E-01  0.2344329E-02
  0.4765000E-01  0.1554624E-02
  0.4770000E-01  0.6742536E-03
  0.4775000E-01 -0.4413660E-03
  0.4780000E-01 -0.1016727E-02
  0.4785000E-01 -0.1869345E-02
  0.4790000E-01 -0.2357157E-02
  0.4795000E-01 -0.2848556E-02
  0.4800000E-01 -0.3376685E-02
  0.4805000E-01 -0.2757344E-02
  0.4810000E-01 -0.1474959E-02
  0.4815000E-01  0.5468924E-03
  0.4820000E-01  0.2230923E-02
  0.4825000E-01  0.2606569E-02
  0.4830000E-01  0.2148852E-02
  0.4835000E-01  0.1787204E-02
  0.4840000E-01  0.1818305E-02
  0.4845000E-01  0.2226973E-02
  0.4850000E-01  0.2121953E-02
  0.4855000E-01  0.2130537E-02
  0.4860000E-01  0.1176284E-02
  0.4865000E-01 -0.7713475E-03
  0.4870000E-01 -0.9908268E-03
  0.4875000E-01 -0.8413437E-03
  0.4880000E-01 -0.1615977E-02
  0.4885000E-01 -0.2632292E-02
  0.4890000E-01 -0.2986472E-02
  0.4895000E-01 -0.2067088E-02
  0.4900000E-01 -0.9105262E-03
  0.4905000E-01  0.8511066E-03
  0.4910000E-01  0.1473225E-02
  0.4915000E-01  0.1225210E-02
  0.4920000E-01  0.9731418E-03
  0.4925000E-01 -0.2694990E-03
  0.4930000E-01 -0.9433415E-03
  0.4935000E-01  0.4169257E-03
  0.4940000E-01  0.1540019E-02
  0.4945000E-01  0.2279891E-02
  0.4950000E-01  0.2784020E-02
  0.4955000E-01  0.1737861E-02
  0.4960000E-01 -0.1912407E-03
  0.4965000E-01 -0.9483436E-03
  0.4970000E-01 -0.8997198E-03
  0.4975000E-01 -0.1546278E-02
  0.4980000E-01 -0.2307943E-02
  0.4985000E-01 -0.1928611E-02
  0.4990000E-01 -0.2313464E-02
  0.4995000E-01 -0.3279926E-02
  0.5000000E-01 -0.7519475E-03
  0.5005000E-01  0.2145747E-02
  0.5010000E-01  0.5086138E-02
  0.5015000E-01  0.7304934E-02
  0.5020000E-01  0.8781812E-02
  0.5025000E-01  0.1001227E-01
  0.5030000E-01  0.9784686E-02
  0.5035000E-01  0.8947156E-02
  0.5040000E-01  0.7897133E-02
  0.5045000E-01  0.6708983E-02
  0.5050000E-01  0.6471967E-02
  0.5055000E-01  0.6209134E-02
  0.5060000E-01  0.5026552E-02
  0.5065000E-01  0.3278881E-02
  0.5070000E-01  0.2169748E-02
  0.5075000E-01  0.1047031E-02
  0.5080000E-01  0.2520214E-03
  0.5085000E-01 -0.3172474E-03
  0.5090000E-01 -0.1144605E-02
  0.5095000E-01 -0.2409632E-02
  0.5100000E-01 -0.3995366E-02
  0.5105000E-01 -0.5851710E-02
  0.5110000E-01 -0.6490294E-02
  0.5115000E-01 -0.4992964E-02
  0.5120000E-01 -0.3204584E-02
  0.5125000E-01 -0.2062850E-02
  0.5130000E-01 -0.1573405E-02
  0.5135000E-01 -0.1311225E-02
  0.5140000E-01 -0.9119795E-03
  0.5145000E-01  0.9581989E-04
  0.5150000E-01  0.2158862E-03
  0.5155000E-01 -0.1856267E-03
  0.5160000E-01 -0.7908605E-03
  0.5165000E-01 -0.2311573E-02
  0.5170000E-01 -0.4295445E-02
  0.5175000E-01 -0.4731715E-02
  0.5180000E-01 -0.3466284E-02
  0.5185000E-01 -0.1536782E-02
  0.5190000E-01 -0.4009643E-03
  0.5195000E-01 -0.1473638E-03
  0.5200000E-01 -0.1726229E-03
  0.5205000E-01 -0.5246832E-03
  0.5210000E-01 -0.1261864E-02
  0.5215000E-01 -0.2570148E-02
  0.5220000E-01 -0.2909238E-02
  0.5225000E-01 -0.3691537E-02
  0.5230000E-01 -0.5474088E-02
  0.5235000E-01 -0.6136262E-02
  0.5240000E-01 -0.6189525E-02
  0.5245000E-01 -0.5576018E-02
  0.5250000E-01 -0.4240093E-02
  0.5255000E-01 -0.2999907E-02
  0.5260000E-01 -0.2337045E-02
  0.5265000E-01 -0.2746486E-02
  0.5270000E-01 -0.2399153E-02
  0.5275000E-01 -0.1463488E-02
  0.5280000E-01 -0.5509210E-03
  0.5285000E-01  0.7314500E-04
  0.5290000E-01  0.3617615E-03
  0.5295000E-01  0.1274899E-02
  0.5300000E-01  0.2508327E-02
  0.5305000E-01  0.3847479E-02
  0.5310000E-01  0.4153345E-02
  0.5315000E-01  0.4684014E-02
  0.5320000E-01  0.4135345E-02
  0.5325000E-01  0.4367976E-02
  0.5330000E-01  0.5520864E-02
  0.5335000E-01  0.6098109E-02
  0.5340000E-01  0.5508894E-02
  0.5345000E-01  0.4002176E-02
  0.5350000E-01  0.2356265E-02
  0.5355000E-01  0.1640106E-02
  0.5360000E-01  0.2068348E-02
  0.5365000E-01  0.3444617E-02
  0.5370000E-01  0.5093957E-02
  0.5375000E-01  0.5803770E-02
  0.5380000E-01  0.5444215E-02
  0.5385000E-01  0.5422267E-02
  0.5390000E-01  0.5596919E-02
  0.5395000E-01  0.4797181E-02
  0.5400000E-01  0.3760755E-02
  0.5405000E-01  0.2978567E-02
  0.5410000E-01  0.2372339E-02
  0.5415000E-01  0.1405301E-02
  0.5420000E-01  0.4490889E-03
  0.5425000E-01 -0.6261932E-03
  0.5430000E-01 -0.2096848E-02
  0.5435000E-01 -0.3755545E-02
  0.5440000E-01 -0.4465297E-02
  0.5445000E-01 -0.5538319E-02
  0.5450000E-01 -0.6610127E-02
  0.5455000E-01 -0.6149363E-02
  0.5460000E-01 -0.5801563E-02
  0.5465000E-01 -0.5367958E-02
  0.5470000E-01 -0.4208354E-02
  0.5475000E-01 -0.2976127E-02
  0.5480000E-01 -0.1915686E-02
  0.5485000E-01 -0.1587720E-02
  0.5490000E-01 -0.1359900E-02
  0.5495000E-01 -0.5272560E-03
  0.5500000E-01  0.2770760E-03
  0.5505000E-01 -0.1546084E-03
  0.5510000E-01 -0.1276777E-02
  0.5515000E-01 -0.2847577E-02
  0.5520000E-01 -0.3830219E-02
  0.5525000E-01 -0.3089957E-02
  0.5530000E-01 -0.2014824E-02
  0.5535000E-01 -0.2714310E-02
  0.5540000E-01 -0.3896383E-02
  0.5545000E-01 -0.3920288E-02
  0.5550000E-01 -0.2817194E-02
  0.5555000E-01 -0.9005185E-03
  0.5560000E-01  0.2324916E-03
  0.5565000E-01  0.5778628E-03
  0.5570000E-01  0.1173696E-02
  0.5575000E-01  0.1951458E-02
  0.5580000E-01  0.2122583E-02
  0.5585000E-01  0.1361415E-02
  0.5590000E-01  0.6545821E-03
  0.5595000E-01  0.4605275E-03
  0.5600000E-01 -0.5888520E-04
  0.5605000E-01 -0.5674167E-03
  0.5610000E-01 -0.1486101E-02
  0.5615000E-01 -0.1654398E-02
  0.5620000E-01 -0.9163088E-03
  0.5625000E-01  0.7164128E-03
  0.5630000E-01  0.2546689E-02
  0.5635000E-01  0.3133064E-02
  0.5640000E-01  0.1805207E-02
  0.5645000E-01  0.3059424E-03
  0.5650000E-01  0.8930348E-03
  0.5655000E-01  0.2417568E-02
  0.5660000E-01  0.3085680E-02
  0.5665000E-01  0.1948281E-02
  0.5670000E-01  0.3386735E-03
  0.5675000E-01 -0.1200005E-02
  0.5680000E-01 -0.1827559E-02
  0.5685000E-01 -0.1985128E-02
  0.5690000E-01 -0.2597103E-02
  0.5695000E-01 -0.4097264E-02
  0.5700000E-01 -0.4608917E-02
  0.5705000E-01 -0.3076778E-02
  0.5710000E-01 -0.1768557E-02
  0.5715000E-01 -0.1904413E-02
  0.5720000E-01 -0.2268474E-02
  0.5725000E-01 -0.2163821E-02
  0.5730000E-01 -0.1440032E-02
  0.5735000E-01 -0.1164680E-03
  0.5740000E-01  0.3952209E-03
  0.5745000E-01  0.8318381E-03
  0.5750000E-01  0.1398169E-02
  0.5755000E-01  0.4104379E-02
  0.5760000E-01  0.4666615E-02
  0.5765000E-01  0.3868548E-02
  0.5770000E-01  0.3623726E-02
  0.5775000E-01  0.5008419E-02
  0.5780000E-01  0.5403202E-02
  0.5785000E-01  0.4719933E-02
  0.5790000E-01  0.3686430E-02
  0.5795000E-01  0.1884391E-02
  0.5800000E-01  0.3165630E-03
  0.5805000E-01 -0.9867077E-03
  0.5810000E-01 -0.5098555E-03
  0.5815000E-01 -0.1146677E-02
  0.5820000E-01 -0.2223570E-02
  0.5825000E-01 -0.3502050E-02
  0.5830000E-01 -0.4597716E-02
  0.5835000E-01 -0.5305270E-02
  0.5840000E-01 -0.4743555E-02
  0.5845000E-01 -0.3504883E-02
  0.5850000E-01 -0.3693949E-02
  0.5855000E-01 -0.4643915E-02
  0.5860000E-01 -0.5448451E-02
  0.5865000E-01 -0.4874839E-02
  0.5870000E-01 -0.4177538E-02
  0.5875000E-01 -0.3486646E-02
  0.5880000E-01 -0.2935644E-02
  0.5885000E-01 -0.2522194E-02
  0.5890000E-01 -0.1453308E-02
  0.5895000E-01 -0.4789402E-03
  0.5900000E-01 -0.1323557E-03
  0.5905000E-01 -0.4762405E-03
  0.5910000E-01  0.7192656E-05
  0.5915000E-01  0.7884717E-03
  0.5920000E-01  0.2289718E-03
  0.5925000E-01 -0.2146171E-03
  0.5930000E-01  0.1376660E-02
  0.5935000E-01  0.2339020E-02
  0.5940000E-01  0.3338349E-02
  0.5945000E-01  0.5036148E-02
  0.5950000E-01  0.5482987E-02
  0.5955000E-01  0.4671014E-02
  0.5960000E-01  0.4608299E-02
  0.5965000E-01  0.4924707E-02
  0.5970000E-01  0.5363284E-02
  0.5975000E-01  0.6020725E-02
  0.5980000E-01  0.6171056E-02
  0.5985000E-01  0.5294143E-02
  0.5990000E-01  0.5145358E-02
  0.5995000E-01  0.4381022E-02
  0.6000000E-01  0.3360872E-02
  0.6005000E-01  0.3355255E-02
  0.6010000E-01  0.3654992E-02
  0.6015000E-01  0.3003296E-02
  0.6020000E-01  0.2140455E-02
  0.6025000E-01  0.1354145E-02
  0.6030000E-01  0.1488222E-03
  0.6035000E-01 -0.7300802E-03
  0.6040000E-01 -0.4451366E-03
  0.6045000E-01  0.3131170E-03
  0.6050000E-01  0.1401210E-02
  0.6055000E-01  0.6770988E-03
  0.6060000E-01  0.3477989E-03
  0.6065000E-01  0.1409009E-03
  0.6070000E-01 -0.2675901E-03
  0.6075000E-01 -0.1288739E-02
  0.6080000E-01 -0.1142605E-02
  0.6085000E-01 -0.3450655E-03
  0.6090000E-01 -0.1309303E-02
  0.6095000E-01 -0.2687067E-02
  0.6100000E-01 -0.2848938E-02
  0.6105000E-01 -0.2398454E-02
  0.6110000E-01 -0.2377502E-02
  0.6115000E-01 -0.1652115E-02
  0.6120000E-01  0.2605712E-03
  0.6125000E-01 -0.3791577E-03
  0.6130000E-01 -0.3369312E-03
  0.6135000E-01  0.2387770E-03
  0.6140000E-01  0.5375774E-03
  0.6145000E-01  0.2094095E-02
  0.6150000E-01  0.3575702E-02
  0.6155000E-01  0.3452172E-02
  0.6160000E-01  0.4543802E-02
  0.6165000E-01  0.5881534E-02
  0.6170000E-01  0.5128841E-02
  0.6175000E-01  0.4561403E-02
  0.6180000E-01  0.3168502E-02
  0.6185000E-01  0.2920460E-02
  0.6190000E-01  0.3498378E-02
  0.6195000E-01  0.3035893E-02
  0.6200000E-01  0.1048866E-02
  0.6205000E-01 -0.9433241E-03
  0.6210000E-01 -0.9214400E-03
  0.6215000E-01  0.6578630E-03
  0.6220000E-01  0.2073574E-02
  0.6225000E-01  0.1150688E-02
  0.6230000E-01  0.1666379E-03
  0.6235000E-01 -0.5357968E-03
  0.6240000E-01  0.6146980E-03
  0.6245000E-01  0.1061481E-02
  0.6250000E-01  0.1153457E-03
  0.6255000E-01 -0.2684917E-02
  0.6260000E-01 -0.4658332E-02
  0.6265000E-01 -0.4275283E-02
  0.6270000E-01 -0.4045043E-02
  0.6275000E-01 -0.1775055E-02
  0.6280000E-01 -0.5749412E-03
  0.6285000E-01  0.1099308E-02
  0.6290000E-01  0.1198395E-02
  0.6295000E-01  0.1158994E-03
  0.6300000E-01  0.8057727E-03
  0.6305000E-01  0.3339323E-02
  0.6310000E-01  0.4320035E-02
  0.6315000E-01  0.3686465E-02
  0.6320000E-01  0.7863503E-03
  0.6325000E-01 -0.4228072E-02
  0.6330000E-01 -0.7908784E-02
  0.6335000E-01 -0.8929630E-02
  0.6340000E-01 -0.7363000E-02
  0.6345000E-01 -0.5659564E-02
  0.6350000E-01 -0.3398575E-02
  0.6355000E-01 -0.6809169E-03
  0.6360000E-01  0.1389951E-02
  0.6365000E-01  0.1889729E-02
  0.6370000E-01  0.1783769E-02
  0.6375000E-01  0.1343108E-02
  0.6380000E-01  0.9309571E-03
  0.6385000E-01  0.1002932E-02
  0.6390000E-01  0.2661621E-02
  0.6395000E-01  0.5275743E-02
  0.6400000E-01  0.6758607E-02
  0.6405000E-01  0.5949874E-02
  0.6410000E-01  0.3674985E-02
  0.6415000E-01  0.1855733E-02
  0.6420000E-01  0.1618670E-02
  0.6425000E-01  0.9241718E-03
  0.6430000E-01 -0.3271502E-03
  0.6435000E-01 -0.7294240E-03
  0.6440000E-01 -0.5672032E-03
  0.6445000E-01  0.5322004E-03
  0.6450000E-01  0.1810196E-02
  0.6455000E-01  0.2303008E-02
  0.6460000E-01  0.3005753E-02
  0.6465000E-01  0.3267582E-02
  0.6470000E-01  0.3063803E-02
  0.6475000E-01  0.3290973E-02
  0.6480000E-01  0.3076992E-02
  0.6485000E-01  0.3127070E-02
  0.6490000E-01  0.3107004E-02
  0.6495000E-01  0.1600559E-02
  0.6500000E-01  0.1393939E-02
  0.6505000E-01  0.2654009E-02
  0.6510000E-01  0.3907801E-02
  0.6515000E-01  0.4470385E-02
  0.6520000E-01  0.3214347E-02
  0.6525000E-01  0.1342971E-02
  0.6530000E-01  0.8679157E-03
  0.6535000E-01  0.9459520E-03
  0.6540000E-01  0.1082696E-02
  0.6545000E-01  0.5114016E-04
  0.6550000E-01 -0.3816932E-03
  0.6555000E-01 -0.1459064E-03
  0.6560000E-01 -0.4896958E-03
  0.6565000E-01 -0.1747553E-02
  0.6570000E-01 -0.2578716E-02
  0.6575000E-01 -0.1674450E-02
  0.6580000E-01 -0.3297100E-03
  0.6585000E-01  0.5047347E-03
  0.6590000E-01 -0.3675471E-04
  0.6595000E-01  0.6647246E-03
  0.6600000E-01  0.2187636E-02
  0.6605000E-01  0.3515795E-02
  0.6610000E-01  0.4082124E-02
  0.6615000E-01  0.3532271E-02
  0.6620000E-01  0.2808839E-02
  0.6625000E-01  0.2769973E-02
  0.6630000E-01  0.3754298E-02
  0.6635000E-01  0.4533560E-02
  0.6640000E-01  0.4158174E-02
  0.6645000E-01  0.2990528E-02
  0.6650000E-01  0.1754428E-02
  0.6655000E-01 -0.2231747E-03
  0.6660000E-01 -0.2093041E-02
  0.6665000E-01 -0.3198641E-02
  0.6670000E-01 -0.2924048E-02
  0.6675000E-01 -0.2592660E-02
  0.6680000E-01 -0.2082847E-02
  0.6685000E-01 -0.1395256E-02
  0.6690000E-01 -0.9939255E-03
  0.6695000E-01 -0.1764480E-02
  0.6700000E-01 -0.3133601E-02
  0.6705000E-01 -0.3611846E-02
  0.6710000E-01 -0.4134027E-02
  0.6715000E-01 -0.3476223E-02
  0.6720000E-01 -0.2122062E-02
  0.6725000E-01 -0.1217049E-02
  0.6730000E-01 -0.9923312E-03
  0.6735000E-01 -0.2068885E-02
  0.6740000E-01 -0.3257736E-02
  0.6745000E-01 -0.3721870E-02
  0.6750000E-01 -0.3589175E-02
  0.6755000E-01 -0.1972742E-02
  0.6760000E-01 -0.1080978E-02
  0.6765000E-01 -0.1392796E-02
  0.6770000E-01 -0.1685758E-02
  0.6775000E-01 -0.6506769E-03
  0.6780000E-01 -0.3106905E-03
  0.6785000E-01 -0.2174277E-03
  0.6790000E-01 -0.8789304E-03
  0.6795000E-01 -0.2109104E-02
  0.6800000E-01 -0.3224535E-02
  0.6805000E-01 -0.4147372E-02
  0.6810000E-01 -0.4195919E-02
  0.6815000E-01 -0.1506952E-02
  0.6820000E-01  0.1372183E-02
  0.6825000E-01  0.3416959E-02
  0.6830000E-01  0.5108044E-02
  0.6835000E-01  0.7165577E-02
  0.6840000E-01  0.9448509E-02
  0.6845000E-01  0.1070206E-01
  0.6850000E-01  0.1009716E-01
  0.6855000E-01  0.8819781E-02
  0.6860000E-01  0.8232040E-02
  0.6865000E-01  0.8651548E-02
  0.6870000E-01  0.7870205E-02
  0.6875000E-01  0.5310090E-02
  0.6880000E-01  0.2945308E-02
  0.6885000E-01  0.2924885E-02
  0.6890000E-01  0.2024599E-02
  0.6895000E-01 -0.1382867E-06
  0.6900000E-01 -0.1441274E-02
  0.6905000E-01 -0.2962327E-02
  0.6910000E-01 -0.4243278E-02
  0.6915000E-01 -0.4238198E-02
  0.6920000E-01 -0.2823413E-02
  0.6925000E-01 -0.9930636E-04
  0.6930000E-01  0.1482699E-02
  0.6935000E-01  0.2456186E-02
  0.6940000E-01  0.2416127E-02
  0.6945000E-01  0.1347936E-02
  0.6950000E-01  0.1139275E-02
  0.6955000E-01  0.4431275E-03
  0.6960000E-01 -0.2917675E-03
  0.6965000E-01 -0.5235410E-03
  0.6970000E-01 -0.1522781E-02
  0.6975000E-01 -0.2926184E-02
  0.6980000E-01 -0.3822049E-02
  0.6985000E-01 -0.4178226E-02
  0.6990000E-01 -0.3368812E-02
  0.6995000E-01 -0.1288241E-02
  0.7000000E-01  0.1433829E-02
  0.7005000E-01  0.2779602E-02
  0.7010000E-01  0.1946617E-02
  0.7015000E-01  0.8077364E-04
  0.7020000E-01 -0.1372187E-02
  0.7025000E-01 -0.2522367E-02
  0.7030000E-01 -0.3950410E-02
  0.7035000E-01 -0.3914979E-02
  0.7040000E-01 -0.2328634E-02
  0.7045000E-01 -0.7888947E-03
  0.7050000E-01 -0.2077515E-03
  0.7055000E-01 -0.6661405E-03
  0.7060000E-01 -0.5320986E-03
  0.7065000E-01  0.7459856E-04
  0.7070000E-01 -0.6009184E-04
  0.7075000E-01 -0.9835982E-03
  0.7080000E-01  0.9925005E-03
  0.7085000E-01  0.2819251E-02
  0.7090000E-01  0.1951736E-02
  0.7095000E-01 -0.1556039E-03
  0.7100000E-01 -0.1546205E-02
  0.7105000E-01 -0.1654737E-02
  0.7110000E-01 -0.7299999E-03
  0.7115000E-01 -0.1272625E-02
  0.7120000E-01 -0.1472961E-03
  0.7125000E-01  0.1181103E-02
  0.7130000E-01  0.5329009E-03
  0.7135000E-01  0.6292667E-03
  0.7140000E-01  0.1594912E-03
  0.7145000E-01 -0.7577887E-03
  0.7150000E-01 -0.2079339E-02
  0.7155000E-01 -0.1393984E-02
  0.7160000E-01  0.9297100E-03
  0.7165000E-01  0.3345766E-02
  0.7170000E-01  0.5007611E-02
  0.7175000E-01  0.6156321E-02
  0.7180000E-01  0.7900065E-02
  0.7185000E-01  0.8700200E-02
  0.7190000E-01  0.8080366E-02
  0.7195000E-01  0.7886598E-02
  0.7200000E-01  0.6779431E-02
  0.7205000E-01  0.2783915E-02
  0.7210000E-01  0.5169213E-03
  0.7215000E-01 -0.8046355E-03
  0.7220000E-01 -0.1754494E-02
  0.7225000E-01 -0.2350000E-02
  0.7230000E-01 -0.2572865E-02
  0.7235000E-01 -0.1116210E-02
  0.7240000E-01  0.3232510E-03
  0.7245000E-01  0.1033793E-02
  0.7250000E-01 -0.6198352E-04
  0.7255000E-01 -0.1640590E-02
  0.7260000E-01 -0.3077231E-02
  0.7265000E-01 -0.4753558E-02
  0.7270000E-01 -0.4806417E-02
  0.7275000E-01 -0.2168233E-02
  0.7280000E-01  0.2604224E-02
  0.7285000E-01  0.6248545E-02
  0.7290000E-01  0.7974688E-02
  0.7295000E-01  0.7725897E-02
  0.7300000E-01  0.6338841E-02
  0.7305000E-01  0.6372733E-02
  0.7310000E-01  0.8334296E-02
  0.7315000E-01  0.9451244E-02
  0.7320000E-01  0.1009772E-01
  0.7325000E-01  0.1178899E-01
  0.7330000E-01  0.1227038E-01
  0.7335000E-01  0.9515544E-02
  0.7340000E-01  0.5088945E-02
  0.7345000E-01 -0.9995607E-04
  0.7350000E-01 -0.4939511E-02
  0.7355000E-01 -0.7360944E-02
  0.7360000E-01 -0.1025979E-01
  0.7365000E-01 -0.1381951E-01
  0.7370000E-01 -0.1582787E-01
  0.7375000E-01 -0.1337750E-01
  0.7380000E-01 -0.1130026E-01
  0.7385000E-01 -0.9499124E-02
  0.7390000E-01 -0.5008572E-02
  0.7395000E-01 -0.1440072E-02
  0.7400000E-01  0.5507505E-03
  0.7405000E-01  0.1842805E-02
  0.7410000E-01  0.1123218E-02
  0.7415000E-01  0.7437337E-03
  0.7420000E-01  0.1455351E-02
  0.7425000E-01  0.3623247E-02
  0.7430000E-01  0.1705705E-02
  0.7435000E-01 -0.4166859E-03
  0.7440000E-01  0.2501538E-03
  0.7445000E-01 -0.2038298E-02
  0.7450000E-01 -0.4958332E-02
  0.7455000E-01 -0.5918295E-02
  0.7460000E-01 -0.5579570E-02
  0.7465000E-01 -0.3443777E-02
  0.7470000E-01 -0.2456873E-02
  0.7475000E-01 -0.2496803E-02
  0.7480000E-01 -0.2806600E-02
  0.7485000E-01 -0.2164591E-02
  0.7490000E-01 -0.9991667E-03
  0.7495000E-01  0.1499732E-02
  0.7500000E-01  0.1874145E-02
  0.7505000E-01 -0.6394316E-03
  0.7510000E-01 -0.2231338E-02
  0.7515000E-01 -0.4223479E-02
  0.7520000E-01 -0.5730092E-02
  0.7525000E-01 -0.2831610E-02
  0.7530000E-01  0.2015431E-02
  0.7535000E-01  0.2719811E-02
  0.7540000E-01  0.7845445E-03
  0.7545000E-01  0.4944662E-03
  0.7550000E-01  0.1034542E-02
  0.7555000E-01  0.2117087E-03
  0.7560000E-01 -0.2083267E-02
  0.7565000E-01 -0.1790531E-02
  0.7570000E-01  0.2520237E-02
  0.7575000E-01  0.6508762E-02
  0.7580000E-01  0.8799466E-02
  0.7585000E-01  0.1167535E-01
  0.7590000E-01  0.1336428E-01
  0.7595000E-01  0.1256207E-01
  0.7600000E-01  0.8965293E-02
  0.7605000E-01  0.5732226E-02
  0.7610000E-01  0.2137694E-02
  0.7615000E-01 -0.3317310E-03
  0.7620000E-01  0.9106120E-03
  0.7625000E-01  0.2239823E-02
  0.7630000E-01  0.3639211E-02
  0.7635000E-01  0.3919959E-02
  0.7640000E-01  0.3439557E-02
  0.7645000E-01  0.6668821E-03
  0.7650000E-01 -0.4743765E-02
  0.7655000E-01 -0.6857102E-02
  0.7660000E-01 -0.4825899E-02
  0.7665000E-01 -0.1915549E-02
  0.7670000E-01  0.2261471E-03
  0.7675000E-01  0.1260354E-02
  0.7680000E-01  0.1484539E-02
  0.7685000E-01  0.1626650E-02
  0.7690000E-01  0.9431874E-03
  0.7695000E-01 -0.4726465E-03
  0.7700000E-01 -0.1808234E-03
  0.7705000E-01  0.2998150E-02
  0.7710000E-01  0.5521847E-02
  0.7715000E-01  0.6797481E-02
  0.7720000E-01  0.7374106E-02
  0.7725000E-01  0.8224774E-02
  0.7730000E-01  0.9190574E-02
  0.7735000E-01  0.9890098E-02
  0.7740000E-01  0.9611759E-02
  0.7745000E-01  0.8798909E-02
  0.7750000E-01  0.5345328E-02
  0.7755000E-01  0.1299295E-02
  0.7760000E-01  0.1029588E-02
  0.7765000E-01  0.1986156E-02
  0.7770000E-01  0.2051372E-02
  0.7775000E-01  0.2665574E-02
  0.7780000E-01  0.5806170E-02
  0.7785000E-01  0.7252308E-02
  0.7790000E-01  0.4187149E-02
  0.7795000E-01 -0.1058974E-02
  0.7800000E-01 -0.4021671E-02
  0.7805000E-01 -0.6850236E-02
  0.7810000E-01 -0.6847973E-02
  0.7815000E-01 -0.5374296E-02
  0.7820000E-01 -0.6421517E-02
  0.7825000E-01 -0.8440749E-02
  0.7830000E-01 -0.5908576E-02
  0.7835000E-01 -0.5490019E-02
  0.7840000E-01 -0.8802146E-02
  0.7845000E-01 -0.9673662E-02
  0.7850000E-01 -0.8265311E-02
  0.7855000E-01 -0.4523748E-02
  0.7860000E-01 -0.9923375E-03
  0.7865000E-01  0.1244606E-02
  0.7870000E-01  0.2365294E-02
  0.7875000E-01  0.1454533E-02
  0.7880000E-01  0.9801457E-03
  0.7885000E-01  0.4216437E-03
  0.7890000E-01  0.6504056E-03
  0.7895000E-01  0.2910931E-02
  0.7900000E-01  0.1934720E-02
  0.7905000E-01 -0.1108806E-02
  0.7910000E-01 -0.4429332E-02
  0.7915000E-01 -0.8180543E-02
  0.7920000E-01 -0.6824269E-02
  0.7925000E-01 -0.3423217E-02
  0.7930000E-01 -0.2009233E-02
  0.7935000E-01 -0.2164067E-02
  0.7940000E-01 -0.1828915E-02
  0.7945000E-01  0.1869311E-02
  0.7950000E-01  0.5608766E-02
  0.7955000E-01  0.8632521E-02
  0.7960000E-01  0.9276961E-02
  0.7965000E-01  0.5576197E-02
  0.7970000E-01  0.4844227E-02
  0.7975000E-01  0.6355520E-02
  0.7980000E-01  0.7532362E-02
  0.7985000E-01  0.7335544E-02
  0.7990000E-01  0.4807344E-02
  0.7995000E-01  0.2890005E-02
  0.8000000E-01  0.2665937E-02
  0.8005000E-01  0.3622096E-02
  0.8010000E-01  0.5406525E-02
  0.8015000E-01  0.8244394E-02
  0.8020000E-01  0.1122466E-01
  0.8025000E-01  0.1247737E-01
  0.8030000E-01  0.1259157E-01
  0.8035000E-01  0.1290485E-01
  0.8040000E-01  0.1048842E-01
  0.8045000E-01  0.8015699E-02
  0.8050000E-01  0.6607733E-02
  0.8055000E-01  0.1246017E-02
  0.8060000E-01 -0.4766884E-02
  0.8065000E-01 -0.6405856E-02
  0.8070000E-01 -0.5730047E-02
  0.8075000E-01 -0.6070770E-02
  0.8080000E-01 -0.7237957E-02
  0.8085000E-01 -0.9250985E-02
  0.8090000E-01 -0.1284049E-01
  0.8095000E-01 -0.1324136E-01
  0.8100000E-01 -0.1100665E-01
  0.8105000E-01 -0.9053630E-02
  0.8110000E-01 -0.7077220E-02
  0.8115000E-01 -0.7386414E-02
  0.8120000E-01 -0.9647450E-02
  0.8125000E-01 -0.9814450E-02
  0.8130000E-01 -0.1015321E-01
  0.8135000E-01 -0.1120813E-01
  0.8140000E-01 -0.8848098E-02
  0.8145000E-01 -0.4452912E-02
  0.8150000E-01 -0.2614006E-02
  0.8155000E-01 -0.3199313E-02
  0.8160000E-01 -0.4214412E-02
  0.8165000E-01 -0.4365924E-02
  0.8170000E-01 -0.3932159E-02
  0.8175000E-01 -0.1863048E-02
  0.8180000E-01  0.1551351E-02
  0.8185000E-01  0.5185956E-02
  0.8190000E-01  0.6705769E-02
  0.8195000E-01  0.6380685E-02
  0.8200000E-01  0.5102810E-02
  0.8205000E-01  0.7253181E-02
  0.8210000E-01  0.8851305E-02
  0.8215000E-01  0.1133556E-01
  0.8220000E-01  0.1336413E-01
  0.8225000E-01  0.1247224E-01
  0.8230000E-01  0.8010767E-02
  0.8235000E-01  0.6759353E-02
  0.8240000E-01  0.4232673E-02
  0.8245000E-01  0.1569919E-02
  0.8250000E-01 -0.2593390E-02
  0.8255000E-01 -0.5298708E-02
  0.8260000E-01 -0.6327682E-02
  0.8265000E-01 -0.9314120E-02
  0.8270000E-01 -0.8758637E-02
  0.8275000E-01 -0.3874865E-02
  0.8280000E-01  0.4720300E-02
  0.8285000E-01  0.1442289E-01
  0.8290000E-01  0.2064108E-01
  0.8295000E-01  0.2008333E-01
  0.8300000E-01  0.1497972E-01
  0.8305000E-01  0.9461238E-02
  0.8310000E-01  0.6652395E-02
  0.8315000E-01  0.5553770E-02
  0.8320000E-01  0.1767269E-03
  0.8325000E-01 -0.3833031E-02
  0.8330000E-01  0.5356885E-03
  0.8335000E-01  0.7242469E-02
  0.8340000E-01  0.7924421E-02
  0.8345000E-01  0.5385909E-02
  0.8350000E-01  0.1595030E-02
  0.8355000E-01 -0.3837927E-02
  0.8360000E-01 -0.5453629E-02
  0.8365000E-01 -0.2830092E-02
  0.8370000E-01 -0.1278847E-02
  0.8375000E-01  0.3744719E-03
  0.8380000E-01 -0.1216425E-02
  0.8385000E-01 -0.1751942E-02
  0.8390000E-01  0.3628522E-03
  0.8395000E-01  0.1828776E-02
  0.8400000E-01 -0.2543410E-04
  0.8405000E-01 -0.3370830E-02
  0.8410000E-01 -0.5077081E-02
  0.8415000E-01 -0.4194006E-02
  0.8420000E-01 -0.3131465E-02
  0.8425000E-01  0.1389967E-02
  0.8430000E-01  0.7543673E-02
  0.8435000E-01  0.9655331E-02
  0.8440000E-01  0.1081615E-01
  0.8445000E-01  0.1126987E-01
  0.8450000E-01  0.1219921E-01
  0.8455000E-01  0.1136685E-01
  0.8460000E-01  0.8483520E-02
  0.8465000E-01  0.7302587E-02
  0.8470000E-01  0.8650511E-02
  0.8475000E-01  0.7507221E-02
  0.8480000E-01  0.7458205E-02
  0.8485000E-01  0.1051606E-01
  0.8490000E-01  0.1082464E-01
  0.8495000E-01  0.1010878E-01
  0.8500000E-01  0.5394621E-02
  0.8505000E-01  0.3859732E-03
  0.8510000E-01  0.2119811E-02
  0.8515000E-01  0.5810707E-02
  0.8520000E-01  0.7589070E-02
  0.8525000E-01  0.7734997E-02
  0.8530000E-01  0.6550357E-02
  0.8535000E-01  0.4234958E-02
  0.8540000E-01  0.5569398E-03
  0.8545000E-01 -0.5656142E-02
  0.8550000E-01 -0.7740623E-02
  0.8555000E-01 -0.1012360E-01
  0.8560000E-01 -0.1592312E-01
  0.8565000E-01 -0.1519477E-01
  0.8570000E-01 -0.1510279E-01
  0.8575000E-01 -0.1227566E-01
  0.8580000E-01 -0.1324327E-01
  0.8585000E-01 -0.1893143E-01
  0.8590000E-01 -0.1971824E-01
  0.8595000E-01 -0.1369132E-01
  0.8600000E-01 -0.7678212E-02
  0.8605000E-01 -0.2712763E-02
  0.8610000E-01  0.1423988E-02
  0.8615000E-01  0.4797734E-02
  0.8620000E-01  0.5468227E-02
  0.8625000E-01  0.2543556E-02
  0.8630000E-01  0.3910845E-02
  0.8635000E-01  0.7593266E-02
  0.8640000E-01  0.6453673E-02
  0.8645000E-01  0.4687904E-02
  0.8650000E-01  0.4923913E-02
  0.8655000E-01  0.9320288E-02
  0.8660000E-01  0.1563508E-01
  0.8665000E-01  0.1624543E-01
  0.8670000E-01  0.8998519E-02
  0.8675000E-01  0.6008916E-02
  0.8680000E-01  0.5343854E-02
  0.8685000E-01  0.3621849E-02
  0.8690000E-01  0.2842360E-02
  0.8695000E-01  0.3655296E-02
  0.8700000E-01  0.1087561E-02
  0.8705000E-01 -0.2329200E-02
  0.8710000E-01  0.1113330E-02
  0.8715000E-01  0.6563094E-02
  0.8720000E-01  0.7770868E-02
  0.8725000E-01  0.8156448E-02
  0.8730000E-01  0.9274714E-02
  0.8735000E-01  0.4125662E-02
  0.8740000E-01 -0.1368025E-02
  0.8745000E-01 -0.6270028E-02
  0.8750000E-01 -0.4059500E-02
  0.8755000E-01  0.6938355E-02
  0.8760000E-01  0.1568894E-01
  0.8765000E-01  0.1576647E-01
  0.8770000E-01  0.1503302E-01
  0.8775000E-01  0.1155786E-01
  0.8780000E-01  0.6676704E-02
  0.8785000E-01  0.5718238E-02
  0.8790000E-01  0.4098476E-02
  0.8795000E-01  0.1532433E-02
  0.8800000E-01 -0.1892893E-02
  0.8805000E-01 -0.6229941E-02
  0.8810000E-01 -0.9134078E-02
  0.8815000E-01 -0.7709133E-02
  0.8820000E-01 -0.6336486E-02
  0.8825000E-01 -0.5180171E-02
  0.8830000E-01 -0.4302121E-02
  0.8835000E-01  0.2092179E-02
  0.8840000E-01  0.8774356E-02
  0.8845000E-01  0.6782196E-02
  0.8850000E-01 -0.6427055E-03
  0.8855000E-01 -0.7620205E-02
  0.8860000E-01 -0.1114231E-01
  0.8865000E-01 -0.6953151E-02
  0.8870000E-01 -0.6303582E-02
  0.8875000E-01 -0.5339853E-03
  0.8880000E-01  0.6263630E-02
  0.8885000E-01  0.1131818E-01
  0.8890000E-01  0.1540714E-01
  0.8895000E-01  0.1897380E-01
  0.8900000E-01  0.1821833E-01
  0.8905000E-01  0.1522521E-01
  0.8910000E-01  0.1458212E-01
  0.8915000E-01  0.2026230E-01
  0.8920000E-01  0.2655530E-01
  0.8925000E-01  0.2981051E-01
  0.8930000E-01  0.2878382E-01
  0.8935000E-01  0.2443139E-01
  0.8940000E-01  0.1483421E-01
  0.8945000E-01  0.5760017E-02
  0.8950000E-01 -0.3533178E-02
  0.8955000E-01 -0.6519567E-02
  0.8960000E-01 -0.1024962E-01
  0.8965000E-01 -0.1274853E-01
  0.8970000E-01 -0.1382051E-01
  0.8975000E-01 -0.1998715E-01
  0.8980000E-01 -0.2204276E-01
  0.8985000E-01 -0.1701020E-01
  0.8990000E-01 -0.8002307E-02
  0.8995000E-01 -0.4271470E-02
  0.9000000E-01 -0.3584810E-02
  0.9005000E-01 -0.1819138E-02
  0.9010000E-01  0.3736999E-02
  0.9015000E-01  0.1283342E-01
  0.9020000E-01  0.1459413E-01
  0.9025000E-01  0.1499039E-01
  0.9030000E-01  0.1819290E-01
  0.9035000E-01  0.1970504E-01
  0.9040000E-01  0.1808399E-01
  0.9045000E-01  0.1581308E-01
  0.9050000E-01  0.1263792E-01
  0.9055000E-01  0.9661145E-02
  0.9060000E-01  0.6133860E-02
  0.9065000E-01  0.5910482E-02
  0.9070000E-01  0.4262720E-02
  0.9075000E-01  0.2498451E-02
  0.9080000E-01 -0.2906441E-02
  0.9085000E-01 -0.4597891E-02
  0.9090000E-01 -0.1516640E-02
  0.9095000E-01 -0.1913128E-02
  0.9100000E-01 -0.5892430E-02
  0.9105000E-01 -0.8541323E-02
  0.9110000E-01 -0.9210566E-02
  0.9115000E-01 -0.6787525E-02
  0.9120000E-01  0.7278659E-03
  0.9125000E-01  0.8103873E-02
  0.9130000E-01  0.1259884E-01
  0.9135000E-01  0.1845800E-01
  0.9140000E-01  0.1502753E-01
  0.9145000E-01  0.1589848E-01
  0.9150000E-01  0.1486292E-01
  0.9155000E-01  0.9255885E-02
  0.9160000E-01  0.5815627E-02
  0.9165000E-01  0.5881121E-02
  0.9170000E-01  0.4513585E-02
  0.9175000E-01  0.7583780E-03
  0.9180000E-01  0.1462184E-02
  0.9185000E-01  0.5526297E-02
  0.9190000E-01  0.8119931E-02
  0.9195000E-01  0.1042611E-01
  0.9200000E-01  0.1222309E-01
  0.9205000E-01  0.1329638E-01
  0.9210000E-01  0.1938678E-01
  0.9215000E-01  0.2476542E-01
  0.9220000E-01  0.2858682E-01
  0.9225000E-01  0.2701693E-01
  0.9230000E-01  0.1793764E-01
  0.9235000E-01  0.1507552E-01
  0.9240000E-01  0.1165638E-01
  0.9245000E-01  0.8363435E-02
  0.9250000E-01  0.3760482E-02
  0.9255000E-01  0.4481615E-04
  0.9260000E-01  0.7155898E-03
  0.9265000E-01  0.7480852E-03
  0.9270000E-01 -0.5125698E-02
  0.9275000E-01 -0.1526618E-01
  0.9280000E-01 -0.2002353E-01
  0.9285000E-01 -0.1584478E-01
  0.9290000E-01 -0.1672271E-01
  0.9295000E-01 -0.1467316E-01
  0.9300000E-01 -0.1462700E-01
  0.9305000E-01 -0.1175814E-01
  0.9310000E-01 -0.1104966E-01
  0.9315000E-01 -0.4939033E-02
  0.9320000E-01 -0.1129146E-02
  0.9325000E-01 -0.4798248E-02
  0.9330000E-01 -0.1249203E-01
  0.9335000E-01 -0.1062146E-01
  0.9340000E-01  0.3489556E-02
  0.9345000E-01  0.1554001E-01
  0.9350000E-01  0.2286470E-01
  0.9355000E-01  0.3731263E-01
  0.9360000E-01  0.3638952E-01
  0.9365000E-01  0.2794634E-01
  0.9370000E-01  0.2773442E-01
  0.9375000E-01  0.3315535E-01
  0.9380000E-01  0.3260383E-01
  0.9385000E-01  0.3200968E-01
  0.9390000E-01  0.3548772E-01
  0.9395000E-01  0.3754499E-01
  0.9400000E-01  0.3656036E-01
  0.9405000E-01  0.3931959E-01
  0.9410000E-01  0.3481566E-01
  0.9415000E-01  0.3075567E-01
  0.9420000E-01  0.2677013E-01
  0.9425000E-01  0.3026349E-01
  0.9430000E-01  0.2750667E-01
  0.9435000E-01  0.1894429E-01
  0.9440000E-01  0.1145422E-01
  0.9445000E-01  0.3002511E-02
  0.9450000E-01 -0.1079037E-01
  0.9455000E-01 -0.1790781E-01
  0.9460000E-01 -0.1753632E-01
  0.9465000E-01 -0.9822983E-02
  0.9470000E-01 -0.1256479E-02
  0.9475000E-01  0.2209892E-01
  0.9480000E-01  0.2852695E-01
  0.9485000E-01  0.1744326E-01
  0.9490000E-01  0.2220805E-02
  0.9495000E-01 -0.1166167E-01
  0.9500000E-01 -0.1540211E-01
  0.9505000E-01 -0.5263965E-02
  0.9510000E-01  0.7501704E-02
  0.9515000E-01  0.1402380E-01
  0.9520000E-01  0.2108117E-01
  0.9525000E-01  0.3391291E-01
  0.9530000E-01  0.2999858E-01
  0.9535000E-01  0.2657557E-01
  0.9540000E-01  0.1578106E-01
  0.9545000E-01  0.8588856E-02
  0.9550000E-01  0.2495369E-02
  0.9555000E-01  0.4507287E-02
  0.9560000E-01  0.6522284E-03
  0.9565000E-01  0.5789540E-02
  0.9570000E-01  0.3358810E-02
  0.9575000E-01  0.7354324E-02
  0.9580000E-01  0.3219943E-02
  0.9585000E-01 -0.4540455E-03
  0.9590000E-01  0.4085939E-02
  0.9595000E-01  0.2119429E-01
  0.9600000E-01  0.1570284E-01
  0.9605000E-01 -0.5642660E-02
  0.9610000E-01 -0.1644975E-01
  0.9615000E-01  0.4350317E-02
  0.9620000E-01  0.2660570E-01
  0.9625000E-01  0.3069116E-01
  0.9630000E-01  0.1387491E-01
  0.9635000E-01  0.8488566E-02
  0.9640000E-01 -0.2210590E-02
  0.9645000E-01 -0.1150495E-01
  0.9650000E-01 -0.2144599E-01
  0.9655000E-01 -0.1763554E-01
  0.9660000E-01 -0.1500213E-01
  0.9665000E-01  0.1135569E-01
  0.9670000E-01  0.3214418E-01
  0.9675000E-01  0.5547026E-01
  0.9680000E-01  0.7441004E-01
  0.9685000E-01  0.8032991E-01
  0.9690000E-01  0.6117605E-01
  0.9695000E-01  0.4672969E-01
  0.9700000E-01  0.2001355E-01
  0.9705000E-01 -0.1373332E-01
  0.9710000E-01 -0.6902017E-01
  0.9715000E-01 -0.1180750E+00
  0.9720000E-01 -0.1545695E+00
  0.9725000E-01 -0.1684873E+00
  0.9730000E-01 -0.1919918E+00
  0.9735000E-01 -0.2044314E+00
  0.9740000E-01 -0.2180230E+00
  0.9745000E-01 -0.2097235E+00
  0.9750000E-01 -0.2129429E+00
  0.9755000E-01 -0.2253253E+00
  0.9760000E-01 -0.2689646E+00
  0.9765000E-01 -0.2882225E+00
  0.9770000E-01 -0.2965125E+00
  0.9775000E-01 -0.2749649E+00
  0.9780000E-01 -0.2676655E+00
  0.9785000E-01 -0.2431352E+00
  0.9790000E-01 -0.2248766E+00
  0.9795000E-01 -0.1669671E+00
  0.9800000E-01 -0.1172156E+00
  0.9805000E-01 -0.4198513E-01
  0.9810000E-01  0.3006018E-01
  0.9815000E-01  0.1514083E+00
  0.9820000E-01  0.2676657E+00
  0.9825000E-01  0.4346722E+00
  0.9830000E-01  0.5755341E+00
  0.9835000E-01  0.7437709E+00
  0.9840000E-01  0.8837983E+00
  0.9845000E-01  0.1035590E+01
  0.9850000E-01  0.1110340E+01
  0.9855000E-01  0.1112825E+01
  0.9860000E-01  0.9866727E+00
  0.9865000E-01  0.7696621E+00
  0.9870000E-01  0.4386860E+00
  0.9875000E-01  0.2274501E-01
  0.9880000E-01 -0.4730010E+00
  0.9885000E-01 -0.1028914E+01
  0.9890000E-01 -0.1627560E+01
  0.9895000E-01 -0.2242730E+01
  0.9900000E-01 -0.2846780E+01
  0.9905000E-01 -0.3413245E+01
  0.9910000E-01 -0.3918371E+01
  0.9915000E-01 -0.4336911E+01
  0.9920000E-01 -0.4649652E+01
  0.9925000E-01 -0.4828361E+01
  0.9930000E-01 -0.4839420E+01
  0.9935000E-01 -0.4647321E+01
  0.9940000E-01 -0.4213046E+01
  0.9945000E-01 -0.3498995E+01
  0.9950000E-01 -0.2481102E+01
  0.9955000E-01 -0.1168151E+01
  0.9960000E-01  0.3802401E+00
  0.9965000E-01  0.2061849E+01
  0.9970000E-01  0.3737211E+01
  0.9975000E-01  0.5234192E+01
  0.9980000E-01  0.6387554E+01
  0.9985000E-01  0.7107139E+01
  0.9990000E-01  0.7416069E+01
  0.9995000E-01  0.7453483E+01
  0.1000000E+00  0.7453483E+01
