  0.0000000E+00  0.7427343E+01
  0.5000000E-04  0.7448951E+01
  0.1000000E-03  0.7412505E+01
  0.1500000E-03  0.7102480E+01
  0.2000000E-03  0.6373628E+01
  0.2500000E-03  0.5203525E+01
  0.3000000E-03  0.3687815E+01
  0.3500000E-03  0.1993214E+01
  0.4000000E-03  0.2994779E+00
  0.4500000E-03 -0.1242919E+01
  0.5000000E-03 -0.2537055E+01
  0.5500000E-03 -0.3538900E+01
  0.6000000E-03 -0.4243196E+01
  0.6500000E-03 -0.4670904E+01
  0.7000000E-03 -0.4855749E+01
  0.7500000E-03 -0.4845686E+01
  0.8000000E-03 -0.4674523E+01
  0.8500000E-03 -0.4361139E+01
  0.9000000E-03 -0.3928890E+01
  0.9500000E-03 -0.3409590E+01
  0.1000000E-02 -0.2835856E+01
  0.1050000E-02 -0.2232112E+01
  0.1100000E-02 -0.1616384E+01
  0.1150000E-02 -0.1012406E+01
  0.1200000E-02 -0.4438028E+00
  0.1250000E-02  0.6500184E-01
  0.1300000E-02  0.4834065E+00
  0.1350000E-02  0.8079522E+00
  0.1400000E-02  0.1002418E+01
  0.1450000E-02  0.1110078E+01
  0.1500000E-02  0.1113512E+01
  0.1550000E-02  0.1080437E+01
  0.1600000E-02  0.9538896E+00
  0.1650000E-02  0.8083498E+00
  0.1700000E-02  0.6326464E+00
  0.1750000E-02  0.4799105E+00
  0.1800000E-02  0.2954779E+00
  0.1850000E-02  0.1493653E+00
  0.1900000E-02  0.8221717E-02
  0.1950000E-02 -0.9240936E-01
  0.2000000E-02 -0.2009676E+00
  0.2050000E-02 -0.2546177E+00
  0.2100000E-02 -0.2925482E+00
  0.2150000E-02 -0.2895726E+00
  0.2200000E-02 -0.2937606E+00
  0.2250000E-02 -0.2870197E+00
  0.2300000E-02 -0.2998598E+00
  0.2350000E-02 -0.2665254E+00
  0.2400000E-02 -0.2430298E+00
  0.2450000E-02 -0.2086243E+00
  0.2500000E-02 -0.1828104E+00
  0.2550000E-02 -0.1243124E+00
  0.2600000E-02 -0.9070260E-01
  0.2650000E-02 -0.5825276E-01
  0.2700000E-02 -0.3751064E-01
  0.2750000E-02 -0.1895195E-01
  0.2800000E-02 -0.3359390E-01
  0.2850000E-02 -0.4749852E-01
  0.2900000E-02 -0.6811668E-01
  0.2950000E-02 -0.7701440E-01
  0.3000000E-02 -0.9090246E-01
  0.3050000E-02 -0.7867184E-01
  0.3100000E-02 -0.7216188E-01
  0.3150000E-02 -0.5958091E-01
  0.3200000E-02 -0.5672947E-01
  0.3250000E-02 -0.3394203E-01
  0.3300000E-02 -0.3557763E-01
  0.3350000E-02 -0.2600902E-01
  0.3400000E-02 -0.1169398E-01
  0.3450000E-02  0.6614247E-02
  0.3500000E-02  0.1603929E-01
  0.3550000E-02  0.3629439E-01
  0.3600000E-02  0.4405363E-01
  0.3650000E-02  0.3591433E-01
  0.3700000E-02  0.2120892E-01
  0.3750000E-02  0.1205900E-01
  0.3800000E-02 -0.6555473E-02
  0.3850000E-02 -0.1971862E-01
  0.3900000E-02 -0.1988398E-01
  0.3950000E-02  0.2911938E-02
  0.4000000E-02  0.1814189E-01
  0.4050000E-02  0.2514335E-01
  0.4100000E-02  0.2033732E-01
  0.4150000E-02  0.2022709E-01
  0.4200000E-02  0.1506364E-01
  0.4250000E-02  0.1302016E-01
  0.4300000E-02  0.4437673E-02
  0.4350000E-02 -0.8772125E-02
  0.4400000E-02 -0.1904391E-01
  0.4450000E-02 -0.1675996E-01
  0.4500000E-02 -0.1069911E-01
  0.4550000E-02  0.1357485E-01
  0.4600000E-02  0.3930989E-01
  0.4650000E-02  0.6217826E-01
  0.4700000E-02  0.7686899E-01
  0.4750000E-02  0.8662317E-01
  0.4800000E-02  0.8089185E-01
  0.4850000E-02  0.7413254E-01
  0.4900000E-02  0.6528801E-01
  0.4950000E-02  0.3816690E-01
  0.5000000E-02  0.5659406E-02
  0.5050000E-02 -0.9845365E-02
  0.5100000E-02 -0.1241834E-01
  0.5150000E-02 -0.5826546E-03
  0.5200000E-02  0.1072571E-01
  0.5250000E-02  0.1316300E-01
  0.5300000E-02  0.1737868E-01
  0.5350000E-02  0.2257707E-01
  0.5400000E-02  0.1353437E-01
  0.5450000E-02  0.2332749E-02
  0.5500000E-02 -0.9746445E-02
  0.5550000E-02 -0.8800227E-02
  0.5600000E-02 -0.1340460E-02
  0.5650000E-02  0.5133261E-02
  0.5700000E-02  0.1055456E-01
  0.5750000E-02  0.1449464E-01
  0.5800000E-02  0.5398328E-02
  0.5850000E-02  0.1202726E-02
  0.5900000E-02  0.1514583E-02
  0.5950000E-02  0.3873117E-02
  0.6000000E-02  0.2615948E-02
  0.6050000E-02  0.9898639E-02
  0.6100000E-02  0.1530458E-01
  0.6150000E-02  0.2414838E-01
  0.6200000E-02  0.2794880E-01
  0.6250000E-02  0.3338228E-01
  0.6300000E-02  0.2950975E-01
  0.6350000E-02  0.2279097E-01
  0.6400000E-02  0.2657113E-01
  0.6450000E-02  0.3613494E-01
  0.6500000E-02  0.3311706E-01
  0.6550000E-02  0.2852073E-01
  0.6600000E-02  0.1997914E-01
  0.6650000E-02  0.2911491E-02
  0.6700000E-02 -0.5732123E-02
  0.6750000E-02 -0.1164107E-02
  0.6800000E-02  0.5565476E-02
  0.6850000E-02  0.1777928E-01
  0.6900000E-02  0.1604394E-01
  0.6950000E-02  0.6014323E-02
  0.7000000E-02 -0.7378317E-02
  0.7050000E-02 -0.1701176E-01
  0.7100000E-02 -0.1329487E-01
  0.7150000E-02 -0.1024461E-01
  0.7200000E-02 -0.1168132E-01
  0.7250000E-02 -0.1098402E-01
  0.7300000E-02 -0.4112944E-02
  0.7350000E-02  0.4526534E-02
  0.7400000E-02  0.4099095E-02
  0.7450000E-02  0.1286803E-03
  0.7500000E-02 -0.7089160E-02
  0.7550000E-02 -0.4601447E-02
  0.7600000E-02  0.3199643E-02
  0.7650000E-02  0.8361760E-02
  0.7700000E-02  0.4007427E-02
  0.7750000E-02 -0.7152361E-02
  0.7800000E-02 -0.1481124E-01
  0.7850000E-02 -0.1986274E-01
  0.7900000E-02 -0.1673449E-01
  0.7950000E-02  0.5541539E-02
  0.8000000E-02  0.2834632E-01
  0.8050000E-02  0.4351775E-01
  0.8100000E-02  0.4412295E-01
  0.8150000E-02  0.4395019E-01
  0.8200000E-02  0.3954322E-01
  0.8250000E-02  0.2739625E-01
  0.8300000E-02  0.1653185E-01
  0.8350000E-02  0.8028769E-02
  0.8400000E-02  0.2397029E-02
  0.8450000E-02  0.5811896E-02
  0.8500000E-02  0.1125230E-01
  0.8550000E-02  0.1416517E-01
  0.8600000E-02  0.1029081E-01
  0.8650000E-02  0.7805196E-02
  0.8700000E-02  0.5702030E-02
  0.8750000E-02  0.4356624E-02
  0.8800000E-02  0.6825789E-02
  0.8850000E-02  0.4095571E-02
  0.8900000E-02  0.3110150E-04
  0.8950000E-02  0.3418638E-02
  0.9000000E-02  0.6500621E-02
  0.9050000E-02  0.9897518E-02
  0.9100000E-02  0.1365102E-01
  0.9150000E-02  0.1166435E-01
  0.9200000E-02  0.4165709E-02
  0.9250000E-02  0.9790434E-03
  0.9300000E-02  0.3201261E-02
  0.9350000E-02  0.7909964E-02
  0.9400000E-02  0.1217625E-01
  0.9450000E-02  0.1314485E-01
  0.9500000E-02  0.7619091E-02
  0.9550000E-02 -0.3726087E-02
  0.9600000E-02 -0.1734128E-01
  0.9650000E-02 -0.2492082E-01
  0.9700000E-02 -0.2254739E-01
  0.9750000E-02 -0.1526317E-01
  0.9800000E-02 -0.7466952E-02
  0.9850000E-02 -0.1927600E-03
  0.9900000E-02  0.2285898E-02
  0.9950000E-02  0.5831883E-02
  0.1000000E-01  0.1482364E-01
  0.1005000E-01  0.2577157E-01
  0.1010000E-01  0.3413671E-01
  0.1015000E-01  0.3734186E-01
  0.1020000E-01  0.2902138E-01
  0.1025000E-01  0.1478159E-01
  0.1030000E-01 -0.6275360E-03
  0.1035000E-01 -0.1248140E-01
  0.1040000E-01 -0.1257469E-01
  0.1045000E-01 -0.2556476E-02
  0.1050000E-01  0.1012443E-02
  0.1055000E-01  0.3085751E-02
  0.1060000E-01  0.3103885E-02
  0.1065000E-01  0.3655704E-02
  0.1070000E-01 -0.1199384E-02
  0.1075000E-01 -0.4778412E-02
  0.1080000E-01 -0.7049721E-02
  0.1085000E-01 -0.1069201E-01
  0.1090000E-01 -0.1217144E-01
  0.1095000E-01 -0.1226315E-01
  0.1100000E-01 -0.1565091E-01
  0.1105000E-01 -0.1754362E-01
  0.1110000E-01 -0.1524126E-01
  0.1115000E-01 -0.1234168E-01
  0.1120000E-01 -0.1061478E-01
  0.1125000E-01 -0.1212192E-01
  0.1130000E-01 -0.1140964E-01
  0.1135000E-01 -0.3016433E-03
  0.1140000E-01  0.1075315E-01
  0.1145000E-01  0.1775177E-01
  0.1150000E-01  0.1863306E-01
  0.1155000E-01  0.1028623E-01
  0.1160000E-01  0.9839713E-02
  0.1165000E-01  0.1559931E-01
  0.1170000E-01  0.2069291E-01
  0.1175000E-01  0.2143151E-01
  0.1180000E-01  0.1744904E-01
  0.1185000E-01  0.1528209E-01
  0.1190000E-01  0.1325263E-01
  0.1195000E-01  0.1548234E-01
  0.1200000E-01  0.1471354E-01
  0.1205000E-01  0.1092453E-01
  0.1210000E-01  0.8523872E-02
  0.1215000E-01  0.9738927E-02
  0.1220000E-01  0.7060112E-02
  0.1225000E-01  0.1858539E-02
  0.1230000E-01 -0.1208877E-02
  0.1235000E-01 -0.1997829E-04
  0.1240000E-01 -0.1859809E-02
  0.1245000E-01 -0.4788837E-02
  0.1250000E-01 -0.8481199E-02
  0.1255000E-01 -0.1217004E-01
  0.1260000E-01 -0.1254091E-01
  0.1265000E-01 -0.1466444E-01
  0.1270000E-01 -0.1549562E-01
  0.1275000E-01 -0.1631539E-01
  0.1280000E-01 -0.1623015E-01
  0.1285000E-01 -0.1129010E-01
  0.1290000E-01 -0.3367022E-02
  0.1295000E-01  0.3655998E-02
  0.1300000E-01  0.6520421E-02
  0.1305000E-01  0.6944649E-02
  0.1310000E-01  0.5038842E-02
  0.1315000E-01  0.5338859E-02
  0.1320000E-01  0.6265587E-02
  0.1325000E-01  0.8112486E-02
  0.1330000E-01  0.9932762E-02
  0.1335000E-01  0.1375408E-01
  0.1340000E-01  0.1550280E-01
  0.1345000E-01  0.1500009E-01
  0.1350000E-01  0.1226433E-01
  0.1355000E-01  0.9512360E-02
  0.1360000E-01  0.8313523E-02
  0.1365000E-01  0.7884384E-02
  0.1370000E-01  0.8910901E-02
  0.1375000E-01  0.1143633E-01
  0.1380000E-01  0.1111352E-01
  0.1385000E-01  0.1171105E-01
  0.1390000E-01  0.1225666E-01
  0.1395000E-01  0.1203661E-01
  0.1400000E-01  0.1289586E-01
  0.1405000E-01  0.1252517E-01
  0.1410000E-01  0.1188869E-01
  0.1415000E-01  0.9734575E-02
  0.1420000E-01  0.7963098E-02
  0.1425000E-01  0.9429291E-02
  0.1430000E-01  0.8446241E-02
  0.1435000E-01  0.4784541E-02
  0.1440000E-01  0.2113532E-02
  0.1445000E-01  0.5200202E-02
  0.1450000E-01  0.9687368E-02
  0.1455000E-01  0.1252448E-01
  0.1460000E-01  0.1419406E-01
  0.1465000E-01  0.1330586E-01
  0.1470000E-01  0.1116185E-01
  0.1475000E-01  0.8700795E-02
  0.1480000E-01  0.8773842E-02
  0.1485000E-01  0.7860512E-02
  0.1490000E-01  0.4146836E-02
  0.1495000E-01 -0.3866530E-02
  0.1500000E-01 -0.9525168E-02
  0.1505000E-01 -0.9592137E-02
  0.1510000E-01 -0.8514221E-02
  0.1515000E-01 -0.9659013E-02
  0.1520000E-01 -0.7699410E-02
  0.1525000E-01 -0.5808161E-02
  0.1530000E-01 -0.6519836E-02
  0.1535000E-01 -0.1075017E-01
  0.1540000E-01 -0.1348640E-01
  0.1545000E-01 -0.1177658E-01
  0.1550000E-01 -0.1069236E-01
  0.1555000E-01 -0.1008735E-01
  0.1560000E-01 -0.7125874E-02
  0.1565000E-01 -0.1311375E-02
  0.1570000E-01  0.4918089E-02
  0.1575000E-01  0.9392356E-02
  0.1580000E-01  0.1189668E-01
  0.1585000E-01  0.7883555E-02
  0.1590000E-01  0.6027433E-04
  0.1595000E-01 -0.5604410E-02
  0.1600000E-01 -0.7265285E-02
  0.1605000E-01 -0.5386501E-02
  0.1610000E-01 -0.3404698E-02
  0.1615000E-01 -0.4538945E-02
  0.1620000E-01 -0.8218931E-02
  0.1625000E-01 -0.1217651E-01
  0.1630000E-01 -0.1592251E-01
  0.1635000E-01 -0.1216951E-01
  0.1640000E-01 -0.5242136E-02
  0.1645000E-01 -0.3593019E-02
  0.1650000E-01 -0.4774742E-02
  0.1655000E-01 -0.3323300E-02
  0.1660000E-01 -0.2087309E-02
  0.1665000E-01 -0.9324467E-04
  0.1670000E-01 -0.1363592E-03
  0.1675000E-01  0.3040679E-03
  0.1680000E-01  0.1928804E-02
  0.1685000E-01  0.2948926E-02
  0.1690000E-01  0.6327137E-02
  0.1695000E-01  0.9377049E-02
  0.1700000E-01  0.1086882E-01
  0.1705000E-01  0.8466793E-02
  0.1710000E-01  0.1097903E-02
  0.1715000E-01  0.5884992E-03
  0.1720000E-01  0.6185141E-02
  0.1725000E-01  0.1022690E-01
  0.1730000E-01  0.1488625E-01
  0.1735000E-01  0.1628969E-01
  0.1740000E-01  0.1429860E-01
  0.1745000E-01  0.1432249E-01
  0.1750000E-01  0.1332575E-01
  0.1755000E-01  0.1155571E-01
  0.1760000E-01  0.7901169E-02
  0.1765000E-01  0.2660483E-02
  0.1770000E-01 -0.3872989E-02
  0.1775000E-01 -0.7624918E-02
  0.1780000E-01 -0.6534116E-02
  0.1785000E-01 -0.5730139E-02
  0.1790000E-01 -0.7610403E-02
  0.1795000E-01 -0.2778715E-02
  0.1800000E-01  0.1724498E-02
  0.1805000E-01  0.3409265E-02
  0.1810000E-01  0.2082043E-02
  0.1815000E-01  0.1195478E-02
  0.1820000E-01  0.5295312E-03
  0.1825000E-01 -0.1297485E-03
  0.1830000E-01 -0.3036554E-02
  0.1835000E-01 -0.5431861E-02
  0.1840000E-01 -0.5404667E-02
  0.1845000E-01 -0.5008914E-02
  0.1850000E-01 -0.2378683E-02
  0.1855000E-01 -0.6542601E-03
  0.1860000E-01 -0.2039827E-02
  0.1865000E-01 -0.1435111E-02
  0.1870000E-01  0.3209385E-03
  0.1875000E-01  0.1967794E-02
  0.1880000E-01  0.3307595E-02
  0.1885000E-01  0.3700949E-02
  0.1890000E-01  0.3440184E-02
  0.1895000E-01  0.4482681E-02
  0.1900000E-01  0.7682318E-02
  0.1905000E-01  0.1168639E-01
  0.1910000E-01  0.1312026E-01
  0.1915000E-01  0.1095234E-01
  0.1920000E-01  0.5981875E-02
  0.1925000E-01  0.5258647E-02
  0.1930000E-01  0.5121020E-02
  0.1935000E-01  0.3445322E-02
  0.1940000E-01  0.1485824E-02
  0.1945000E-01 -0.7933349E-03
  0.1950000E-01 -0.3147064E-02
  0.1955000E-01 -0.5719275E-02
  0.1960000E-01 -0.6476564E-02
  0.1965000E-01 -0.9691533E-02
  0.1970000E-01 -0.1234147E-01
  0.1975000E-01 -0.8253141E-02
  0.1980000E-01 -0.2535657E-02
  0.1985000E-01  0.3668365E-03
  0.1990000E-01  0.1000999E-02
  0.1995000E-01  0.1721017E-02
  0.2000000E-01  0.2286273E-02
  0.2005000E-01  0.2349613E-02
  0.2010000E-01  0.1016936E-02
  0.2015000E-01 -0.2956017E-02
  0.2020000E-01 -0.2905855E-02
  0.2025000E-01 -0.1385771E-02
  0.2030000E-01 -0.3388160E-03
  0.2035000E-01  0.1431898E-02
  0.2040000E-01  0.1488464E-02
  0.2045000E-01 -0.8654421E-03
  0.2050000E-01 -0.3337000E-02
  0.2055000E-01 -0.2396356E-02
  0.2060000E-01 -0.1370531E-02
  0.2065000E-01  0.1759666E-03
  0.2070000E-01  0.4210492E-02
  0.2075000E-01  0.6492833E-02
  0.2080000E-01  0.8677318E-02
  0.2085000E-01  0.9966972E-02
  0.2090000E-01  0.5621147E-02
  0.2095000E-01  0.7219743E-03
  0.2100000E-01  0.9489639E-04
  0.2105000E-01  0.5502526E-03
  0.2110000E-01 -0.8190794E-03
  0.2115000E-01 -0.4270899E-02
  0.2120000E-01 -0.5462169E-02
  0.2125000E-01 -0.7097096E-02
  0.2130000E-01 -0.7843404E-02
  0.2135000E-01 -0.8362880E-02
  0.2140000E-01 -0.7036713E-02
  0.2145000E-01 -0.5915581E-02
  0.2150000E-01 -0.4924438E-02
  0.2155000E-01 -0.4388942E-02
  0.2160000E-01 -0.5041053E-02
  0.2165000E-01 -0.5759536E-02
  0.2170000E-01 -0.3541838E-02
  0.2175000E-01  0.5450826E-03
  0.2180000E-01  0.3648364E-02
  0.2185000E-01  0.6454317E-02
  0.2190000E-01  0.8356822E-02
  0.2195000E-01  0.1009259E-01
  0.2200000E-01  0.1018999E-01
  0.2205000E-01  0.9298891E-02
  0.2210000E-01  0.7869978E-02
  0.2215000E-01  0.5087571E-02
  0.2220000E-01  0.6653426E-03
  0.2225000E-01  0.5328518E-03
  0.2230000E-01  0.2261634E-02
  0.2235000E-01  0.4189215E-02
  0.2240000E-01  0.6243556E-02
  0.2245000E-01  0.5171257E-02
  0.2250000E-01  0.3194777E-02
  0.2255000E-01  0.3295964E-02
  0.2260000E-01  0.1733200E-02
  0.2265000E-01  0.1280164E-03
  0.2270000E-01  0.2638611E-03
  0.2275000E-01  0.7099864E-03
  0.2280000E-01  0.1973007E-02
  0.2285000E-01  0.4441985E-02
  0.2290000E-01  0.5929760E-02
  0.2295000E-01  0.2644716E-02
  0.2300000E-01  0.1816909E-03
  0.2305000E-01  0.1222002E-04
  0.2310000E-01 -0.2326779E-03
  0.2315000E-01  0.1658032E-02
  0.2320000E-01  0.4453105E-02
  0.2325000E-01  0.2946502E-02
  0.2330000E-01  0.1276699E-02
  0.2335000E-01 -0.3728135E-03
  0.2340000E-01 -0.2560195E-02
  0.2345000E-01 -0.3709011E-02
  0.2350000E-01 -0.6744998E-04
  0.2355000E-01  0.1610901E-02
  0.2360000E-01  0.2894523E-02
  0.2365000E-01  0.5402210E-02
  0.2370000E-01  0.6387970E-02
  0.2375000E-01  0.4601231E-02
  0.2380000E-01  0.4045520E-02
  0.2385000E-01  0.3626031E-02
  0.2390000E-01  0.2141466E-02
  0.2395000E-01  0.1442587E-02
  0.2400000E-01  0.2120859E-03
  0.2405000E-01  0.1603372E-03
  0.2410000E-01  0.2105988E-02
  0.2415000E-01  0.3482055E-02
  0.2420000E-01  0.3403157E-02
  0.2425000E-01  0.4190977E-02
  0.2430000E-01  0.2474064E-02
  0.2435000E-01 -0.2127453E-02
  0.2440000E-01 -0.5629162E-02
  0.2445000E-01 -0.8236371E-02
  0.2450000E-01 -0.7663800E-02
  0.2455000E-01 -0.5858854E-02
  0.2460000E-01 -0.3714368E-02
  0.2465000E-01 -0.3289882E-02
  0.2470000E-01 -0.2871881E-02
  0.2475000E-01 -0.1906183E-02
  0.2480000E-01 -0.1336304E-02
  0.2485000E-01 -0.1531603E-02
  0.2490000E-01  0.8448282E-04
  0.2495000E-01  0.1912917E-02
  0.2500000E-01  0.4564221E-02
  0.2505000E-01  0.5397421E-02
  0.2510000E-01  0.9161014E-02
  0.2515000E-01  0.9661800E-02
  0.2520000E-01  0.7593861E-02
  0.2525000E-01  0.7352872E-02
  0.2530000E-01  0.8250947E-02
  0.2535000E-01  0.6759156E-02
  0.2540000E-01  0.4685880E-02
  0.2545000E-01  0.2133563E-02
  0.2550000E-01 -0.8603917E-03
  0.2555000E-01 -0.1019542E-02
  0.2560000E-01  0.5827487E-03
  0.2565000E-01  0.3058561E-02
  0.2570000E-01  0.4214560E-02
  0.2575000E-01  0.5866144E-02
  0.2580000E-01  0.6240319E-02
  0.2585000E-01  0.5598364E-02
  0.2590000E-01  0.5826160E-02
  0.2595000E-01  0.6146019E-02
  0.2600000E-01  0.6293456E-02
  0.2605000E-01  0.6968434E-02
  0.2610000E-01  0.4433081E-02
  0.2615000E-01  0.2395273E-02
  0.2620000E-01  0.2227404E-03
  0.2625000E-01 -0.1780391E-02
  0.2630000E-01 -0.4452962E-02
  0.2635000E-01 -0.6011942E-02
  0.2640000E-01 -0.5927085E-02
  0.2645000E-01 -0.4643946E-02
  0.2650000E-01 -0.4222724E-02
  0.2655000E-01 -0.5286816E-02
  0.2660000E-01 -0.5919420E-02
  0.2665000E-01 -0.4265472E-02
  0.2670000E-01 -0.3628970E-02
  0.2675000E-01 -0.4286338E-02
  0.2680000E-01 -0.4502990E-02
  0.2685000E-01 -0.4753991E-02
  0.2690000E-01 -0.4011664E-02
  0.2695000E-01 -0.2710685E-02
  0.2700000E-01 -0.1332129E-02
  0.2705000E-01  0.4240625E-03
  0.2710000E-01  0.5609405E-03
  0.2715000E-01  0.1210669E-02
  0.2720000E-01  0.1893552E-02
  0.2725000E-01  0.4723954E-02
  0.2730000E-01  0.7416869E-02
  0.2735000E-01  0.7281412E-02
  0.2740000E-01  0.4232810E-02
  0.2745000E-01  0.1435980E-02
  0.2750000E-01  0.1454269E-03
  0.2755000E-01  0.1292615E-02
  0.2760000E-01  0.2399483E-02
  0.2765000E-01  0.9494129E-03
  0.2770000E-01 -0.8043098E-03
  0.2775000E-01 -0.2042882E-02
  0.2780000E-01 -0.2633182E-03
  0.2785000E-01  0.1056441E-02
  0.2790000E-01 -0.5987387E-03
  0.2795000E-01 -0.2050857E-02
  0.2800000E-01 -0.2589674E-02
  0.2805000E-01 -0.2953537E-02
  0.2810000E-01 -0.4142478E-02
  0.2815000E-01 -0.6583962E-02
  0.2820000E-01 -0.8138568E-02
  0.2825000E-01 -0.7025688E-02
  0.2830000E-01 -0.5791505E-02
  0.2835000E-01 -0.4001430E-02
  0.2840000E-01 -0.1148286E-02
  0.2845000E-01  0.1122330E-02
  0.2850000E-01  0.2116911E-02
  0.2855000E-01  0.4375751E-02
  0.2860000E-01  0.6777599E-02
  0.2865000E-01  0.8110972E-02
  0.2870000E-01  0.9543887E-02
  0.2875000E-01  0.1102718E-01
  0.2880000E-01  0.1168025E-01
  0.2885000E-01  0.1054625E-01
  0.2890000E-01  0.8561193E-02
  0.2895000E-01  0.5483325E-02
  0.2900000E-01  0.2384288E-02
  0.2905000E-01 -0.5322608E-03
  0.2910000E-01 -0.3966186E-02
  0.2915000E-01 -0.6844790E-02
  0.2920000E-01 -0.7528525E-02
  0.2925000E-01 -0.5193114E-02
  0.2930000E-01 -0.2269221E-02
  0.2935000E-01 -0.1519413E-02
  0.2940000E-01 -0.1566508E-02
  0.2945000E-01  0.3204640E-03
  0.2950000E-01  0.8186490E-03
  0.2955000E-01  0.9126912E-03
  0.2960000E-01  0.2861408E-02
  0.2965000E-01  0.5789981E-02
  0.2970000E-01  0.9513302E-02
  0.2975000E-01  0.1245363E-01
  0.2980000E-01  0.1322938E-01
  0.2985000E-01  0.1058017E-01
  0.2990000E-01  0.6051277E-02
  0.2995000E-01  0.3072233E-02
  0.3000000E-01  0.3205848E-02
  0.3005000E-01  0.3402501E-02
  0.3010000E-01  0.2191583E-02
  0.3015000E-01  0.1275345E-03
  0.3020000E-01 -0.2112618E-02
  0.3025000E-01 -0.3122934E-02
  0.3030000E-01 -0.3877533E-02
  0.3035000E-01 -0.4104793E-02
  0.3040000E-01 -0.3678157E-02
  0.3045000E-01 -0.3626138E-02
  0.3050000E-01 -0.4444289E-02
  0.3055000E-01 -0.5719751E-02
  0.3060000E-01 -0.6401562E-02
  0.3065000E-01 -0.5846984E-02
  0.3070000E-01 -0.4033296E-02
  0.3075000E-01 -0.1484481E-02
  0.3080000E-01 -0.3574597E-03
  0.3085000E-01 -0.5127327E-03
  0.3090000E-01  0.7068860E-03
  0.3095000E-01  0.2796404E-02
  0.3100000E-01  0.3775146E-02
  0.3105000E-01  0.3579433E-02
  0.3110000E-01  0.1286135E-02
  0.3115000E-01 -0.2732303E-02
  0.3120000E-01 -0.5372003E-02
  0.3125000E-01 -0.5106152E-02
  0.3130000E-01 -0.4844493E-02
  0.3135000E-01 -0.4560425E-02
  0.3140000E-01 -0.3566034E-02
  0.3145000E-01 -0.2688516E-02
  0.3150000E-01 -0.3250141E-02
  0.3155000E-01 -0.8311883E-03
  0.3160000E-01  0.2312254E-02
  0.3165000E-01  0.3700892E-02
  0.3170000E-01  0.4243646E-02
  0.3175000E-01  0.5681198E-02
  0.3180000E-01  0.6817458E-02
  0.3185000E-01  0.6945963E-02
  0.3190000E-01  0.5839173E-02
  0.3195000E-01  0.4425244E-02
  0.3200000E-01  0.3213231E-02
  0.3205000E-01  0.1663631E-02
  0.3210000E-01  0.2260450E-03
  0.3215000E-01 -0.1039064E-02
  0.3220000E-01 -0.2065528E-02
  0.3225000E-01 -0.1760302E-02
  0.3230000E-01 -0.1907925E-02
  0.3235000E-01 -0.1822199E-02
  0.3240000E-01 -0.2290796E-02
  0.3245000E-01 -0.2653632E-02
  0.3250000E-01 -0.1376163E-02
  0.3255000E-01  0.2586794E-03
  0.3260000E-01  0.1927289E-02
  0.3265000E-01  0.1988842E-02
  0.3270000E-01  0.7047247E-03
  0.3275000E-01 -0.5243171E-04
  0.3280000E-01  0.1412504E-02
  0.3285000E-01  0.3542152E-02
  0.3290000E-01  0.5241209E-02
  0.3295000E-01  0.7412063E-02
  0.3300000E-01  0.7972319E-02
  0.3305000E-01  0.7487279E-02
  0.3310000E-01  0.5864255E-02
  0.3315000E-01  0.4928576E-02
  0.3320000E-01  0.3780659E-02
  0.3325000E-01  0.1776764E-02
  0.3330000E-01 -0.5470233E-03
  0.3335000E-01 -0.2755749E-02
  0.3340000E-01 -0.2408712E-02
  0.3345000E-01 -0.3060304E-02
  0.3350000E-01 -0.3683040E-02
  0.3355000E-01 -0.4428406E-02
  0.3360000E-01 -0.6237994E-02
  0.3365000E-01 -0.8593291E-02
  0.3370000E-01 -0.1033812E-01
  0.3375000E-01 -0.1048772E-01
  0.3380000E-01 -0.8914464E-02
  0.3385000E-01 -0.7355555E-02
  0.3390000E-01 -0.4955513E-02
  0.3395000E-01  0.3520259E-03
  0.3400000E-01  0.3773507E-02
  0.3405000E-01  0.5956020E-02
  0.3410000E-01  0.6053442E-02
  0.3415000E-01  0.5091736E-02
  0.3420000E-01  0.3359850E-02
  0.3425000E-01  0.3759965E-03
  0.3430000E-01 -0.7429826E-03
  0.3435000E-01 -0.1277972E-03
  0.3440000E-01 -0.3590993E-03
  0.3445000E-01  0.6224113E-03
  0.3450000E-01  0.1935552E-02
  0.3455000E-01  0.2078478E-02
  0.3460000E-01  0.9611809E-03
  0.3465000E-01 -0.4822991E-03
  0.3470000E-01 -0.1717571E-02
  0.3475000E-01 -0.2291867E-02
  0.3480000E-01 -0.5836100E-03
  0.3485000E-01  0.1822617E-02
  0.3490000E-01  0.2719760E-02
  0.3495000E-01  0.1070082E-02
  0.3500000E-01 -0.4053848E-03
  0.3505000E-01 -0.6787370E-03
  0.3510000E-01  0.6201998E-03
  0.3515000E-01  0.1997959E-02
  0.3520000E-01  0.4026145E-02
  0.3525000E-01  0.5146452E-02
  0.3530000E-01  0.4156887E-02
  0.3535000E-01  0.3022911E-02
  0.3540000E-01  0.1575941E-02
  0.3545000E-01  0.9136249E-03
  0.3550000E-01  0.2812592E-02
  0.3555000E-01  0.4710296E-02
  0.3560000E-01  0.5630777E-02
  0.3565000E-01  0.4722242E-02
  0.3570000E-01  0.2737685E-02
  0.3575000E-01  0.2563901E-02
  0.3580000E-01  0.2116355E-02
  0.3585000E-01  0.3886801E-03
  0.3590000E-01 -0.1472123E-02
  0.3595000E-01 -0.4478274E-02
  0.3600000E-01 -0.6131176E-02
  0.3605000E-01 -0.7189121E-02
  0.3610000E-01 -0.8629273E-02
  0.3615000E-01 -0.8312447E-02
  0.3620000E-01 -0.6820290E-02
  0.3625000E-01 -0.6341877E-02
  0.3630000E-01 -0.6788264E-02
  0.3635000E-01 -0.3835407E-02
  0.3640000E-01 -0.1094382E-02
  0.3645000E-01  0.6785761E-03
  0.3650000E-01  0.2151875E-02
  0.3655000E-01  0.2914828E-02
  0.3660000E-01  0.4253415E-02
  0.3665000E-01  0.4083124E-02
  0.3670000E-01  0.3455025E-02
  0.3675000E-01  0.4379287E-02
  0.3680000E-01  0.6699290E-02
  0.3685000E-01  0.7941539E-02
  0.3690000E-01  0.7951352E-02
  0.3695000E-01  0.7241135E-02
  0.3700000E-01  0.6200988E-02
  0.3705000E-01  0.4593286E-02
  0.3710000E-01  0.2300253E-02
  0.3715000E-01 -0.7882520E-04
  0.3720000E-01 -0.2101989E-02
  0.3725000E-01 -0.3447321E-02
  0.3730000E-01 -0.4820857E-02
  0.3735000E-01 -0.4748842E-02
  0.3740000E-01 -0.3840889E-02
  0.3745000E-01 -0.3209843E-02
  0.3750000E-01 -0.3423861E-02
  0.3755000E-01 -0.3399269E-02
  0.3760000E-01 -0.1866827E-02
  0.3765000E-01 -0.6014855E-03
  0.3770000E-01 -0.4827709E-03
  0.3775000E-01 -0.7789133E-03
  0.3780000E-01 -0.1232716E-02
  0.3785000E-01 -0.1226544E-02
  0.3790000E-01  0.1117832E-03
  0.3795000E-01  0.1792952E-02
  0.3800000E-01  0.3294815E-02
  0.3805000E-01  0.4453386E-02
  0.3810000E-01  0.4466055E-02
  0.3815000E-01  0.4099460E-02
  0.3820000E-01  0.2636977E-02
  0.3825000E-01  0.1007421E-02
  0.3830000E-01 -0.1130496E-03
  0.3835000E-01 -0.1813715E-03
  0.3840000E-01 -0.5131304E-03
  0.3845000E-01 -0.7263837E-03
  0.3850000E-01 -0.7302538E-03
  0.3855000E-01 -0.1022218E-02
  0.3860000E-01 -0.2032097E-02
  0.3865000E-01 -0.2782428E-02
  0.3870000E-01 -0.2679484E-02
  0.3875000E-01 -0.1919103E-02
  0.3880000E-01 -0.6991917E-03
  0.3885000E-01  0.2820104E-03
  0.3890000E-01  0.3426388E-03
  0.3895000E-01  0.8670825E-03
  0.3900000E-01  0.2272909E-02
  0.3905000E-01  0.3527745E-02
  0.3910000E-01  0.4340763E-02
  0.3915000E-01  0.5534100E-02
  0.3920000E-01  0.6700641E-02
  0.3925000E-01  0.7038483E-02
  0.3930000E-01  0.6754009E-02
  0.3935000E-01  0.6244472E-02
  0.3940000E-01  0.6238360E-02
  0.3945000E-01  0.7159071E-02
  0.3950000E-01  0.7957302E-02
  0.3955000E-01  0.7574012E-02
  0.3960000E-01  0.7521050E-02
  0.3965000E-01  0.7177470E-02
  0.3970000E-01  0.5840078E-02
  0.3975000E-01  0.5025849E-02
  0.3980000E-01  0.4130550E-02
  0.3985000E-01  0.2623510E-02
  0.3990000E-01  0.1674031E-02
  0.3995000E-01  0.8289627E-03
  0.4000000E-01 -0.4249136E-03
  0.4005000E-01 -0.1197226E-03
  0.4010000E-01  0.6147739E-03
  0.4015000E-01 -0.2860937E-03
  0.4020000E-01 -0.2253583E-02
  0.4025000E-01 -0.1932763E-02
  0.4030000E-01  0.8145554E-03
  0.4035000E-01  0.2052982E-02
  0.4040000E-01  0.6388328E-03
  0.4045000E-01 -0.1061210E-02
  0.4050000E-01 -0.1032060E-02
  0.4055000E-01 -0.3740442E-03
  0.4060000E-01 -0.1501867E-04
  0.4065000E-01 -0.1004554E-02
  0.4070000E-01 -0.1737258E-02
  0.4075000E-01 -0.3895255E-02
  0.4080000E-01 -0.5712838E-02
  0.4085000E-01 -0.6112054E-02
  0.4090000E-01 -0.6130388E-02
  0.4095000E-01 -0.6362724E-02
  0.4100000E-01 -0.5025886E-02
  0.4105000E-01 -0.3280075E-02
  0.4110000E-01 -0.2742293E-02
  0.4115000E-01 -0.2342066E-02
  0.4120000E-01 -0.2195200E-02
  0.4125000E-01 -0.3040619E-02
  0.4130000E-01 -0.2918578E-02
  0.4135000E-01 -0.1210749E-02
  0.4140000E-01  0.6698502E-03
  0.4145000E-01  0.2284278E-02
  0.4150000E-01  0.2496887E-02
  0.4155000E-01  0.1799716E-02
  0.4160000E-01  0.1751529E-02
  0.4165000E-01  0.2914936E-02
  0.4170000E-01  0.4729354E-02
  0.4175000E-01  0.6201875E-02
  0.4180000E-01  0.6106141E-02
  0.4185000E-01  0.5145522E-02
  0.4190000E-01  0.3012495E-02
  0.4195000E-01  0.1033425E-02
  0.4200000E-01 -0.4878897E-03
  0.4205000E-01 -0.1202420E-02
  0.4210000E-01 -0.8168937E-03
  0.4215000E-01 -0.2899840E-03
  0.4220000E-01  0.6840153E-03
  0.4225000E-01  0.2169392E-02
  0.4230000E-01  0.2731588E-02
  0.4235000E-01  0.2802854E-02
  0.4240000E-01  0.2513140E-02
  0.4245000E-01  0.2615660E-02
  0.4250000E-01  0.2764699E-02
  0.4255000E-01  0.3383713E-02
  0.4260000E-01  0.3853644E-02
  0.4265000E-01  0.3778719E-02
  0.4270000E-01  0.4353405E-02
  0.4275000E-01  0.5227701E-02
  0.4280000E-01  0.5167627E-02
  0.4285000E-01  0.5206998E-02
  0.4290000E-01  0.5464848E-02
  0.4295000E-01  0.5689173E-02
  0.4300000E-01  0.4501332E-02
  0.4305000E-01  0.4024168E-02
  0.4310000E-01  0.4397537E-02
  0.4315000E-01  0.3534540E-02
  0.4320000E-01  0.1680879E-02
  0.4325000E-01 -0.2612113E-03
  0.4330000E-01 -0.1715676E-02
  0.4335000E-01 -0.2080833E-02
  0.4340000E-01 -0.2446123E-02
  0.4345000E-01 -0.4128670E-02
  0.4350000E-01 -0.7171374E-02
  0.4355000E-01 -0.9224173E-02
  0.4360000E-01 -0.9587573E-02
  0.4365000E-01 -0.1031120E-01
  0.4370000E-01 -0.1152227E-01
  0.4375000E-01 -0.1092357E-01
  0.4380000E-01 -0.8270623E-02
  0.4385000E-01 -0.5757234E-02
  0.4390000E-01 -0.4127490E-02
  0.4395000E-01 -0.2884378E-02
  0.4400000E-01 -0.1547189E-02
  0.4405000E-01 -0.9115786E-03
  0.4410000E-01 -0.5320614E-03
  0.4415000E-01  0.1081023E-03
  0.4420000E-01  0.7312849E-03
  0.4425000E-01  0.3150765E-04
  0.4430000E-01 -0.1945843E-02
  0.4435000E-01 -0.3834691E-02
  0.4440000E-01 -0.4734419E-02
  0.4445000E-01 -0.4695109E-02
  0.4450000E-01 -0.5204900E-02
  0.4455000E-01 -0.4822002E-02
  0.4460000E-01 -0.4498215E-02
  0.4465000E-01 -0.4291933E-02
  0.4470000E-01 -0.2840241E-02
  0.4475000E-01 -0.1154788E-02
  0.4480000E-01  0.5844717E-03
  0.4485000E-01  0.2060396E-02
  0.4490000E-01  0.2596126E-02
  0.4495000E-01  0.2137434E-02
  0.4500000E-01  0.1268961E-02
  0.4505000E-01  0.9138084E-03
  0.4510000E-01 -0.1646354E-03
  0.4515000E-01 -0.2475893E-02
  0.4520000E-01 -0.4309521E-02
  0.4525000E-01 -0.4757396E-02
  0.4530000E-01 -0.4169425E-02
  0.4535000E-01 -0.2559461E-02
  0.4540000E-01 -0.1763283E-02
  0.4545000E-01 -0.7682404E-03
  0.4550000E-01  0.1150770E-02
  0.4555000E-01  0.3106924E-02
  0.4560000E-01  0.4782437E-02
  0.4565000E-01  0.5618264E-02
  0.4570000E-01  0.6383201E-02
  0.4575000E-01  0.6360440E-02
  0.4580000E-01  0.5623411E-02
  0.4585000E-01  0.5201166E-02
  0.4590000E-01  0.5148977E-02
  0.4595000E-01  0.4518224E-02
  0.4600000E-01  0.3796903E-02
  0.4605000E-01  0.3285161E-02
  0.4610000E-01  0.3249829E-02
  0.4615000E-01  0.2172578E-02
  0.4620000E-01  0.1582453E-02
  0.4625000E-01  0.1112915E-02
  0.4630000E-01 -0.4910685E-03
  0.4635000E-01 -0.2016741E-02
  0.4640000E-01 -0.3101889E-02
  0.4645000E-01 -0.1967064E-02
  0.4650000E-01 -0.8410916E-04
  0.4655000E-01  0.1106968E-02
  0.4660000E-01  0.2050353E-02
  0.4665000E-01  0.2242782E-02
  0.4670000E-01  0.1797854E-02
  0.4675000E-01  0.8854131E-03
  0.4680000E-01  0.4698209E-03
  0.4685000E-01  0.2694456E-03
  0.4690000E-01 -0.7422938E-04
  0.4695000E-01  0.6100416E-03
  0.4700000E-01  0.2010802E-02
  0.4705000E-01  0.2349270E-02
  0.4710000E-01  0.1549235E-02
  0.4715000E-01  0.1492174E-02
  0.4720000E-01  0.8631171E-03
  0.4725000E-01  0.4061811E-03
  0.4730000E-01  0.8848990E-03
  0.4735000E-01  0.1893108E-02
  0.4740000E-01  0.2266406E-02
  0.4745000E-01  0.2444954E-02
  0.4750000E-01  0.1935893E-02
  0.4755000E-01  0.1162041E-02
  0.4760000E-01  0.4298726E-03
  0.4765000E-01  0.3895260E-04
  0.4770000E-01 -0.9300612E-03
  0.4775000E-01 -0.2068061E-02
  0.4780000E-01 -0.2865268E-02
  0.4785000E-01 -0.3323796E-02
  0.4790000E-01 -0.2818316E-02
  0.4795000E-01 -0.2176409E-02
  0.4800000E-01 -0.8621840E-03
  0.4805000E-01  0.9873381E-03
  0.4810000E-01  0.2708033E-02
  0.4815000E-01  0.3661061E-02
  0.4820000E-01  0.3620493E-02
  0.4825000E-01  0.2767201E-02
  0.4830000E-01  0.2494085E-02
  0.4835000E-01  0.1154183E-02
  0.4840000E-01 -0.1031089E-02
  0.4845000E-01 -0.3823620E-02
  0.4850000E-01 -0.5886802E-02
  0.4855000E-01 -0.5567339E-02
  0.4860000E-01 -0.3798184E-02
  0.4865000E-01 -0.3752742E-02
  0.4870000E-01 -0.3971485E-02
  0.4875000E-01 -0.4221845E-02
  0.4880000E-01 -0.4087898E-02
  0.4885000E-01 -0.3858470E-02
  0.4890000E-01 -0.4731778E-02
  0.4895000E-01 -0.4706219E-02
  0.4900000E-01 -0.4186796E-02
  0.4905000E-01 -0.2079951E-02
  0.4910000E-01  0.2926433E-03
  0.4915000E-01  0.1728783E-02
  0.4920000E-01  0.1705890E-02
  0.4925000E-01  0.1085778E-02
  0.4930000E-01  0.1078648E-02
  0.4935000E-01  0.1440252E-02
  0.4940000E-01  0.2097151E-02
  0.4945000E-01  0.3007454E-02
  0.4950000E-01  0.3819838E-02
  0.4955000E-01  0.4455399E-02
  0.4960000E-01  0.4178011E-02
  0.4965000E-01  0.3129037E-02
  0.4970000E-01  0.1543271E-02
  0.4975000E-01  0.2645535E-03
  0.4980000E-01  0.1686207E-03
  0.4985000E-01  0.5662186E-03
  0.4990000E-01  0.3550951E-03
  0.4995000E-01 -0.5515405E-03
  0.5000000E-01 -0.1729096E-02
  0.5005000E-01 -0.3245294E-02
  0.5010000E-01 -0.4744599E-02
  0.5015000E-01 -0.5433800E-02
  0.5020000E-01 -0.5210625E-02
  0.5025000E-01 -0.4225454E-02
  0.5030000E-01 -0.2520273E-02
  0.5035000E-01 -0.8026404E-03
  0.5040000E-01  0.5436114E-03
  0.5045000E-01  0.9948189E-03
  0.5050000E-01  0.2550461E-03
  0.5055000E-01 -0.3275774E-03
  0.5060000E-01  0.4057627E-03
  0.5065000E-01  0.8138676E-03
  0.5070000E-01  0.3852935E-03
  0.5075000E-01 -0.4595791E-03
  0.5080000E-01 -0.7472987E-03
  0.5085000E-01 -0.5251471E-03
  0.5090000E-01 -0.6593562E-03
  0.5095000E-01 -0.2768307E-03
  0.5100000E-01  0.5608547E-03
  0.5105000E-01  0.1866203E-02
  0.5110000E-01  0.3066567E-02
  0.5115000E-01  0.3689624E-02
  0.5120000E-01  0.3616198E-02
  0.5125000E-01  0.2803385E-02
  0.5130000E-01  0.1030472E-02
  0.5135000E-01 -0.1186390E-02
  0.5140000E-01 -0.2965233E-02
  0.5145000E-01 -0.4098848E-02
  0.5150000E-01 -0.4604686E-02
  0.5155000E-01 -0.4121649E-02
  0.5160000E-01 -0.3258348E-02
  0.5165000E-01 -0.1399970E-02
  0.5170000E-01  0.4614271E-03
  0.5175000E-01  0.1605420E-02
  0.5180000E-01  0.1813683E-02
  0.5185000E-01  0.1018297E-02
  0.5190000E-01  0.4999924E-04
  0.5195000E-01  0.5791179E-03
  0.5200000E-01  0.2252045E-02
  0.5205000E-01  0.3655693E-02
  0.5210000E-01  0.4333434E-02
  0.5215000E-01  0.4551130E-02
  0.5220000E-01  0.5008256E-02
  0.5225000E-01  0.5995946E-02
  0.5230000E-01  0.6525956E-02
  0.5235000E-01  0.6085497E-02
  0.5240000E-01  0.4890597E-02
  0.5245000E-01  0.4492601E-02
  0.5250000E-01  0.5140038E-02
  0.5255000E-01  0.6506679E-02
  0.5260000E-01  0.7218549E-02
  0.5265000E-01  0.7199992E-02
  0.5270000E-01  0.8062566E-02
  0.5275000E-01  0.9020362E-02
  0.5280000E-01  0.8808592E-02
  0.5285000E-01  0.7598158E-02
  0.5290000E-01  0.5741659E-02
  0.5295000E-01  0.3556825E-02
  0.5300000E-01  0.2037202E-02
  0.5305000E-01  0.1009079E-02
  0.5310000E-01  0.4128416E-03
  0.5315000E-01 -0.3647234E-03
  0.5320000E-01 -0.1390970E-02
  0.5325000E-01 -0.2741361E-02
  0.5330000E-01 -0.3576135E-02
  0.5335000E-01 -0.3722623E-02
  0.5340000E-01 -0.4246821E-02
  0.5345000E-01 -0.5189532E-02
  0.5350000E-01 -0.5007025E-02
  0.5355000E-01 -0.3432397E-02
  0.5360000E-01 -0.2674296E-02
  0.5365000E-01 -0.3137723E-02
  0.5370000E-01 -0.2947436E-02
  0.5375000E-01 -0.2230696E-02
  0.5380000E-01 -0.1938768E-02
  0.5385000E-01 -0.2107270E-02
  0.5390000E-01 -0.3192729E-02
  0.5395000E-01 -0.4529487E-02
  0.5400000E-01 -0.5118037E-02
  0.5405000E-01 -0.4953966E-02
  0.5410000E-01 -0.4153090E-02
  0.5415000E-01 -0.2805002E-02
  0.5420000E-01 -0.2073531E-02
  0.5425000E-01 -0.1674338E-02
  0.5430000E-01 -0.4188149E-03
  0.5435000E-01  0.8899379E-03
  0.5440000E-01  0.1271248E-02
  0.5445000E-01  0.2843934E-03
  0.5450000E-01 -0.5178261E-03
  0.5455000E-01 -0.1862149E-03
  0.5460000E-01 -0.3208087E-03
  0.5465000E-01 -0.8191637E-03
  0.5470000E-01 -0.3260139E-03
  0.5475000E-01  0.1073591E-03
  0.5480000E-01  0.3411014E-03
  0.5485000E-01  0.5436952E-03
  0.5490000E-01  0.4536132E-03
  0.5495000E-01  0.1304903E-02
  0.5500000E-01  0.2637218E-02
  0.5505000E-01  0.3524169E-02
  0.5510000E-01  0.3338805E-02
  0.5515000E-01  0.2836799E-02
  0.5520000E-01  0.2064258E-02
  0.5525000E-01  0.1448812E-02
  0.5530000E-01  0.1636375E-02
  0.5535000E-01  0.1962807E-02
  0.5540000E-01  0.1968672E-02
  0.5545000E-01  0.2061889E-02
  0.5550000E-01  0.2266957E-02
  0.5555000E-01  0.2490796E-02
  0.5560000E-01  0.2003300E-02
  0.5565000E-01  0.5532793E-03
  0.5570000E-01 -0.3320642E-03
  0.5575000E-01 -0.2683581E-03
  0.5580000E-01  0.6914582E-03
  0.5585000E-01  0.1098666E-02
  0.5590000E-01  0.8656053E-03
  0.5595000E-01  0.4411134E-05
  0.5600000E-01 -0.1144188E-02
  0.5605000E-01 -0.1646335E-02
  0.5610000E-01 -0.2243577E-02
  0.5615000E-01 -0.2427467E-02
  0.5620000E-01 -0.2992914E-02
  0.5625000E-01 -0.2844277E-02
  0.5630000E-01 -0.2374159E-02
  0.5635000E-01 -0.2865895E-02
  0.5640000E-01 -0.4495312E-02
  0.5645000E-01 -0.5295916E-02
  0.5650000E-01 -0.4810106E-02
  0.5655000E-01 -0.4907285E-02
  0.5660000E-01 -0.5293448E-02
  0.5665000E-01 -0.4318875E-02
  0.5670000E-01 -0.2443407E-02
  0.5675000E-01 -0.1458245E-02
  0.5680000E-01 -0.1831500E-02
  0.5685000E-01 -0.1833778E-02
  0.5690000E-01 -0.1183899E-02
  0.5695000E-01 -0.1468291E-02
  0.5700000E-01 -0.1961512E-02
  0.5705000E-01 -0.1172056E-02
  0.5710000E-01 -0.9891698E-03
  0.5715000E-01 -0.8655135E-03
  0.5720000E-01 -0.1922217E-03
  0.5725000E-01  0.1776122E-02
  0.5730000E-01  0.3334085E-02
  0.5735000E-01  0.3934879E-02
  0.5740000E-01  0.4406346E-02
  0.5745000E-01  0.4380587E-02
  0.5750000E-01  0.4268795E-02
  0.5755000E-01  0.4185773E-02
  0.5760000E-01  0.4396845E-02
  0.5765000E-01  0.4053621E-02
  0.5770000E-01  0.3379362E-02
  0.5775000E-01  0.3336601E-02
  0.5780000E-01  0.3035075E-02
  0.5785000E-01  0.2188988E-02
  0.5790000E-01  0.1344478E-02
  0.5795000E-01  0.8174857E-03
  0.5800000E-01 -0.4673155E-05
  0.5805000E-01 -0.4125397E-03
  0.5810000E-01 -0.1661778E-02
  0.5815000E-01 -0.4032232E-02
  0.5820000E-01 -0.5549970E-02
  0.5825000E-01 -0.5546962E-02
  0.5830000E-01 -0.4816627E-02
  0.5835000E-01 -0.2626704E-02
  0.5840000E-01  0.1215310E-02
  0.5845000E-01  0.3458048E-02
  0.5850000E-01  0.4388419E-02
  0.5855000E-01  0.4546534E-02
  0.5860000E-01  0.3996363E-02
  0.5865000E-01  0.2486526E-02
  0.5870000E-01  0.1549164E-02
  0.5875000E-01  0.2347265E-02
  0.5880000E-01  0.3331818E-02
  0.5885000E-01  0.3024886E-02
  0.5890000E-01  0.2062719E-02
  0.5895000E-01  0.6616126E-03
  0.5900000E-01 -0.1835548E-03
  0.5905000E-01 -0.2890381E-05
  0.5910000E-01  0.1396559E-02
  0.5915000E-01  0.3574114E-02
  0.5920000E-01  0.6105219E-02
  0.5925000E-01  0.7690345E-02
  0.5930000E-01  0.7284205E-02
  0.5935000E-01  0.6733682E-02
  0.5940000E-01  0.5962456E-02
  0.5945000E-01  0.4303703E-02
  0.5950000E-01  0.2088197E-02
  0.5955000E-01  0.3403881E-04
  0.5960000E-01 -0.4708841E-03
  0.5965000E-01 -0.1245273E-02
  0.5970000E-01 -0.2839517E-02
  0.5975000E-01 -0.3881501E-02
  0.5980000E-01 -0.3083212E-02
  0.5985000E-01 -0.1461648E-02
  0.5990000E-01 -0.8432124E-03
  0.5995000E-01 -0.9232596E-03
  0.6000000E-01 -0.1157807E-02
  0.6005000E-01 -0.1015916E-02
  0.6010000E-01 -0.9318349E-03
  0.6015000E-01 -0.1003387E-02
  0.6020000E-01 -0.4106931E-04
  0.6025000E-01 -0.1123398E-03
  0.6030000E-01 -0.7461027E-03
  0.6035000E-01 -0.1924160E-02
  0.6040000E-01 -0.3419874E-02
  0.6045000E-01 -0.3500926E-02
  0.6050000E-01 -0.2925278E-02
  0.6055000E-01 -0.1826232E-02
  0.6060000E-01 -0.7206197E-03
  0.6065000E-01 -0.1816682E-03
  0.6070000E-01 -0.9015617E-03
  0.6075000E-01 -0.1619246E-02
  0.6080000E-01 -0.1880442E-03
  0.6085000E-01  0.1378623E-02
  0.6090000E-01  0.1281566E-02
  0.6095000E-01  0.4642542E-03
  0.6100000E-01  0.6473434E-03
  0.6105000E-01  0.1064872E-02
  0.6110000E-01  0.9612081E-03
  0.6115000E-01 -0.1102850E-03
  0.6120000E-01 -0.1092858E-02
  0.6125000E-01 -0.1349560E-02
  0.6130000E-01 -0.9292132E-03
  0.6135000E-01 -0.4545128E-03
  0.6140000E-01 -0.2779477E-03
  0.6145000E-01 -0.1695396E-02
  0.6150000E-01 -0.3247280E-02
  0.6155000E-01 -0.3968244E-02
  0.6160000E-01 -0.3805521E-02
  0.6165000E-01 -0.3095679E-02
  0.6170000E-01 -0.1746393E-02
  0.6175000E-01 -0.5238497E-03
  0.6180000E-01  0.5139365E-03
  0.6185000E-01  0.1024667E-02
  0.6190000E-01  0.1928757E-02
  0.6195000E-01  0.3595128E-02
  0.6200000E-01  0.4783160E-02
  0.6205000E-01  0.4704752E-02
  0.6210000E-01  0.3323947E-02
  0.6215000E-01  0.2031433E-02
  0.6220000E-01  0.1142200E-02
  0.6225000E-01  0.9784004E-03
  0.6230000E-01  0.1429345E-02
  0.6235000E-01  0.1328496E-02
  0.6240000E-01  0.1659944E-02
  0.6245000E-01  0.2411062E-02
  0.6250000E-01  0.3025453E-02
  0.6255000E-01  0.3651922E-02
  0.6260000E-01  0.4660420E-02
  0.6265000E-01  0.5792721E-02
  0.6270000E-01  0.6065952E-02
  0.6275000E-01  0.6477233E-02
  0.6280000E-01  0.6412120E-02
  0.6285000E-01  0.4810641E-02
  0.6290000E-01  0.2433535E-02
  0.6295000E-01  0.8968268E-03
  0.6300000E-01 -0.8812193E-03
  0.6305000E-01 -0.3231031E-02
  0.6310000E-01 -0.5541798E-02
  0.6315000E-01 -0.5669496E-02
  0.6320000E-01 -0.4240478E-02
  0.6325000E-01 -0.3407181E-02
  0.6330000E-01 -0.2767814E-02
  0.6335000E-01 -0.2212896E-02
  0.6340000E-01 -0.1556665E-02
  0.6345000E-01  0.1190165E-03
  0.6350000E-01  0.1342458E-02
  0.6355000E-01  0.1990307E-02
  0.6360000E-01  0.2006627E-02
  0.6365000E-01  0.1773618E-02
  0.6370000E-01  0.9938618E-03
  0.6375000E-01 -0.7533957E-03
  0.6380000E-01 -0.2035037E-02
  0.6385000E-01 -0.2007983E-02
  0.6390000E-01 -0.5582183E-03
  0.6395000E-01 -0.8071373E-04
  0.6400000E-01 -0.4159989E-03
  0.6405000E-01  0.2504371E-03
  0.6410000E-01 -0.8713632E-04
  0.6415000E-01 -0.2688106E-02
  0.6420000E-01 -0.4368088E-02
  0.6425000E-01 -0.4169323E-02
  0.6430000E-01 -0.4118889E-02
  0.6435000E-01 -0.4296338E-02
  0.6440000E-01 -0.3817005E-02
  0.6445000E-01 -0.1720223E-02
  0.6450000E-01  0.4023239E-03
  0.6455000E-01  0.2381568E-02
  0.6460000E-01  0.3059933E-02
  0.6465000E-01  0.2803313E-02
  0.6470000E-01  0.3875919E-02
  0.6475000E-01  0.6194806E-02
  0.6480000E-01  0.5921401E-02
  0.6485000E-01  0.3484428E-02
  0.6490000E-01  0.1284137E-02
  0.6495000E-01  0.3795355E-03
  0.6500000E-01  0.1187728E-03
  0.6505000E-01  0.1499430E-02
  0.6510000E-01  0.2898155E-02
  0.6515000E-01  0.2633179E-02
  0.6520000E-01  0.1200503E-02
  0.6525000E-01  0.7630297E-03
  0.6530000E-01  0.6903284E-03
  0.6535000E-01 -0.3327257E-03
  0.6540000E-01 -0.1898554E-02
  0.6545000E-01 -0.2488480E-02
  0.6550000E-01 -0.2423055E-02
  0.6555000E-01 -0.3008062E-02
  0.6560000E-01 -0.3446354E-02
  0.6565000E-01 -0.3671513E-02
  0.6570000E-01 -0.2946911E-02
  0.6575000E-01 -0.1412122E-02
  0.6580000E-01 -0.1019693E-02
  0.6585000E-01 -0.6678939E-03
  0.6590000E-01  0.6409555E-04
  0.6595000E-01 -0.4335774E-03
  0.6600000E-01 -0.8106297E-03
  0.6605000E-01 -0.4701961E-03
  0.6610000E-01 -0.4894134E-03
  0.6615000E-01  0.2854581E-03
  0.6620000E-01  0.1793139E-02
  0.6625000E-01  0.2320727E-02
  0.6630000E-01  0.2729483E-02
  0.6635000E-01  0.3401288E-02
  0.6640000E-01  0.3524512E-02
  0.6645000E-01  0.5042835E-02
  0.6650000E-01  0.6917832E-02
  0.6655000E-01  0.7653712E-02
  0.6660000E-01  0.6334500E-02
  0.6665000E-01  0.2308056E-02
  0.6670000E-01 -0.2970963E-02
  0.6675000E-01 -0.5087695E-02
  0.6680000E-01 -0.4601967E-02
  0.6685000E-01 -0.4702017E-02
  0.6690000E-01 -0.3543774E-02
  0.6695000E-01 -0.1969892E-02
  0.6700000E-01 -0.9511813E-03
  0.6705000E-01 -0.1044595E-02
  0.6710000E-01 -0.1458949E-02
  0.6715000E-01 -0.1230881E-02
  0.6720000E-01 -0.7712856E-03
  0.6725000E-01 -0.7112622E-03
  0.6730000E-01 -0.1100386E-02
  0.6735000E-01 -0.8556445E-03
  0.6740000E-01  0.2447187E-04
  0.6745000E-01  0.1374855E-02
  0.6750000E-01  0.2866264E-02
  0.6755000E-01  0.2735698E-02
  0.6760000E-01  0.1658361E-02
  0.6765000E-01  0.3053176E-03
  0.6770000E-01 -0.1110531E-02
  0.6775000E-01 -0.1102610E-02
  0.6780000E-01  0.1089263E-03
  0.6785000E-01  0.2416044E-02
  0.6790000E-01  0.4071863E-02
  0.6795000E-01  0.4841687E-02
  0.6800000E-01  0.3753779E-02
  0.6805000E-01  0.5185273E-03
  0.6810000E-01 -0.2623178E-02
  0.6815000E-01 -0.4842866E-02
  0.6820000E-01 -0.5858907E-02
  0.6825000E-01 -0.4793562E-02
  0.6830000E-01 -0.2338097E-02
  0.6835000E-01  0.8097047E-03
  0.6840000E-01  0.2899543E-02
  0.6845000E-01  0.2353239E-02
  0.6850000E-01  0.3086751E-02
  0.6855000E-01  0.4237612E-02
  0.6860000E-01  0.3967836E-02
  0.6865000E-01  0.3957861E-02
  0.6870000E-01  0.4266550E-02
  0.6875000E-01  0.6081192E-02
  0.6880000E-01  0.6306653E-02
  0.6885000E-01  0.4712707E-02
  0.6890000E-01  0.3111530E-02
  0.6895000E-01  0.2306043E-02
  0.6900000E-01  0.3779276E-02
  0.6905000E-01  0.5645329E-02
  0.6910000E-01  0.6043532E-02
  0.6915000E-01  0.6838920E-02
  0.6920000E-01  0.6901894E-02
  0.6925000E-01  0.6292537E-02
  0.6930000E-01  0.4558148E-02
  0.6935000E-01  0.3020834E-02
  0.6940000E-01  0.1458572E-02
  0.6945000E-01 -0.1056582E-02
  0.6950000E-01 -0.3187535E-02
  0.6955000E-01 -0.2825159E-02
  0.6960000E-01 -0.1581638E-02
  0.6965000E-01 -0.3481430E-03
  0.6970000E-01  0.7561087E-03
  0.6975000E-01  0.2601288E-02
  0.6980000E-01  0.2419033E-02
  0.6985000E-01  0.5019914E-03
  0.6990000E-01 -0.8609599E-04
  0.6995000E-01  0.1241342E-02
  0.7000000E-01  0.2302717E-02
  0.7005000E-01  0.2225365E-02
  0.7010000E-01  0.2553249E-02
  0.7015000E-01  0.2112492E-02
  0.7020000E-01  0.3730529E-03
  0.7025000E-01 -0.1379495E-02
  0.7030000E-01 -0.3398549E-02
  0.7035000E-01 -0.6383829E-02
  0.7040000E-01 -0.9070827E-02
  0.7045000E-01 -0.1019959E-01
  0.7050000E-01 -0.9479450E-02
  0.7055000E-01 -0.7317552E-02
  0.7060000E-01 -0.4860400E-02
  0.7065000E-01 -0.3353276E-02
  0.7070000E-01 -0.3082946E-02
  0.7075000E-01 -0.3803664E-02
  0.7080000E-01 -0.3491744E-02
  0.7085000E-01 -0.1538463E-02
  0.7090000E-01  0.7679604E-03
  0.7095000E-01  0.1282722E-02
  0.7100000E-01  0.9931216E-03
  0.7105000E-01  0.1956252E-02
  0.7110000E-01  0.3124239E-02
  0.7115000E-01  0.2184251E-02
  0.7120000E-01  0.9176678E-03
  0.7125000E-01 -0.6171108E-03
  0.7130000E-01 -0.1663415E-02
  0.7135000E-01 -0.1541301E-02
  0.7140000E-01 -0.5418808E-04
  0.7145000E-01  0.1740698E-02
  0.7150000E-01  0.3139492E-02
  0.7155000E-01  0.3378973E-02
  0.7160000E-01  0.3506224E-02
  0.7165000E-01  0.1694125E-02
  0.7170000E-01 -0.3372433E-03
  0.7175000E-01 -0.2842814E-02
  0.7180000E-01 -0.5529777E-02
  0.7185000E-01 -0.6640691E-02
  0.7190000E-01 -0.6142070E-02
  0.7195000E-01 -0.4290370E-02
  0.7200000E-01 -0.3501080E-02
  0.7205000E-01 -0.1957239E-02
  0.7210000E-01  0.1017584E-03
  0.7215000E-01  0.1602776E-02
  0.7220000E-01  0.4306048E-02
  0.7225000E-01  0.5806098E-02
  0.7230000E-01  0.7058118E-02
  0.7235000E-01  0.7984206E-02
  0.7240000E-01  0.8384251E-02
  0.7245000E-01  0.9045494E-02
  0.7250000E-01  0.9011553E-02
  0.7255000E-01  0.7332322E-02
  0.7260000E-01  0.5258630E-02
  0.7265000E-01  0.3872659E-02
  0.7270000E-01  0.2954303E-02
  0.7275000E-01  0.2786472E-02
  0.7280000E-01  0.4527778E-02
  0.7285000E-01  0.6627139E-02
  0.7290000E-01  0.5628597E-02
  0.7295000E-01  0.4437664E-02
  0.7300000E-01  0.4656722E-02
  0.7305000E-01  0.4692834E-02
  0.7310000E-01  0.4022595E-02
  0.7315000E-01  0.3360026E-02
  0.7320000E-01  0.3320777E-02
  0.7325000E-01  0.3238933E-02
  0.7330000E-01  0.3218863E-02
  0.7335000E-01  0.3102160E-02
  0.7340000E-01  0.3185254E-02
  0.7345000E-01  0.2600503E-02
  0.7350000E-01  0.6546058E-03
  0.7355000E-01 -0.2819729E-02
  0.7360000E-01 -0.6557250E-02
  0.7365000E-01 -0.8354422E-02
  0.7370000E-01 -0.8431081E-02
  0.7375000E-01 -0.8071083E-02
  0.7380000E-01 -0.5821110E-02
  0.7385000E-01 -0.2413680E-02
  0.7390000E-01  0.5650404E-04
  0.7395000E-01  0.8642326E-03
  0.7400000E-01  0.2231327E-02
  0.7405000E-01  0.4969614E-02
  0.7410000E-01  0.6698495E-02
  0.7415000E-01  0.4679609E-02
  0.7420000E-01 -0.4889616E-04
  0.7425000E-01 -0.2272065E-02
  0.7430000E-01 -0.6674476E-03
  0.7435000E-01  0.6566565E-03
  0.7440000E-01  0.8106682E-03
  0.7445000E-01  0.1304977E-02
  0.7450000E-01  0.3827427E-02
  0.7455000E-01  0.7165665E-02
  0.7460000E-01  0.9541020E-02
  0.7465000E-01  0.9428529E-02
  0.7470000E-01  0.7587908E-02
  0.7475000E-01  0.3995381E-02
  0.7480000E-01  0.2551000E-02
  0.7485000E-01  0.2316383E-02
  0.7490000E-01  0.2182690E-02
  0.7495000E-01  0.3144117E-02
  0.7500000E-01  0.5391700E-02
  0.7505000E-01  0.7632300E-02
  0.7510000E-01  0.8908676E-02
  0.7515000E-01  0.9663904E-02
  0.7520000E-01  0.9486365E-02
  0.7525000E-01  0.7592961E-02
  0.7530000E-01  0.5282051E-02
  0.7535000E-01  0.3222293E-02
  0.7540000E-01  0.8817357E-03
  0.7545000E-01 -0.2749510E-02
  0.7550000E-01 -0.4651312E-02
  0.7555000E-01 -0.4990928E-02
  0.7560000E-01 -0.4649083E-02
  0.7565000E-01 -0.6668412E-02
  0.7570000E-01 -0.7531207E-02
  0.7575000E-01 -0.6910711E-02
  0.7580000E-01 -0.6983700E-02
  0.7585000E-01 -0.6364482E-02
  0.7590000E-01 -0.4989287E-02
  0.7595000E-01 -0.3778373E-02
  0.7600000E-01 -0.4224397E-02
  0.7605000E-01 -0.3411243E-02
  0.7610000E-01 -0.4215491E-02
  0.7615000E-01 -0.7181864E-02
  0.7620000E-01 -0.8654731E-02
  0.7625000E-01 -0.6717971E-02
  0.7630000E-01 -0.3531458E-02
  0.7635000E-01 -0.1813295E-02
  0.7640000E-01  0.5878884E-04
  0.7645000E-01  0.2248682E-02
  0.7650000E-01  0.5345174E-02
  0.7655000E-01  0.7288676E-02
  0.7660000E-01  0.7826230E-02
  0.7665000E-01  0.7655677E-02
  0.7670000E-01  0.6664216E-02
  0.7675000E-01  0.4635370E-02
  0.7680000E-01  0.3649745E-02
  0.7685000E-01  0.3021821E-02
  0.7690000E-01  0.9099188E-03
  0.7695000E-01  0.1595681E-02
  0.7700000E-01  0.3400199E-02
  0.7705000E-01  0.3067170E-02
  0.7710000E-01  0.2182625E-02
  0.7715000E-01  0.2529382E-03
  0.7720000E-01 -0.2108497E-02
  0.7725000E-01 -0.4327106E-02
  0.7730000E-01 -0.4111497E-02
  0.7735000E-01 -0.2922088E-02
  0.7740000E-01 -0.2306499E-02
  0.7745000E-01 -0.2443669E-02
  0.7750000E-01 -0.2706870E-02
  0.7755000E-01 -0.3050788E-02
  0.7760000E-01 -0.2611067E-02
  0.7765000E-01 -0.9432702E-03
  0.7770000E-01  0.1950407E-02
  0.7775000E-01  0.5279565E-02
  0.7780000E-01  0.5508494E-02
  0.7785000E-01  0.5849390E-02
  0.7790000E-01  0.7052531E-02
  0.7795000E-01  0.9299452E-02
  0.7800000E-01  0.1005035E-01
  0.7805000E-01  0.8986774E-02
  0.7810000E-01  0.6326885E-02
  0.7815000E-01  0.4620358E-02
  0.7820000E-01  0.9901290E-03
  0.7825000E-01 -0.1079836E-03
  0.7830000E-01  0.1092590E-02
  0.7835000E-01  0.3425334E-03
  0.7840000E-01 -0.2417333E-02
  0.7845000E-01 -0.5028824E-02
  0.7850000E-01 -0.3114101E-02
  0.7855000E-01  0.1318425E-02
  0.7860000E-01  0.5720575E-02
  0.7865000E-01  0.8128105E-02
  0.7870000E-01  0.8678620E-02
  0.7875000E-01  0.7042025E-02
  0.7880000E-01  0.5995709E-02
  0.7885000E-01  0.6941822E-02
  0.7890000E-01  0.7312011E-02
  0.7895000E-01  0.4322320E-02
  0.7900000E-01  0.4720752E-04
  0.7905000E-01 -0.9675910E-03
  0.7910000E-01 -0.7088355E-03
  0.7915000E-01 -0.2998937E-03
  0.7920000E-01  0.9218749E-03
  0.7925000E-01  0.2842318E-03
  0.7930000E-01 -0.2601576E-02
  0.7935000E-01 -0.4851132E-02
  0.7940000E-01 -0.6418140E-02
  0.7945000E-01 -0.5094787E-02
  0.7950000E-01 -0.4660448E-02
  0.7955000E-01 -0.5948806E-02
  0.7960000E-01 -0.6422209E-02
  0.7965000E-01 -0.4560953E-02
  0.7970000E-01 -0.3089746E-02
  0.7975000E-01 -0.1322202E-02
  0.7980000E-01  0.2606856E-02
  0.7985000E-01  0.4663923E-02
  0.7990000E-01  0.3982402E-02
  0.7995000E-01  0.5366503E-03
  0.8000000E-01 -0.3841529E-02
  0.8005000E-01 -0.5901627E-02
  0.8010000E-01 -0.7268707E-02
  0.8015000E-01 -0.5380521E-02
  0.8020000E-01 -0.3490386E-02
  0.8025000E-01 -0.3545208E-02
  0.8030000E-01 -0.2400403E-02
  0.8035000E-01 -0.9810822E-03
  0.8040000E-01  0.1600362E-02
  0.8045000E-01  0.3813995E-02
  0.8050000E-01  0.5112575E-02
  0.8055000E-01  0.6130719E-02
  0.8060000E-01  0.5326051E-02
  0.8065000E-01  0.5643187E-02
  0.8070000E-01  0.6893938E-02
  0.8075000E-01  0.5153656E-02
  0.8080000E-01  0.1782743E-02
  0.8085000E-01 -0.4382845E-02
  0.8090000E-01 -0.8962914E-02
  0.8095000E-01 -0.1151892E-01
  0.8100000E-01 -0.1340389E-01
  0.8105000E-01 -0.1467656E-01
  0.8110000E-01 -0.1483912E-01
  0.8115000E-01 -0.1117283E-01
  0.8120000E-01 -0.8586675E-02
  0.8125000E-01 -0.6875954E-02
  0.8130000E-01 -0.5356790E-02
  0.8135000E-01 -0.1136468E-02
  0.8140000E-01  0.5699248E-02
  0.8145000E-01  0.9998996E-02
  0.8150000E-01  0.8897560E-02
  0.8155000E-01  0.4290470E-02
  0.8160000E-01  0.2911937E-02
  0.8165000E-01  0.3748975E-02
  0.8170000E-01  0.5287298E-02
  0.8175000E-01  0.4296588E-02
  0.8180000E-01  0.7253782E-03
  0.8185000E-01 -0.9970414E-03
  0.8190000E-01  0.4094639E-05
  0.8195000E-01  0.3203814E-02
  0.8200000E-01  0.5582831E-02
  0.8205000E-01  0.9995710E-02
  0.8210000E-01  0.1010018E-01
  0.8215000E-01  0.4855864E-02
  0.8220000E-01 -0.1113620E-02
  0.8225000E-01 -0.4156298E-02
  0.8230000E-01 -0.4458267E-02
  0.8235000E-01 -0.5538522E-02
  0.8240000E-01 -0.7136266E-02
  0.8245000E-01 -0.7751638E-02
  0.8250000E-01 -0.9985919E-02
  0.8255000E-01 -0.1042881E-01
  0.8260000E-01 -0.9568663E-02
  0.8265000E-01 -0.5998443E-02
  0.8270000E-01 -0.3254950E-02
  0.8275000E-01  0.1346775E-02
  0.8280000E-01  0.5066382E-02
  0.8285000E-01  0.7121800E-02
  0.8290000E-01  0.8864571E-02
  0.8295000E-01  0.1093775E-01
  0.8300000E-01  0.1199851E-01
  0.8305000E-01  0.1181498E-01
  0.8310000E-01  0.8862608E-02
  0.8315000E-01  0.4382772E-02
  0.8320000E-01  0.2961876E-02
  0.8325000E-01 -0.4118357E-03
  0.8330000E-01 -0.6694297E-02
  0.8335000E-01 -0.6753073E-02
  0.8340000E-01 -0.5277236E-02
  0.8345000E-01 -0.3267675E-02
  0.8350000E-01  0.2142944E-02
  0.8355000E-01  0.6265725E-02
  0.8360000E-01  0.5465241E-02
  0.8365000E-01  0.7843377E-02
  0.8370000E-01  0.1503371E-01
  0.8375000E-01  0.2084891E-01
  0.8380000E-01  0.2487472E-01
  0.8385000E-01  0.2355315E-01
  0.8390000E-01  0.2138138E-01
  0.8395000E-01  0.2033904E-01
  0.8400000E-01  0.1812950E-01
  0.8405000E-01  0.1618862E-01
  0.8410000E-01  0.1143294E-01
  0.8415000E-01  0.4861780E-02
  0.8420000E-01  0.3762681E-02
  0.8425000E-01  0.5697346E-02
  0.8430000E-01  0.6519559E-02
  0.8435000E-01  0.1658289E-02
  0.8440000E-01 -0.7848411E-03
  0.8445000E-01 -0.2340601E-02
  0.8450000E-01 -0.3239775E-02
  0.8455000E-01 -0.4354230E-02
  0.8460000E-01 -0.5665467E-02
  0.8465000E-01 -0.6487892E-02
  0.8470000E-01 -0.5353298E-02
  0.8475000E-01 -0.6926456E-02
  0.8480000E-01 -0.7393831E-02
  0.8485000E-01 -0.1289838E-02
  0.8490000E-01  0.2675962E-02
  0.8495000E-01  0.4425455E-02
  0.8500000E-01  0.7447045E-02
  0.8505000E-01  0.8088364E-02
  0.8510000E-01  0.5909022E-02
  0.8515000E-01  0.1471069E-02
  0.8520000E-01 -0.2869410E-02
  0.8525000E-01 -0.6058213E-02
  0.8530000E-01 -0.1004255E-01
  0.8535000E-01 -0.1558306E-01
  0.8540000E-01 -0.1446085E-01
  0.8545000E-01 -0.9768740E-02
  0.8550000E-01 -0.4178434E-02
  0.8555000E-01  0.1311040E-02
  0.8560000E-01  0.6123879E-03
  0.8565000E-01 -0.1403382E-03
  0.8570000E-01 -0.7776276E-03
  0.8575000E-01 -0.3358361E-02
  0.8580000E-01 -0.2516543E-02
  0.8585000E-01  0.1614728E-02
  0.8590000E-01  0.3425298E-02
  0.8595000E-01  0.5687392E-02
  0.8600000E-01  0.6200290E-02
  0.8605000E-01  0.4313284E-02
  0.8610000E-01  0.2143646E-02
  0.8615000E-01  0.3623435E-02
  0.8620000E-01  0.3915138E-02
  0.8625000E-01  0.4727069E-02
  0.8630000E-01  0.7120863E-02
  0.8635000E-01  0.7792311E-02
  0.8640000E-01  0.3855328E-02
  0.8645000E-01  0.5646655E-03
  0.8650000E-01  0.2156377E-02
  0.8655000E-01  0.1773992E-02
  0.8660000E-01 -0.5408929E-04
  0.8665000E-01  0.2024495E-02
  0.8670000E-01  0.8919248E-02
  0.8675000E-01  0.1393848E-01
  0.8680000E-01  0.1133108E-01
  0.8685000E-01  0.9925219E-02
  0.8690000E-01  0.1193464E-01
  0.8695000E-01  0.1451592E-01
  0.8700000E-01  0.1461542E-01
  0.8705000E-01  0.9083708E-02
  0.8710000E-01  0.5638074E-02
  0.8715000E-01  0.5791527E-02
  0.8720000E-01  0.3739767E-02
  0.8725000E-01  0.2516046E-02
  0.8730000E-01 -0.3154392E-03
  0.8735000E-01 -0.8403046E-02
  0.8740000E-01 -0.1351500E-01
  0.8745000E-01 -0.1284534E-01
  0.8750000E-01 -0.1298685E-01
  0.8755000E-01 -0.1325310E-01
  0.8760000E-01 -0.1085165E-01
  0.8765000E-01 -0.8532047E-02
  0.8770000E-01 -0.6357658E-02
  0.8775000E-01 -0.4331951E-02
  0.8780000E-01 -0.1053435E-02
  0.8785000E-01  0.4574010E-02
  0.8790000E-01  0.8878360E-02
  0.8795000E-01  0.7483015E-02
  0.8800000E-01  0.6586025E-03
  0.8805000E-01 -0.4205829E-03
  0.8810000E-01  0.8711625E-03
  0.8815000E-01  0.2699058E-02
  0.8820000E-01  0.6053161E-02
  0.8825000E-01  0.6385084E-02
  0.8830000E-01  0.7658820E-02
  0.8835000E-01  0.4941553E-02
  0.8840000E-01 -0.2964144E-02
  0.8845000E-01 -0.6215634E-02
  0.8850000E-01 -0.4222389E-02
  0.8855000E-01 -0.1318308E-03
  0.8860000E-01  0.3505931E-02
  0.8865000E-01  0.7278629E-02
  0.8870000E-01  0.9786526E-02
  0.8875000E-01  0.1009349E-01
  0.8880000E-01  0.1620757E-01
  0.8885000E-01  0.1938373E-01
  0.8890000E-01  0.1430479E-01
  0.8895000E-01  0.1257893E-01
  0.8900000E-01  0.1057899E-01
  0.8905000E-01  0.9454612E-02
  0.8910000E-01  0.1379017E-01
  0.8915000E-01  0.1469800E-01
  0.8920000E-01  0.1453977E-01
  0.8925000E-01  0.1884512E-01
  0.8930000E-01  0.1447487E-01
  0.8935000E-01  0.5502966E-02
  0.8940000E-01 -0.7040719E-03
  0.8945000E-01 -0.4457567E-02
  0.8950000E-01 -0.7049597E-02
  0.8955000E-01 -0.4851554E-02
  0.8960000E-01 -0.3669551E-02
  0.8965000E-01 -0.1246551E-02
  0.8970000E-01 -0.9104938E-03
  0.8975000E-01  0.6322410E-04
  0.8980000E-01  0.4629239E-02
  0.8985000E-01  0.9814999E-02
  0.8990000E-01  0.9529594E-02
  0.8995000E-01  0.9338749E-02
  0.9000000E-01  0.7631188E-02
  0.9005000E-01  0.4475553E-02
  0.9010000E-01  0.4512544E-03
  0.9015000E-01 -0.4860401E-02
  0.9020000E-01 -0.9863427E-02
  0.9025000E-01 -0.1131454E-01
  0.9030000E-01 -0.6378615E-02
  0.9035000E-01  0.1878676E-03
  0.9040000E-01  0.8622856E-03
  0.9045000E-01 -0.8574262E-03
  0.9050000E-01  0.5208837E-04
  0.9055000E-01  0.5535873E-02
  0.9060000E-01  0.6316090E-02
  0.9065000E-01  0.3070014E-02
  0.9070000E-01 -0.4507402E-02
  0.9075000E-01 -0.1111684E-01
  0.9080000E-01 -0.6068023E-02
  0.9085000E-01  0.3889515E-02
  0.9090000E-01  0.7428392E-02
  0.9095000E-01  0.1600633E-01
  0.9100000E-01  0.2630856E-01
  0.9105000E-01  0.3480637E-01
  0.9110000E-01  0.4198167E-01
  0.9115000E-01  0.4479703E-01
  0.9120000E-01  0.4483211E-01
  0.9125000E-01  0.4240939E-01
  0.9130000E-01  0.3040723E-01
  0.9135000E-01  0.2113999E-01
  0.9140000E-01  0.1606410E-01
  0.9145000E-01  0.1679531E-01
  0.9150000E-01  0.1891458E-01
  0.9155000E-01  0.1424697E-01
  0.9160000E-01  0.3753287E-02
  0.9165000E-01 -0.8619208E-02
  0.9170000E-01 -0.1692122E-01
  0.9175000E-01 -0.1444368E-01
  0.9180000E-01 -0.1098414E-01
  0.9185000E-01 -0.9529503E-02
  0.9190000E-01 -0.1344283E-01
  0.9195000E-01 -0.1225991E-01
  0.9200000E-01 -0.1656673E-01
  0.9205000E-01 -0.2014166E-01
  0.9210000E-01 -0.1588972E-01
  0.9215000E-01 -0.7374646E-02
  0.9220000E-01  0.5347929E-02
  0.9225000E-01  0.1547587E-01
  0.9230000E-01  0.2139976E-01
  0.9235000E-01  0.2516673E-01
  0.9240000E-01  0.2446958E-01
  0.9245000E-01  0.1978543E-01
  0.9250000E-01  0.1188456E-01
  0.9255000E-01  0.2320082E-02
  0.9260000E-01 -0.6549461E-02
  0.9265000E-01 -0.1118452E-01
  0.9270000E-01 -0.1173801E-01
  0.9275000E-01 -0.1815802E-01
  0.9280000E-01 -0.2185921E-01
  0.9285000E-01 -0.1525767E-01
  0.9290000E-01 -0.1047868E-01
  0.9295000E-01 -0.6476014E-02
  0.9300000E-01 -0.9690784E-02
  0.9305000E-01 -0.2285613E-01
  0.9310000E-01 -0.3149004E-01
  0.9315000E-01 -0.3177055E-01
  0.9320000E-01 -0.2053164E-01
  0.9325000E-01  0.1253914E-03
  0.9330000E-01  0.1634904E-01
  0.9335000E-01  0.2231211E-01
  0.9340000E-01  0.2908985E-01
  0.9345000E-01  0.3951463E-01
  0.9350000E-01  0.4614800E-01
  0.9355000E-01  0.5170865E-01
  0.9360000E-01  0.5144094E-01
  0.9365000E-01  0.4948737E-01
  0.9370000E-01  0.3824819E-01
  0.9375000E-01  0.3347975E-01
  0.9380000E-01  0.3422500E-01
  0.9385000E-01  0.3550535E-01
  0.9390000E-01  0.2921276E-01
  0.9395000E-01  0.2450825E-01
  0.9400000E-01  0.2268187E-01
  0.9405000E-01  0.2168998E-01
  0.9410000E-01  0.1662812E-01
  0.9415000E-01  0.8407221E-02
  0.9420000E-01 -0.2296204E-02
  0.9425000E-01 -0.6876500E-02
  0.9430000E-01 -0.1892350E-02
  0.9435000E-01  0.2107717E-02
  0.9440000E-01 -0.2188987E-02
  0.9445000E-01 -0.2947464E-02
  0.9450000E-01 -0.9618967E-02
  0.9455000E-01 -0.5293082E-02
  0.9460000E-01  0.7341972E-02
  0.9465000E-01  0.1652095E-01
  0.9470000E-01  0.1714982E-01
  0.9475000E-01  0.2867830E-01
  0.9480000E-01  0.3694228E-01
  0.9485000E-01  0.3481971E-01
  0.9490000E-01  0.1938152E-01
  0.9495000E-01  0.2247741E-01
  0.9500000E-01  0.3480891E-01
  0.9505000E-01  0.3729272E-01
  0.9510000E-01  0.4366020E-01
  0.9515000E-01  0.4492662E-01
  0.9520000E-01  0.3888993E-01
  0.9525000E-01  0.2959265E-01
  0.9530000E-01  0.1511407E-01
  0.9535000E-01  0.7223660E-02
  0.9540000E-01 -0.6905401E-02
  0.9545000E-01 -0.1161084E-02
  0.9550000E-01  0.8030363E-02
  0.9555000E-01  0.1897231E-01
  0.9560000E-01  0.3167881E-01
  0.9565000E-01  0.3713357E-01
  0.9570000E-01  0.3264899E-01
  0.9575000E-01  0.3670959E-01
  0.9580000E-01  0.3334258E-01
  0.9585000E-01  0.1783870E-01
  0.9590000E-01 -0.9177741E-02
  0.9595000E-01 -0.2505459E-01
  0.9600000E-01 -0.1995595E-01
  0.9605000E-01  0.9359540E-02
  0.9610000E-01  0.2592043E-01
  0.9615000E-01  0.2671167E-01
  0.9620000E-01  0.5376575E-02
  0.9625000E-01 -0.8027511E-02
  0.9630000E-01 -0.2791702E-01
  0.9635000E-01 -0.2966026E-01
  0.9640000E-01 -0.2839669E-01
  0.9645000E-01 -0.1975613E-01
  0.9650000E-01 -0.1726734E-01
  0.9655000E-01 -0.1020212E-01
  0.9660000E-01 -0.3630798E-02
  0.9665000E-01  0.9816415E-02
  0.9670000E-01  0.1176935E-01
  0.9675000E-01  0.1617059E-01
  0.9680000E-01  0.4615753E-02
  0.9685000E-01 -0.1355484E-01
  0.9690000E-01 -0.4265461E-01
  0.9695000E-01 -0.7316477E-01
  0.9700000E-01 -0.1034824E+00
  0.9705000E-01 -0.1136034E+00
  0.9710000E-01 -0.1172733E+00
  0.9715000E-01 -0.9465491E-01
  0.9720000E-01 -0.7277829E-01
  0.9725000E-01 -0.4130832E-01
  0.9730000E-01 -0.4987240E-01
  0.9735000E-01 -0.6688269E-01
  0.9740000E-01 -0.1062652E+00
  0.9745000E-01 -0.1228529E+00
  0.9750000E-01 -0.1529224E+00
  0.9755000E-01 -0.1771490E+00
  0.9760000E-01 -0.1995863E+00
  0.9765000E-01 -0.1925521E+00
  0.9770000E-01 -0.2242447E+00
  0.9775000E-01 -0.2641352E+00
  0.9780000E-01 -0.3034049E+00
  0.9785000E-01 -0.2857827E+00
  0.9790000E-01 -0.2763165E+00
  0.9795000E-01 -0.2506637E+00
  0.9800000E-01 -0.2293372E+00
  0.9805000E-01 -0.1500193E+00
  0.9810000E-01 -0.5832490E-01
  0.9815000E-01  0.8468490E-01
  0.9820000E-01  0.2291555E+00
  0.9825000E-01  0.4245949E+00
  0.9830000E-01  0.6051551E+00
  0.9835000E-01  0.8096287E+00
  0.9840000E-01  0.9689223E+00
  0.9845000E-01  0.1131701E+01
  0.9850000E-01  0.1207346E+01
  0.9855000E-01  0.1208066E+01
  0.9860000E-01  0.1072952E+01
  0.9865000E-01  0.8410281E+00
  0.9870000E-01  0.4990306E+00
  0.9875000E-01  0.6224230E-01
  0.9880000E-01 -0.4582835E+00
  0.9885000E-01 -0.1030215E+01
  0.9890000E-01 -0.1640272E+01
  0.9895000E-01 -0.2266025E+01
  0.9900000E-01 -0.2869999E+01
  0.9905000E-01 -0.3435260E+01
  0.9910000E-01 -0.3947416E+01
  0.9915000E-01 -0.4375944E+01
  0.9920000E-01 -0.4685361E+01
  0.9925000E-01 -0.4850305E+01
  0.9930000E-01 -0.4850445E+01
  0.9935000E-01 -0.4650781E+01
  0.9940000E-01 -0.4214780E+01
  0.9945000E-01 -0.3508836E+01
  0.9950000E-01 -0.2507628E+01
  0.9955000E-01 -0.1215516E+01
  0.9960000E-01  0.3235072E+00
  0.9965000E-01  0.2010273E+01
  0.9970000E-01  0.3692345E+01
  0.9975000E-01  0.5193303E+01
  0.9980000E-01  0.6352632E+01
  0.9985000E-01  0.7078300E+01
  0.9990000E-01  0.7389664E+01
  0.9995000E-01  0.7427343E+01
  0.1000000E+00  0.7427343E+01
