  0.0000000E+00  0.7461087E+01
  0.5000000E-04  0.7484736E+01
  0.1000000E-03  0.7448188E+01
  0.1500000E-03  0.7134663E+01
  0.2000000E-03  0.6403210E+01
  0.2500000E-03  0.5235107E+01
  0.3000000E-03  0.3714082E+01
  0.3500000E-03  0.2007867E+01
  0.4000000E-03  0.3008277E+00
  0.4500000E-03 -0.1255025E+01
  0.5000000E-03 -0.2561201E+01
  0.5500000E-03 -0.3573581E+01
  0.6000000E-03 -0.4285042E+01
  0.6500000E-03 -0.4719884E+01
  0.7000000E-03 -0.4911687E+01
  0.7500000E-03 -0.4897656E+01
  0.8000000E-03 -0.4716708E+01
  0.8500000E-03 -0.4400700E+01
  0.9000000E-03 -0.3969465E+01
  0.9500000E-03 -0.3450515E+01
  0.1000000E-02 -0.2864581E+01
  0.1050000E-02 -0.2234926E+01
  0.1100000E-02 -0.1597823E+01
  0.1150000E-02 -0.9780846E+00
  0.1200000E-02 -0.4000670E+00
  0.1250000E-02  0.1206481E+00
  0.1300000E-02  0.5599268E+00
  0.1350000E-02  0.9011054E+00
  0.1400000E-02  0.1109413E+01
  0.1450000E-02  0.1212892E+01
  0.1500000E-02  0.1190843E+01
  0.1550000E-02  0.1114234E+01
  0.1600000E-02  0.9506296E+00
  0.1650000E-02  0.7703572E+00
  0.1700000E-02  0.5532730E+00
  0.1750000E-02  0.3786864E+00
  0.1800000E-02  0.1945558E+00
  0.1850000E-02  0.6314673E-01
  0.1900000E-02 -0.6724967E-01
  0.1950000E-02 -0.1552952E+00
  0.2000000E-02 -0.2532901E+00
  0.2050000E-02 -0.3080310E+00
  0.2100000E-02 -0.3531175E+00
  0.2150000E-02 -0.3315270E+00
  0.2200000E-02 -0.2939970E+00
  0.2250000E-02 -0.2297557E+00
  0.2300000E-02 -0.1887775E+00
  0.2350000E-02 -0.1568011E+00
  0.2400000E-02 -0.1547878E+00
  0.2450000E-02 -0.1400752E+00
  0.2500000E-02 -0.1364624E+00
  0.2550000E-02 -0.1119339E+00
  0.2600000E-02 -0.1019697E+00
  0.2650000E-02 -0.7890318E-01
  0.2700000E-02 -0.6992718E-01
  0.2750000E-02 -0.5597920E-01
  0.2800000E-02 -0.7179623E-01
  0.2850000E-02 -0.7109259E-01
  0.2900000E-02 -0.7356959E-01
  0.2950000E-02 -0.6030874E-01
  0.3000000E-02 -0.6013720E-01
  0.3050000E-02 -0.5750032E-01
  0.3100000E-02 -0.5715833E-01
  0.3150000E-02 -0.4634182E-01
  0.3200000E-02 -0.5315850E-01
  0.3250000E-02 -0.5062266E-01
  0.3300000E-02 -0.5885692E-01
  0.3350000E-02 -0.6624655E-01
  0.3400000E-02 -0.7716686E-01
  0.3450000E-02 -0.6210453E-01
  0.3500000E-02 -0.4558441E-01
  0.3550000E-02 -0.2297456E-01
  0.3600000E-02 -0.3079532E-02
  0.3650000E-02  0.2213176E-01
  0.3700000E-02  0.4598746E-01
  0.3750000E-02  0.7491797E-01
  0.3800000E-02  0.7258493E-01
  0.3850000E-02  0.5889451E-01
  0.3900000E-02  0.2519771E-01
  0.3950000E-02 -0.5615834E-02
  0.4000000E-02 -0.2094745E-01
  0.4050000E-02 -0.1009502E-01
  0.4100000E-02  0.5742738E-02
  0.4150000E-02  0.1334851E-01
  0.4200000E-02  0.1141598E-01
  0.4250000E-02  0.3947725E-02
  0.4300000E-02  0.3854042E-02
  0.4350000E-02  0.1722926E-01
  0.4400000E-02  0.2175627E-01
  0.4450000E-02  0.3043137E-01
  0.4500000E-02  0.3566057E-01
  0.4550000E-02  0.4664558E-01
  0.4600000E-02  0.3997636E-01
  0.4650000E-02  0.3627639E-01
  0.4700000E-02  0.3599433E-01
  0.4750000E-02  0.4093861E-01
  0.4800000E-02  0.5183166E-01
  0.4850000E-02  0.6087040E-01
  0.4900000E-02  0.5039828E-01
  0.4950000E-02  0.4512591E-01
  0.5000000E-02  0.4559694E-01
  0.5050000E-02  0.5247706E-01
  0.5100000E-02  0.6167728E-01
  0.5150000E-02  0.5449673E-01
  0.5200000E-02  0.4263125E-01
  0.5250000E-02  0.4217500E-01
  0.5300000E-02  0.3502692E-01
  0.5350000E-02  0.2843198E-01
  0.5400000E-02  0.1960165E-01
  0.5450000E-02  0.1217290E-01
  0.5500000E-02  0.5605623E-02
  0.5550000E-02  0.9518164E-02
  0.5600000E-02  0.1765630E-01
  0.5650000E-02  0.1523654E-01
  0.5700000E-02  0.4370716E-02
  0.5750000E-02 -0.1162430E-01
  0.5800000E-02 -0.3615072E-01
  0.5850000E-02 -0.5345842E-01
  0.5900000E-02 -0.5867500E-01
  0.5950000E-02 -0.5425689E-01
  0.6000000E-02 -0.4641792E-01
  0.6050000E-02 -0.2384099E-01
  0.6100000E-02 -0.3706886E-02
  0.6150000E-02  0.1414865E-01
  0.6200000E-02  0.2722090E-01
  0.6250000E-02  0.3077818E-01
  0.6300000E-02  0.2273040E-01
  0.6350000E-02  0.2198671E-01
  0.6400000E-02  0.2687203E-01
  0.6450000E-02  0.2685754E-01
  0.6500000E-02  0.2102624E-01
  0.6550000E-02  0.9874332E-02
  0.6600000E-02  0.5110045E-02
  0.6650000E-02  0.1913870E-01
  0.6700000E-02  0.3098815E-01
  0.6750000E-02  0.3449311E-01
  0.6800000E-02  0.3557781E-01
  0.6850000E-02  0.2984351E-01
  0.6900000E-02  0.1481512E-01
  0.6950000E-02  0.2882276E-02
  0.7000000E-02 -0.1021141E-01
  0.7050000E-02 -0.1925530E-01
  0.7100000E-02 -0.2403379E-01
  0.7150000E-02 -0.2449342E-01
  0.7200000E-02 -0.2188075E-01
  0.7250000E-02 -0.1251298E-01
  0.7300000E-02 -0.2788949E-02
  0.7350000E-02  0.1279419E-02
  0.7400000E-02 -0.1599744E-02
  0.7450000E-02 -0.3008779E-03
  0.7500000E-02  0.7502215E-02
  0.7550000E-02  0.1623872E-01
  0.7600000E-02  0.1597689E-01
  0.7650000E-02  0.1745941E-01
  0.7700000E-02  0.2017218E-01
  0.7750000E-02  0.1425850E-01
  0.7800000E-02  0.3442865E-02
  0.7850000E-02  0.5183880E-02
  0.7900000E-02  0.1018019E-01
  0.7950000E-02  0.1415847E-01
  0.8000000E-02  0.1182222E-01
  0.8050000E-02  0.1216812E-01
  0.8100000E-02  0.2191189E-01
  0.8150000E-02  0.2860737E-01
  0.8200000E-02  0.2959143E-01
  0.8250000E-02  0.2495541E-01
  0.8300000E-02  0.1633179E-01
  0.8350000E-02  0.1587401E-01
  0.8400000E-02  0.1503264E-01
  0.8450000E-02  0.1339669E-01
  0.8500000E-02  0.1325302E-01
  0.8550000E-02  0.1361540E-01
  0.8600000E-02  0.1485036E-01
  0.8650000E-02  0.1860305E-01
  0.8700000E-02  0.1551195E-01
  0.8750000E-02  0.1254588E-01
  0.8800000E-02  0.1229615E-01
  0.8850000E-02  0.8786582E-02
  0.8900000E-02  0.1696517E-02
  0.8950000E-02 -0.7720799E-02
  0.9000000E-02 -0.1862104E-01
  0.9050000E-02 -0.2290682E-01
  0.9100000E-02 -0.2116067E-01
  0.9150000E-02 -0.1767433E-01
  0.9200000E-02 -0.1129552E-01
  0.9250000E-02 -0.5749857E-02
  0.9300000E-02 -0.1642947E-02
  0.9350000E-02 -0.3582704E-02
  0.9400000E-02 -0.7968204E-03
  0.9450000E-02  0.7333937E-02
  0.9500000E-02  0.9936104E-02
  0.9550000E-02  0.8064325E-02
  0.9600000E-02  0.3161951E-02
  0.9650000E-02  0.5795872E-02
  0.9700000E-02  0.7201302E-03
  0.9750000E-02 -0.7715807E-02
  0.9800000E-02 -0.1477374E-01
  0.9850000E-02 -0.1356050E-01
  0.9900000E-02 -0.1280534E-02
  0.9950000E-02  0.6658664E-02
  0.1000000E-01  0.4865815E-02
  0.1005000E-01  0.3528824E-02
  0.1010000E-01  0.7462651E-02
  0.1015000E-01  0.1128716E-01
  0.1020000E-01  0.1268413E-01
  0.1025000E-01  0.7517526E-02
  0.1030000E-01  0.1970523E-02
  0.1035000E-01  0.2691960E-02
  0.1040000E-01  0.5510242E-02
  0.1045000E-01  0.8585971E-02
  0.1050000E-01  0.1178490E-01
  0.1055000E-01  0.1622457E-01
  0.1060000E-01  0.2044862E-01
  0.1065000E-01  0.1930330E-01
  0.1070000E-01  0.1114220E-01
  0.1075000E-01  0.6036687E-02
  0.1080000E-01  0.4836372E-03
  0.1085000E-01  0.4148260E-02
  0.1090000E-01  0.1181534E-01
  0.1095000E-01  0.1442216E-01
  0.1100000E-01  0.1214790E-01
  0.1105000E-01  0.7392483E-02
  0.1110000E-01  0.6193918E-02
  0.1115000E-01  0.3392390E-02
  0.1120000E-01  0.2217443E-02
  0.1125000E-01  0.3483130E-03
  0.1130000E-01  0.1721166E-02
  0.1135000E-01  0.4472750E-02
  0.1140000E-01  0.7075406E-02
  0.1145000E-01  0.5143642E-02
  0.1150000E-01  0.3295362E-02
  0.1155000E-01  0.7682902E-02
  0.1160000E-01  0.1249818E-01
  0.1165000E-01  0.1583906E-01
  0.1170000E-01  0.1097387E-01
  0.1175000E-01  0.1463537E-02
  0.1180000E-01 -0.1006334E-01
  0.1185000E-01 -0.1671304E-01
  0.1190000E-01 -0.1763830E-01
  0.1195000E-01 -0.1881852E-01
  0.1200000E-01 -0.1985323E-01
  0.1205000E-01 -0.1844045E-01
  0.1210000E-01 -0.1342321E-01
  0.1215000E-01 -0.7000998E-02
  0.1220000E-01 -0.3592536E-02
  0.1225000E-01 -0.5537539E-03
  0.1230000E-01  0.2532302E-02
  0.1235000E-01  0.6712368E-02
  0.1240000E-01  0.6797200E-02
  0.1245000E-01  0.4439314E-02
  0.1250000E-01  0.6638311E-03
  0.1255000E-01 -0.3601739E-02
  0.1260000E-01 -0.6890370E-02
  0.1265000E-01 -0.7806834E-02
  0.1270000E-01 -0.9042689E-02
  0.1275000E-01 -0.4907820E-02
  0.1280000E-01  0.6502123E-02
  0.1285000E-01  0.1937904E-01
  0.1290000E-01  0.2355491E-01
  0.1295000E-01  0.2377682E-01
  0.1300000E-01  0.2071679E-01
  0.1305000E-01  0.1389503E-01
  0.1310000E-01  0.6206298E-02
  0.1315000E-01  0.1438785E-02
  0.1320000E-01  0.4690492E-02
  0.1325000E-01  0.1048206E-01
  0.1330000E-01  0.1380112E-01
  0.1335000E-01  0.1520883E-01
  0.1340000E-01  0.1416955E-01
  0.1345000E-01  0.7949323E-02
  0.1350000E-01  0.1987935E-03
  0.1355000E-01 -0.3487211E-02
  0.1360000E-01 -0.1003095E-01
  0.1365000E-01 -0.1905699E-01
  0.1370000E-01 -0.2360838E-01
  0.1375000E-01 -0.2136378E-01
  0.1380000E-01 -0.1405478E-01
  0.1385000E-01 -0.1126276E-02
  0.1390000E-01  0.1173204E-01
  0.1395000E-01  0.1952914E-01
  0.1400000E-01  0.2398074E-01
  0.1405000E-01  0.2826924E-01
  0.1410000E-01  0.3149478E-01
  0.1415000E-01  0.3168955E-01
  0.1420000E-01  0.2690285E-01
  0.1425000E-01  0.2008485E-01
  0.1430000E-01  0.1251148E-01
  0.1435000E-01  0.3087937E-02
  0.1440000E-01 -0.6222032E-02
  0.1445000E-01 -0.1104887E-01
  0.1450000E-01 -0.9762065E-02
  0.1455000E-01 -0.6639708E-02
  0.1460000E-01 -0.4023530E-02
  0.1465000E-01 -0.3656534E-03
  0.1470000E-01  0.1597649E-02
  0.1475000E-01  0.2522565E-03
  0.1480000E-01 -0.1571562E-02
  0.1485000E-01 -0.5227238E-02
  0.1490000E-01 -0.8969492E-02
  0.1495000E-01 -0.9167986E-02
  0.1500000E-01 -0.8243986E-02
  0.1505000E-01 -0.6988284E-02
  0.1510000E-01 -0.6750039E-02
  0.1515000E-01 -0.5290403E-02
  0.1520000E-01 -0.1661203E-02
  0.1525000E-01 -0.2293614E-03
  0.1530000E-01 -0.1131796E-03
  0.1535000E-01  0.1688926E-02
  0.1540000E-01  0.3969210E-02
  0.1545000E-01  0.4013244E-03
  0.1550000E-01 -0.3875957E-02
  0.1555000E-01 -0.3866038E-02
  0.1560000E-01  0.2594466E-03
  0.1565000E-01  0.7736948E-02
  0.1570000E-01  0.1401071E-01
  0.1575000E-01  0.1895885E-01
  0.1580000E-01  0.2089698E-01
  0.1585000E-01  0.1708148E-01
  0.1590000E-01  0.1285250E-01
  0.1595000E-01  0.9773153E-02
  0.1600000E-01  0.7088060E-02
  0.1605000E-01  0.7136428E-02
  0.1610000E-01  0.4700587E-02
  0.1615000E-01 -0.2927136E-03
  0.1620000E-01 -0.2931803E-02
  0.1625000E-01 -0.2278992E-02
  0.1630000E-01 -0.1552597E-02
  0.1635000E-01 -0.2218532E-02
  0.1640000E-01  0.3266129E-03
  0.1645000E-01  0.1048264E-02
  0.1650000E-01  0.4823935E-03
  0.1655000E-01  0.3624700E-03
  0.1660000E-01  0.1403186E-02
  0.1665000E-01  0.2016435E-02
  0.1670000E-01  0.1168270E-02
  0.1675000E-01  0.6285493E-02
  0.1680000E-01  0.8556338E-02
  0.1685000E-01  0.9263082E-02
  0.1690000E-01  0.1317028E-01
  0.1695000E-01  0.1337949E-01
  0.1700000E-01  0.1161203E-01
  0.1705000E-01  0.9661049E-02
  0.1710000E-01  0.5165391E-02
  0.1715000E-01 -0.4294303E-03
  0.1720000E-01 -0.4848625E-02
  0.1725000E-01 -0.5572029E-02
  0.1730000E-01 -0.5349852E-02
  0.1735000E-01 -0.5181932E-02
  0.1740000E-01 -0.5446496E-02
  0.1745000E-01 -0.4119458E-02
  0.1750000E-01 -0.1036272E-02
  0.1755000E-01  0.3601178E-03
  0.1760000E-01  0.2742744E-02
  0.1765000E-01  0.1364528E-02
  0.1770000E-01 -0.1011304E-02
  0.1775000E-01 -0.1823582E-02
  0.1780000E-01 -0.1130720E-02
  0.1785000E-01 -0.1006802E-02
  0.1790000E-01 -0.4091352E-02
  0.1795000E-01 -0.6767792E-02
  0.1800000E-01 -0.1009093E-01
  0.1805000E-01 -0.1205076E-01
  0.1810000E-01 -0.1031426E-01
  0.1815000E-01 -0.6955275E-02
  0.1820000E-01 -0.4364187E-02
  0.1825000E-01 -0.4521355E-02
  0.1830000E-01 -0.6141083E-02
  0.1835000E-01 -0.6095213E-02
  0.1840000E-01 -0.5127058E-02
  0.1845000E-01 -0.4772751E-02
  0.1850000E-01 -0.5504807E-02
  0.1855000E-01 -0.5615543E-02
  0.1860000E-01 -0.1870889E-02
  0.1865000E-01  0.2301588E-02
  0.1870000E-01  0.5023835E-02
  0.1875000E-01  0.3211084E-02
  0.1880000E-01  0.1994372E-02
  0.1885000E-01  0.9685722E-03
  0.1890000E-01 -0.4562341E-03
  0.1895000E-01 -0.9920698E-03
  0.1900000E-01 -0.1888674E-02
  0.1905000E-01 -0.3398617E-02
  0.1910000E-01 -0.2856739E-02
  0.1915000E-01 -0.1474655E-02
  0.1920000E-01  0.5392622E-02
  0.1925000E-01  0.1089731E-01
  0.1930000E-01  0.1224430E-01
  0.1935000E-01  0.1195147E-01
  0.1940000E-01  0.9114061E-02
  0.1945000E-01  0.6344424E-02
  0.1950000E-01  0.3848360E-02
  0.1955000E-01  0.1027131E-02
  0.1960000E-01 -0.4491035E-03
  0.1965000E-01  0.2438632E-03
  0.1970000E-01 -0.3044661E-03
  0.1975000E-01 -0.1719429E-02
  0.1980000E-01 -0.7638508E-02
  0.1985000E-01 -0.1512623E-01
  0.1990000E-01 -0.1818882E-01
  0.1995000E-01 -0.1758765E-01
  0.2000000E-01 -0.1280270E-01
  0.2005000E-01 -0.6061366E-02
  0.2010000E-01 -0.4161297E-03
  0.2015000E-01  0.4291711E-02
  0.2020000E-01  0.7487917E-02
  0.2025000E-01  0.9759847E-02
  0.2030000E-01  0.9831198E-02
  0.2035000E-01  0.1133722E-01
  0.2040000E-01  0.1425490E-01
  0.2045000E-01  0.1519488E-01
  0.2050000E-01  0.1445517E-01
  0.2055000E-01  0.1452030E-01
  0.2060000E-01  0.1590023E-01
  0.2065000E-01  0.1505393E-01
  0.2070000E-01  0.1168870E-01
  0.2075000E-01  0.1180238E-01
  0.2080000E-01  0.1187140E-01
  0.2085000E-01  0.1029044E-01
  0.2090000E-01  0.9496184E-02
  0.2095000E-01  0.8266240E-02
  0.2100000E-01  0.5104115E-02
  0.2105000E-01 -0.1819221E-03
  0.2110000E-01 -0.7594405E-02
  0.2115000E-01 -0.1232853E-01
  0.2120000E-01 -0.1539268E-01
  0.2125000E-01 -0.1460805E-01
  0.2130000E-01 -0.8763303E-02
  0.2135000E-01 -0.1486230E-02
  0.2140000E-01  0.1772952E-02
  0.2145000E-01  0.1552908E-02
  0.2150000E-01 -0.3599043E-03
  0.2155000E-01 -0.2755291E-02
  0.2160000E-01 -0.2881968E-02
  0.2165000E-01 -0.1074280E-02
  0.2170000E-01  0.2464700E-02
  0.2175000E-01  0.2855197E-02
  0.2180000E-01  0.1614137E-02
  0.2185000E-01  0.2476501E-02
  0.2190000E-01  0.2556711E-02
  0.2195000E-01  0.2106838E-02
  0.2200000E-01  0.3292616E-02
  0.2205000E-01  0.2341914E-02
  0.2210000E-01  0.3847544E-03
  0.2215000E-01 -0.1131143E-02
  0.2220000E-01 -0.1763426E-02
  0.2225000E-01 -0.3075765E-02
  0.2230000E-01 -0.4940814E-02
  0.2235000E-01 -0.6192201E-02
  0.2240000E-01 -0.6138699E-02
  0.2245000E-01 -0.5108604E-02
  0.2250000E-01 -0.5306530E-02
  0.2255000E-01 -0.5034431E-02
  0.2260000E-01 -0.4164999E-02
  0.2265000E-01 -0.1873255E-02
  0.2270000E-01 -0.7628711E-03
  0.2275000E-01 -0.9146628E-03
  0.2280000E-01  0.2291147E-02
  0.2285000E-01  0.3648379E-02
  0.2290000E-01  0.4473230E-02
  0.2295000E-01  0.5212354E-02
  0.2300000E-01  0.5900218E-02
  0.2305000E-01  0.6909909E-02
  0.2310000E-01  0.8969798E-02
  0.2315000E-01  0.1041466E-01
  0.2320000E-01  0.8665997E-02
  0.2325000E-01  0.6672415E-02
  0.2330000E-01  0.5516680E-02
  0.2335000E-01  0.5158120E-02
  0.2340000E-01  0.3892127E-02
  0.2345000E-01  0.2643588E-02
  0.2350000E-01  0.2742834E-02
  0.2355000E-01  0.2506343E-04
  0.2360000E-01 -0.3954072E-02
  0.2365000E-01 -0.8039696E-02
  0.2370000E-01 -0.1023358E-01
  0.2375000E-01 -0.7421295E-02
  0.2380000E-01 -0.3267493E-02
  0.2385000E-01  0.1142601E-02
  0.2390000E-01  0.4318863E-02
  0.2395000E-01  0.4186998E-02
  0.2400000E-01  0.5201631E-02
  0.2405000E-01  0.5872433E-02
  0.2410000E-01  0.6958451E-02
  0.2415000E-01  0.8577011E-02
  0.2420000E-01  0.7456340E-02
  0.2425000E-01  0.4539619E-02
  0.2430000E-01  0.1942986E-02
  0.2435000E-01  0.2399996E-02
  0.2440000E-01  0.3312473E-02
  0.2445000E-01  0.4693862E-02
  0.2450000E-01  0.3913770E-02
  0.2455000E-01  0.1485714E-02
  0.2460000E-01  0.1215387E-02
  0.2465000E-01  0.1091479E-02
  0.2470000E-01  0.5882122E-03
  0.2475000E-01  0.1327497E-02
  0.2480000E-01  0.3277014E-02
  0.2485000E-01  0.2771054E-02
  0.2490000E-01 -0.7057135E-04
  0.2495000E-01 -0.3102591E-02
  0.2500000E-01 -0.5441416E-02
  0.2505000E-01 -0.6686181E-02
  0.2510000E-01 -0.6344152E-02
  0.2515000E-01 -0.4367703E-02
  0.2520000E-01 -0.3176993E-02
  0.2525000E-01 -0.3572669E-02
  0.2530000E-01 -0.5389131E-02
  0.2535000E-01 -0.5196609E-02
  0.2540000E-01 -0.4903756E-02
  0.2545000E-01 -0.5627530E-02
  0.2550000E-01 -0.6269746E-02
  0.2555000E-01 -0.6135532E-02
  0.2560000E-01 -0.4363779E-02
  0.2565000E-01 -0.2878225E-02
  0.2570000E-01 -0.2145333E-02
  0.2575000E-01 -0.1891849E-02
  0.2580000E-01 -0.2095192E-02
  0.2585000E-01 -0.4108061E-02
  0.2590000E-01 -0.5840416E-02
  0.2595000E-01 -0.5840852E-02
  0.2600000E-01 -0.5480095E-02
  0.2605000E-01 -0.3400832E-02
  0.2610000E-01 -0.2297344E-02
  0.2615000E-01 -0.1765131E-02
  0.2620000E-01 -0.1690720E-02
  0.2625000E-01 -0.2472504E-02
  0.2630000E-01 -0.3884157E-02
  0.2635000E-01 -0.4526414E-02
  0.2640000E-01 -0.3507614E-02
  0.2645000E-01 -0.1596155E-02
  0.2650000E-01 -0.1496584E-02
  0.2655000E-01 -0.3862071E-02
  0.2660000E-01 -0.3569168E-02
  0.2665000E-01  0.6591626E-03
  0.2670000E-01  0.3891793E-02
  0.2675000E-01  0.4586177E-02
  0.2680000E-01  0.7494250E-02
  0.2685000E-01  0.8177501E-02
  0.2690000E-01  0.7910268E-02
  0.2695000E-01  0.5409692E-02
  0.2700000E-01  0.4287509E-02
  0.2705000E-01  0.1785387E-02
  0.2710000E-01 -0.2732539E-03
  0.2715000E-01 -0.8335138E-03
  0.2720000E-01 -0.1026088E-02
  0.2725000E-01 -0.2969825E-02
  0.2730000E-01 -0.3288972E-02
  0.2735000E-01 -0.3249419E-02
  0.2740000E-01 -0.3404274E-02
  0.2745000E-01 -0.1858955E-02
  0.2750000E-01 -0.1613591E-02
  0.2755000E-01  0.4099746E-03
  0.2760000E-01  0.4619940E-02
  0.2765000E-01  0.5171765E-02
  0.2770000E-01  0.6413455E-02
  0.2775000E-01  0.7388873E-02
  0.2780000E-01  0.9255813E-02
  0.2785000E-01  0.1192578E-01
  0.2790000E-01  0.1377992E-01
  0.2795000E-01  0.1338894E-01
  0.2800000E-01  0.1242022E-01
  0.2805000E-01  0.1203217E-01
  0.2810000E-01  0.1122595E-01
  0.2815000E-01  0.8673426E-02
  0.2820000E-01  0.5030908E-02
  0.2825000E-01  0.4547078E-02
  0.2830000E-01  0.6263610E-02
  0.2835000E-01  0.7667993E-02
  0.2840000E-01  0.7824497E-02
  0.2845000E-01  0.8233075E-02
  0.2850000E-01  0.8163823E-02
  0.2855000E-01  0.7666054E-02
  0.2860000E-01  0.7528344E-02
  0.2865000E-01  0.7639083E-02
  0.2870000E-01  0.5978789E-02
  0.2875000E-01  0.4911160E-02
  0.2880000E-01  0.1993259E-02
  0.2885000E-01  0.3008186E-03
  0.2890000E-01 -0.1707814E-03
  0.2895000E-01  0.8932253E-03
  0.2900000E-01 -0.8351661E-03
  0.2905000E-01 -0.2394173E-02
  0.2910000E-01 -0.1096066E-02
  0.2915000E-01 -0.5962648E-04
  0.2920000E-01 -0.1534056E-02
  0.2925000E-01 -0.1233616E-02
  0.2930000E-01  0.1440069E-03
  0.2935000E-01  0.1408611E-02
  0.2940000E-01 -0.1521896E-03
  0.2945000E-01 -0.3169701E-02
  0.2950000E-01 -0.5923961E-02
  0.2955000E-01 -0.7314482E-02
  0.2960000E-01 -0.5114073E-02
  0.2965000E-01 -0.2801084E-02
  0.2970000E-01 -0.2192626E-02
  0.2975000E-01 -0.6402076E-03
  0.2980000E-01  0.1018114E-02
  0.2985000E-01  0.1622947E-02
  0.2990000E-01  0.3504821E-03
  0.2995000E-01 -0.4382091E-03
  0.3000000E-01 -0.1529842E-02
  0.3005000E-01 -0.2728392E-02
  0.3010000E-01 -0.2220851E-02
  0.3015000E-01 -0.2337368E-03
  0.3020000E-01  0.6174378E-03
  0.3025000E-01  0.1682496E-02
  0.3030000E-01  0.6590839E-03
  0.3035000E-01 -0.4461871E-03
  0.3040000E-01 -0.1379618E-02
  0.3045000E-01  0.1418511E-02
  0.3050000E-01  0.3376283E-02
  0.3055000E-01  0.3865231E-02
  0.3060000E-01  0.1694740E-02
  0.3065000E-01 -0.1938609E-02
  0.3070000E-01 -0.4880888E-02
  0.3075000E-01 -0.5323359E-02
  0.3080000E-01 -0.6320646E-02
  0.3085000E-01 -0.7331885E-02
  0.3090000E-01 -0.7104410E-02
  0.3095000E-01 -0.6135541E-02
  0.3100000E-01 -0.4629968E-02
  0.3105000E-01 -0.4384790E-02
  0.3110000E-01 -0.6153908E-02
  0.3115000E-01 -0.7504461E-02
  0.3120000E-01 -0.6266100E-02
  0.3125000E-01 -0.4036498E-02
  0.3130000E-01 -0.2452001E-02
  0.3135000E-01 -0.1759008E-02
  0.3140000E-01 -0.2503581E-02
  0.3145000E-01 -0.2314664E-02
  0.3150000E-01 -0.2053692E-02
  0.3155000E-01 -0.1239229E-02
  0.3160000E-01 -0.5829454E-03
  0.3165000E-01  0.2191750E-03
  0.3170000E-01  0.2506030E-02
  0.3175000E-01  0.5834575E-02
  0.3180000E-01  0.7637933E-02
  0.3185000E-01  0.7193009E-02
  0.3190000E-01  0.6734210E-02
  0.3195000E-01  0.6871399E-02
  0.3200000E-01  0.5950834E-02
  0.3205000E-01  0.4144724E-02
  0.3210000E-01  0.1951432E-02
  0.3215000E-01  0.1890408E-02
  0.3220000E-01  0.3527283E-02
  0.3225000E-01  0.4003789E-02
  0.3230000E-01  0.3324280E-02
  0.3235000E-01  0.1433802E-02
  0.3240000E-01 -0.1122309E-02
  0.3245000E-01 -0.2869982E-02
  0.3250000E-01 -0.5126879E-02
  0.3255000E-01 -0.7446032E-02
  0.3260000E-01 -0.8684805E-02
  0.3265000E-01 -0.1010028E-01
  0.3270000E-01 -0.1023829E-01
  0.3275000E-01 -0.8739158E-02
  0.3280000E-01 -0.7220825E-02
  0.3285000E-01 -0.5535000E-02
  0.3290000E-01 -0.3773996E-02
  0.3295000E-01 -0.9815249E-03
  0.3300000E-01  0.6246015E-03
  0.3305000E-01  0.2784071E-02
  0.3310000E-01  0.4556026E-02
  0.3315000E-01  0.4941056E-02
  0.3320000E-01  0.5189937E-02
  0.3325000E-01  0.4996845E-02
  0.3330000E-01  0.4525440E-02
  0.3335000E-01  0.3330339E-02
  0.3340000E-01  0.2425614E-02
  0.3345000E-01  0.2652500E-02
  0.3350000E-01  0.3157316E-02
  0.3355000E-01  0.4845276E-02
  0.3360000E-01  0.6926507E-02
  0.3365000E-01  0.7137091E-02
  0.3370000E-01  0.5859291E-02
  0.3375000E-01  0.5782846E-02
  0.3380000E-01  0.7670326E-02
  0.3385000E-01  0.8251581E-02
  0.3390000E-01  0.7737656E-02
  0.3395000E-01  0.8087394E-02
  0.3400000E-01  0.8689319E-02
  0.3405000E-01  0.8622373E-02
  0.3410000E-01  0.8292656E-02
  0.3415000E-01  0.7595133E-02
  0.3420000E-01  0.7009891E-02
  0.3425000E-01  0.6627113E-02
  0.3430000E-01  0.5866114E-02
  0.3435000E-01  0.4200206E-02
  0.3440000E-01  0.2229606E-02
  0.3445000E-01  0.5405454E-03
  0.3450000E-01 -0.1352697E-02
  0.3455000E-01 -0.4606192E-02
  0.3460000E-01 -0.7340869E-02
  0.3465000E-01 -0.7777914E-02
  0.3470000E-01 -0.6181729E-02
  0.3475000E-01 -0.3371368E-02
  0.3480000E-01 -0.2364223E-02
  0.3485000E-01 -0.1155570E-02
  0.3490000E-01  0.1920926E-03
  0.3495000E-01  0.4620898E-03
  0.3500000E-01  0.1987137E-02
  0.3505000E-01  0.3214451E-02
  0.3510000E-01  0.3036145E-02
  0.3515000E-01  0.2933398E-02
  0.3520000E-01  0.3340374E-02
  0.3525000E-01  0.3021613E-02
  0.3530000E-01  0.2848242E-02
  0.3535000E-01  0.2723910E-02
  0.3540000E-01  0.2103386E-02
  0.3545000E-01  0.3885201E-03
  0.3550000E-01 -0.1243443E-02
  0.3555000E-01 -0.2786566E-02
  0.3560000E-01 -0.4466539E-02
  0.3565000E-01 -0.6764932E-02
  0.3570000E-01 -0.9121588E-02
  0.3575000E-01 -0.1024955E-01
  0.3580000E-01 -0.1004204E-01
  0.3585000E-01 -0.9694529E-02
  0.3590000E-01 -0.8746569E-02
  0.3595000E-01 -0.6613592E-02
  0.3600000E-01 -0.2770038E-02
  0.3605000E-01 -0.3801614E-03
  0.3610000E-01 -0.1097323E-02
  0.3615000E-01 -0.1765277E-02
  0.3620000E-01 -0.1484986E-02
  0.3625000E-01 -0.1625555E-02
  0.3630000E-01 -0.2490469E-02
  0.3635000E-01 -0.2118833E-02
  0.3640000E-01 -0.5477576E-03
  0.3645000E-01  0.7438750E-03
  0.3650000E-01  0.2144814E-02
  0.3655000E-01  0.4223200E-02
  0.3660000E-01  0.5709672E-02
  0.3665000E-01  0.5463820E-02
  0.3670000E-01  0.4945344E-02
  0.3675000E-01  0.4522116E-02
  0.3680000E-01  0.5581262E-02
  0.3685000E-01  0.5903905E-02
  0.3690000E-01  0.4955513E-02
  0.3695000E-01  0.3664991E-02
  0.3700000E-01  0.2450515E-02
  0.3705000E-01  0.1675910E-02
  0.3710000E-01  0.2895379E-02
  0.3715000E-01  0.5294142E-02
  0.3720000E-01  0.7018303E-02
  0.3725000E-01  0.5188089E-02
  0.3730000E-01  0.1909618E-02
  0.3735000E-01 -0.1785140E-03
  0.3740000E-01 -0.1918950E-02
  0.3745000E-01 -0.1573049E-02
  0.3750000E-01  0.1824917E-03
  0.3755000E-01  0.1378402E-02
  0.3760000E-01  0.2214136E-02
  0.3765000E-01  0.2268066E-02
  0.3770000E-01  0.3515137E-02
  0.3775000E-01  0.4743191E-02
  0.3780000E-01  0.4453149E-02
  0.3785000E-01  0.4624416E-02
  0.3790000E-01  0.4436565E-02
  0.3795000E-01  0.4549810E-02
  0.3800000E-01  0.3926743E-02
  0.3805000E-01  0.1181004E-02
  0.3810000E-01 -0.1086556E-02
  0.3815000E-01 -0.1713183E-02
  0.3820000E-01 -0.1418196E-02
  0.3825000E-01  0.6639816E-04
  0.3830000E-01  0.1600529E-02
  0.3835000E-01  0.2808909E-02
  0.3840000E-01  0.1804872E-02
  0.3845000E-01  0.2452162E-03
  0.3850000E-01 -0.7032894E-03
  0.3855000E-01  0.2986684E-03
  0.3860000E-01  0.1902982E-02
  0.3865000E-01  0.2430949E-02
  0.3870000E-01  0.1179837E-02
  0.3875000E-01 -0.6081548E-03
  0.3880000E-01 -0.2672507E-02
  0.3885000E-01 -0.4484455E-02
  0.3890000E-01 -0.5413217E-02
  0.3895000E-01 -0.6658709E-02
  0.3900000E-01 -0.7080773E-02
  0.3905000E-01 -0.6268090E-02
  0.3910000E-01 -0.5986720E-02
  0.3915000E-01 -0.6948363E-02
  0.3920000E-01 -0.7058287E-02
  0.3925000E-01 -0.5233524E-02
  0.3930000E-01 -0.2180828E-02
  0.3935000E-01  0.4171507E-03
  0.3940000E-01  0.3126731E-02
  0.3945000E-01  0.4647591E-02
  0.3950000E-01  0.4754225E-02
  0.3955000E-01  0.5193079E-02
  0.3960000E-01  0.6463563E-02
  0.3965000E-01  0.5885586E-02
  0.3970000E-01  0.4925904E-02
  0.3975000E-01  0.4599581E-02
  0.3980000E-01  0.5197290E-02
  0.3985000E-01  0.5968049E-02
  0.3990000E-01  0.5836855E-02
  0.3995000E-01  0.4108615E-02
  0.4000000E-01  0.2359351E-02
  0.4005000E-01  0.6964723E-03
  0.4010000E-01 -0.7657451E-03
  0.4015000E-01 -0.2543276E-02
  0.4020000E-01 -0.4255721E-02
  0.4025000E-01 -0.5175940E-02
  0.4030000E-01 -0.4989006E-02
  0.4035000E-01 -0.3759029E-02
  0.4040000E-01 -0.1149748E-02
  0.4045000E-01  0.1564400E-02
  0.4050000E-01  0.2504517E-02
  0.4055000E-01  0.2533802E-02
  0.4060000E-01  0.2725950E-02
  0.4065000E-01  0.7925105E-03
  0.4070000E-01 -0.1933609E-02
  0.4075000E-01 -0.2653858E-02
  0.4080000E-01 -0.2660503E-02
  0.4085000E-01 -0.1508408E-02
  0.4090000E-01 -0.3658288E-03
  0.4095000E-01 -0.1287177E-03
  0.4100000E-01 -0.7152697E-03
  0.4105000E-01 -0.5244637E-03
  0.4110000E-01 -0.1218593E-03
  0.4115000E-01 -0.2703338E-03
  0.4120000E-01 -0.3331448E-03
  0.4125000E-01 -0.3194632E-03
  0.4130000E-01 -0.1196362E-02
  0.4135000E-01 -0.2243966E-02
  0.4140000E-01 -0.3748956E-02
  0.4145000E-01 -0.4947139E-02
  0.4150000E-01 -0.4827140E-02
  0.4155000E-01 -0.3674375E-02
  0.4160000E-01 -0.2195365E-02
  0.4165000E-01 -0.5959159E-03
  0.4170000E-01  0.1247208E-02
  0.4175000E-01  0.1925189E-02
  0.4180000E-01  0.2679375E-02
  0.4185000E-01  0.3560436E-02
  0.4190000E-01  0.4420930E-02
  0.4195000E-01  0.4954839E-02
  0.4200000E-01  0.5581070E-02
  0.4205000E-01  0.5456145E-02
  0.4210000E-01  0.4434321E-02
  0.4215000E-01  0.2719874E-02
  0.4220000E-01  0.1001537E-02
  0.4225000E-01  0.1030159E-02
  0.4230000E-01  0.1376168E-02
  0.4235000E-01  0.9740529E-03
  0.4240000E-01 -0.2894819E-04
  0.4245000E-01 -0.1565960E-02
  0.4250000E-01 -0.2767600E-02
  0.4255000E-01 -0.3317211E-02
  0.4260000E-01 -0.3312104E-02
  0.4265000E-01 -0.3855849E-02
  0.4270000E-01 -0.4624366E-02
  0.4275000E-01 -0.5391546E-02
  0.4280000E-01 -0.5384251E-02
  0.4285000E-01 -0.5483702E-02
  0.4290000E-01 -0.5861945E-02
  0.4295000E-01 -0.4779839E-02
  0.4300000E-01 -0.3563525E-02
  0.4305000E-01 -0.2989809E-02
  0.4310000E-01 -0.2932771E-02
  0.4315000E-01 -0.2644035E-02
  0.4320000E-01 -0.2160661E-02
  0.4325000E-01 -0.1404592E-02
  0.4330000E-01  0.7790568E-03
  0.4335000E-01  0.2526165E-02
  0.4340000E-01  0.3221405E-02
  0.4345000E-01  0.3755373E-02
  0.4350000E-01  0.4688667E-02
  0.4355000E-01  0.5983716E-02
  0.4360000E-01  0.7955632E-02
  0.4365000E-01  0.9294208E-02
  0.4370000E-01  0.9304093E-02
  0.4375000E-01  0.8991629E-02
  0.4380000E-01  0.8520183E-02
  0.4385000E-01  0.7509222E-02
  0.4390000E-01  0.6204284E-02
  0.4395000E-01  0.5299753E-02
  0.4400000E-01  0.4916701E-02
  0.4405000E-01  0.4365764E-02
  0.4410000E-01  0.3405019E-02
  0.4415000E-01  0.2038457E-02
  0.4420000E-01  0.1175410E-03
  0.4425000E-01 -0.1527841E-02
  0.4430000E-01 -0.1855212E-02
  0.4435000E-01 -0.9513007E-03
  0.4440000E-01 -0.2156527E-03
  0.4445000E-01 -0.4721912E-03
  0.4450000E-01 -0.1106948E-02
  0.4455000E-01 -0.2081105E-02
  0.4460000E-01 -0.2454077E-02
  0.4465000E-01 -0.2544684E-02
  0.4470000E-01 -0.3813728E-02
  0.4475000E-01 -0.1812143E-02
  0.4480000E-01  0.3996976E-03
  0.4485000E-01  0.2321648E-02
  0.4490000E-01  0.2838627E-02
  0.4495000E-01  0.2792847E-02
  0.4500000E-01  0.3219086E-02
  0.4505000E-01  0.3092408E-02
  0.4510000E-01  0.2461495E-02
  0.4515000E-01  0.1950465E-02
  0.4520000E-01  0.1674715E-02
  0.4525000E-01  0.7865364E-03
  0.4530000E-01 -0.9136126E-03
  0.4535000E-01 -0.3147132E-02
  0.4540000E-01 -0.4598355E-02
  0.4545000E-01 -0.5780376E-02
  0.4550000E-01 -0.5454315E-02
  0.4555000E-01 -0.4357694E-02
  0.4560000E-01 -0.3197318E-02
  0.4565000E-01 -0.2415034E-02
  0.4570000E-01 -0.8791724E-03
  0.4575000E-01  0.2340795E-03
  0.4580000E-01  0.3617611E-03
  0.4585000E-01  0.1052512E-02
  0.4590000E-01  0.2175438E-02
  0.4595000E-01  0.3180186E-02
  0.4600000E-01  0.3451276E-02
  0.4605000E-01  0.3024294E-02
  0.4610000E-01  0.2316384E-02
  0.4615000E-01  0.9458632E-03
  0.4620000E-01 -0.7089852E-04
  0.4625000E-01  0.3518024E-04
  0.4630000E-01 -0.3851564E-03
  0.4635000E-01 -0.1424416E-02
  0.4640000E-01 -0.1817273E-02
  0.4645000E-01 -0.9204389E-03
  0.4650000E-01 -0.1580418E-03
  0.4655000E-01 -0.7572891E-03
  0.4660000E-01 -0.3805724E-03
  0.4665000E-01  0.7070207E-03
  0.4670000E-01  0.1445956E-02
  0.4675000E-01  0.1352277E-02
  0.4680000E-01 -0.2299556E-03
  0.4685000E-01 -0.2052482E-02
  0.4690000E-01 -0.1975714E-02
  0.4695000E-01 -0.7373372E-03
  0.4700000E-01 -0.8284457E-03
  0.4705000E-01 -0.1157463E-02
  0.4710000E-01 -0.1726788E-02
  0.4715000E-01 -0.1700709E-02
  0.4720000E-01 -0.5915765E-03
  0.4725000E-01  0.7517774E-03
  0.4730000E-01  0.1259049E-02
  0.4735000E-01  0.9041281E-03
  0.4740000E-01  0.4971236E-04
  0.4745000E-01 -0.1583410E-02
  0.4750000E-01 -0.2441588E-02
  0.4755000E-01 -0.2515363E-02
  0.4760000E-01 -0.2197311E-02
  0.4765000E-01 -0.2194671E-02
  0.4770000E-01 -0.3125427E-02
  0.4775000E-01 -0.4439248E-02
  0.4780000E-01 -0.5679641E-02
  0.4785000E-01 -0.5686838E-02
  0.4790000E-01 -0.3933340E-02
  0.4795000E-01 -0.1694761E-02
  0.4800000E-01  0.4970665E-03
  0.4805000E-01  0.2348991E-02
  0.4810000E-01  0.2657839E-02
  0.4815000E-01  0.1550593E-02
  0.4820000E-01  0.8893773E-03
  0.4825000E-01  0.8510409E-03
  0.4830000E-01  0.1162960E-02
  0.4835000E-01  0.6855231E-03
  0.4840000E-01  0.2351624E-03
  0.4845000E-01  0.3793927E-03
  0.4850000E-01  0.1343655E-03
  0.4855000E-01 -0.2483069E-03
  0.4860000E-01 -0.5755048E-03
  0.4865000E-01  0.1700101E-03
  0.4870000E-01  0.1918533E-02
  0.4875000E-01  0.2899627E-02
  0.4880000E-01  0.3016371E-02
  0.4885000E-01  0.3120374E-02
  0.4890000E-01  0.2183391E-02
  0.4895000E-01  0.3764518E-03
  0.4900000E-01 -0.4965381E-03
  0.4905000E-01 -0.4829714E-03
  0.4910000E-01 -0.6837290E-03
  0.4915000E-01 -0.3126348E-03
  0.4920000E-01  0.1092485E-02
  0.4925000E-01  0.2270012E-03
  0.4930000E-01 -0.9484114E-03
  0.4935000E-01 -0.2680838E-02
  0.4940000E-01 -0.3258818E-02
  0.4945000E-01 -0.1964253E-02
  0.4950000E-01 -0.5586934E-03
  0.4955000E-01 -0.5499756E-03
  0.4960000E-01 -0.3875859E-03
  0.4965000E-01 -0.1010304E-02
  0.4970000E-01 -0.1331295E-02
  0.4975000E-01 -0.8090045E-03
  0.4980000E-01 -0.8304476E-03
  0.4985000E-01  0.1273959E-02
  0.4990000E-01  0.3104267E-02
  0.4995000E-01  0.3784947E-02
  0.5000000E-01  0.2722302E-02
  0.5005000E-01  0.9865428E-03
  0.5010000E-01  0.5539311E-04
  0.5015000E-01 -0.6282043E-03
  0.5020000E-01 -0.6683552E-04
  0.5025000E-01  0.1012794E-02
  0.5030000E-01  0.1833232E-02
  0.5035000E-01  0.2484609E-02
  0.5040000E-01  0.3063764E-02
  0.5045000E-01  0.2935566E-02
  0.5050000E-01  0.2741220E-02
  0.5055000E-01  0.2354395E-02
  0.5060000E-01  0.2171347E-02
  0.5065000E-01  0.2199720E-02
  0.5070000E-01  0.2315087E-02
  0.5075000E-01  0.2684759E-02
  0.5080000E-01  0.2798156E-02
  0.5085000E-01  0.2046092E-02
  0.5090000E-01  0.9780637E-03
  0.5095000E-01  0.2821970E-03
  0.5100000E-01 -0.1722516E-04
  0.5105000E-01 -0.9261263E-03
  0.5110000E-01 -0.2076266E-02
  0.5115000E-01 -0.3741460E-02
  0.5120000E-01 -0.5635974E-02
  0.5125000E-01 -0.5448618E-02
  0.5130000E-01 -0.3231675E-02
  0.5135000E-01 -0.1753829E-02
  0.5140000E-01 -0.8483756E-03
  0.5145000E-01 -0.6997082E-03
  0.5150000E-01 -0.8664276E-03
  0.5155000E-01 -0.8580199E-03
  0.5160000E-01 -0.1070828E-02
  0.5165000E-01 -0.7947463E-03
  0.5170000E-01 -0.5691435E-03
  0.5175000E-01 -0.8262181E-03
  0.5180000E-01 -0.7104213E-03
  0.5185000E-01  0.1827237E-03
  0.5190000E-01  0.1615849E-02
  0.5195000E-01  0.2680929E-02
  0.5200000E-01  0.2495850E-02
  0.5205000E-01  0.1671466E-02
  0.5210000E-01  0.1678077E-02
  0.5215000E-01  0.1258561E-02
  0.5220000E-01  0.6511647E-04
  0.5225000E-01  0.2282859E-05
  0.5230000E-01  0.1178315E-02
  0.5235000E-01  0.1948603E-02
  0.5240000E-01  0.2080771E-02
  0.5245000E-01  0.2990204E-02
  0.5250000E-01  0.4819193E-02
  0.5255000E-01  0.6139789E-02
  0.5260000E-01  0.5955341E-02
  0.5265000E-01  0.5297940E-02
  0.5270000E-01  0.4075383E-02
  0.5275000E-01  0.3303340E-02
  0.5280000E-01  0.2327829E-02
  0.5285000E-01  0.6722628E-03
  0.5290000E-01 -0.1254124E-02
  0.5295000E-01 -0.8443477E-03
  0.5300000E-01 -0.6948264E-03
  0.5305000E-01 -0.7503486E-03
  0.5310000E-01  0.1529297E-03
  0.5315000E-01  0.1777211E-02
  0.5320000E-01  0.2783236E-02
  0.5325000E-01  0.3032070E-02
  0.5330000E-01  0.2794138E-02
  0.5335000E-01  0.2187338E-02
  0.5340000E-01  0.1288641E-02
  0.5345000E-01  0.8395280E-03
  0.5350000E-01 -0.1044269E-02
  0.5355000E-01 -0.3318181E-02
  0.5360000E-01 -0.5440043E-02
  0.5365000E-01 -0.6926583E-02
  0.5370000E-01 -0.7565580E-02
  0.5375000E-01 -0.7248787E-02
  0.5380000E-01 -0.5753276E-02
  0.5385000E-01 -0.3956983E-02
  0.5390000E-01 -0.2009796E-02
  0.5395000E-01 -0.1585886E-03
  0.5400000E-01  0.4687838E-03
  0.5405000E-01 -0.5255045E-03
  0.5410000E-01 -0.1732118E-02
  0.5415000E-01 -0.1562083E-02
  0.5420000E-01 -0.1907703E-02
  0.5425000E-01 -0.2720111E-02
  0.5430000E-01 -0.3631989E-02
  0.5435000E-01 -0.3534775E-02
  0.5440000E-01 -0.3599682E-02
  0.5445000E-01 -0.2626637E-02
  0.5450000E-01 -0.7865957E-03
  0.5455000E-01  0.9906111E-03
  0.5460000E-01  0.2636900E-02
  0.5465000E-01  0.2252122E-02
  0.5470000E-01  0.1017160E-02
  0.5475000E-01  0.6269886E-03
  0.5480000E-01  0.1730366E-02
  0.5485000E-01  0.3821995E-02
  0.5490000E-01  0.6841253E-02
  0.5495000E-01  0.9165952E-02
  0.5500000E-01  0.9891701E-02
  0.5505000E-01  0.8579489E-02
  0.5510000E-01  0.6139636E-02
  0.5515000E-01  0.4257626E-02
  0.5520000E-01  0.3241569E-02
  0.5525000E-01  0.3207638E-02
  0.5530000E-01  0.2655530E-02
  0.5535000E-01  0.1762144E-02
  0.5540000E-01  0.1197807E-02
  0.5545000E-01  0.8283560E-03
  0.5550000E-01 -0.2244189E-03
  0.5555000E-01 -0.7032087E-03
  0.5560000E-01 -0.5319914E-03
  0.5565000E-01 -0.8448739E-03
  0.5570000E-01 -0.1605178E-02
  0.5575000E-01 -0.3109829E-02
  0.5580000E-01 -0.3858148E-02
  0.5585000E-01 -0.4599213E-02
  0.5590000E-01 -0.5266486E-02
  0.5595000E-01 -0.5574140E-02
  0.5600000E-01 -0.5576434E-02
  0.5605000E-01 -0.4869422E-02
  0.5610000E-01 -0.4317355E-02
  0.5615000E-01 -0.4251340E-02
  0.5620000E-01 -0.3812489E-02
  0.5625000E-01 -0.3320343E-02
  0.5630000E-01 -0.3461881E-02
  0.5635000E-01 -0.2945719E-02
  0.5640000E-01 -0.2366185E-02
  0.5645000E-01 -0.1247311E-02
  0.5650000E-01  0.5901611E-03
  0.5655000E-01  0.3168232E-02
  0.5660000E-01  0.5450848E-02
  0.5665000E-01  0.6528870E-02
  0.5670000E-01  0.6011915E-02
  0.5675000E-01  0.4717981E-02
  0.5680000E-01  0.3768686E-02
  0.5685000E-01  0.2647317E-02
  0.5690000E-01  0.1268489E-02
  0.5695000E-01  0.6964478E-03
  0.5700000E-01  0.1669644E-02
  0.5705000E-01  0.2433879E-02
  0.5710000E-01  0.1786866E-02
  0.5715000E-01  0.5178926E-03
  0.5720000E-01 -0.1277071E-02
  0.5725000E-01 -0.3368575E-02
  0.5730000E-01 -0.4748631E-02
  0.5735000E-01 -0.5059411E-02
  0.5740000E-01 -0.4995526E-02
  0.5745000E-01 -0.4083899E-02
  0.5750000E-01 -0.2891545E-02
  0.5755000E-01 -0.2341058E-02
  0.5760000E-01 -0.2417227E-02
  0.5765000E-01 -0.2529748E-02
  0.5770000E-01 -0.2275668E-02
  0.5775000E-01 -0.2425510E-02
  0.5780000E-01 -0.3074590E-02
  0.5785000E-01 -0.4065583E-02
  0.5790000E-01 -0.4418207E-02
  0.5795000E-01 -0.3604893E-02
  0.5800000E-01 -0.2402806E-02
  0.5805000E-01 -0.1203041E-02
  0.5810000E-01 -0.9531022E-03
  0.5815000E-01 -0.1130159E-02
  0.5820000E-01 -0.3794664E-03
  0.5825000E-01  0.1090554E-02
  0.5830000E-01  0.3067715E-02
  0.5835000E-01  0.4672051E-02
  0.5840000E-01  0.5232302E-02
  0.5845000E-01  0.5165730E-02
  0.5850000E-01  0.4842103E-02
  0.5855000E-01  0.4946461E-02
  0.5860000E-01  0.5372990E-02
  0.5865000E-01  0.5517670E-02
  0.5870000E-01  0.4973024E-02
  0.5875000E-01  0.4990695E-02
  0.5880000E-01  0.4184101E-02
  0.5885000E-01  0.3651555E-02
  0.5890000E-01  0.3266008E-02
  0.5895000E-01  0.3293037E-02
  0.5900000E-01  0.3529291E-02
  0.5905000E-01  0.3252981E-02
  0.5910000E-01  0.2868596E-02
  0.5915000E-01  0.2152379E-02
  0.5920000E-01  0.1289977E-02
  0.5925000E-01  0.6853095E-03
  0.5930000E-01  0.8014623E-03
  0.5935000E-01  0.1786870E-02
  0.5940000E-01  0.2498956E-02
  0.5945000E-01  0.2586579E-02
  0.5950000E-01  0.2166222E-02
  0.5955000E-01  0.1530781E-02
  0.5960000E-01  0.1962481E-02
  0.5965000E-01  0.2377131E-02
  0.5970000E-01  0.2276236E-02
  0.5975000E-01  0.2139909E-02
  0.5980000E-01  0.2369269E-02
  0.5985000E-01  0.3102443E-02
  0.5990000E-01  0.3354521E-02
  0.5995000E-01  0.3153396E-02
  0.6000000E-01  0.3382416E-02
  0.6005000E-01  0.3191897E-02
  0.6010000E-01  0.1691293E-02
  0.6015000E-01  0.5008634E-03
  0.6020000E-01 -0.3886382E-03
  0.6025000E-01 -0.2960925E-03
  0.6030000E-01  0.5265523E-03
  0.6035000E-01  0.1624756E-02
  0.6040000E-01  0.1566166E-02
  0.6045000E-01  0.1147100E-02
  0.6050000E-01  0.8178818E-03
  0.6055000E-01 -0.5698619E-04
  0.6060000E-01  0.4043480E-03
  0.6065000E-01  0.1281793E-02
  0.6070000E-01  0.1055903E-02
  0.6075000E-01  0.5384925E-03
  0.6080000E-01 -0.4434614E-03
  0.6085000E-01 -0.3228408E-03
  0.6090000E-01  0.6663508E-03
  0.6095000E-01 -0.6612562E-04
  0.6100000E-01 -0.2093711E-02
  0.6105000E-01 -0.3889947E-02
  0.6110000E-01 -0.4070855E-02
  0.6115000E-01 -0.2830466E-02
  0.6120000E-01 -0.1036193E-02
  0.6125000E-01  0.7201987E-03
  0.6130000E-01  0.1958916E-02
  0.6135000E-01  0.1764144E-02
  0.6140000E-01  0.5026139E-03
  0.6145000E-01 -0.8284076E-03
  0.6150000E-01 -0.2965927E-02
  0.6155000E-01 -0.2976372E-02
  0.6160000E-01 -0.2477694E-02
  0.6165000E-01 -0.2069856E-02
  0.6170000E-01 -0.1392183E-02
  0.6175000E-01 -0.1475282E-02
  0.6180000E-01 -0.2088870E-02
  0.6185000E-01 -0.1908748E-02
  0.6190000E-01 -0.1137812E-02
  0.6195000E-01 -0.3534040E-03
  0.6200000E-01 -0.3381317E-03
  0.6205000E-01 -0.1070909E-02
  0.6210000E-01 -0.2051622E-02
  0.6215000E-01 -0.2120884E-02
  0.6220000E-01 -0.1364890E-02
  0.6225000E-01 -0.8314834E-03
  0.6230000E-01 -0.2207220E-02
  0.6235000E-01 -0.4418505E-02
  0.6240000E-01 -0.5285424E-02
  0.6245000E-01 -0.4618621E-02
  0.6250000E-01 -0.3123754E-02
  0.6255000E-01 -0.3265886E-02
  0.6260000E-01 -0.3963499E-02
  0.6265000E-01 -0.4632351E-02
  0.6270000E-01 -0.5214432E-02
  0.6275000E-01 -0.4779440E-02
  0.6280000E-01 -0.2015524E-02
  0.6285000E-01  0.3217110E-03
  0.6290000E-01  0.7298244E-03
  0.6295000E-01  0.9205872E-03
  0.6300000E-01  0.2150367E-02
  0.6305000E-01  0.3305614E-02
  0.6310000E-01  0.4480783E-02
  0.6315000E-01  0.5090566E-02
  0.6320000E-01  0.5203294E-02
  0.6325000E-01  0.5698017E-02
  0.6330000E-01  0.5721670E-02
  0.6335000E-01  0.6370334E-02
  0.6340000E-01  0.7329306E-02
  0.6345000E-01  0.7093007E-02
  0.6350000E-01  0.6841141E-02
  0.6355000E-01  0.5030382E-02
  0.6360000E-01  0.6875858E-03
  0.6365000E-01 -0.3485237E-02
  0.6370000E-01 -0.6945489E-02
  0.6375000E-01 -0.7467378E-02
  0.6380000E-01 -0.6141895E-02
  0.6385000E-01 -0.3292692E-02
  0.6390000E-01 -0.1613531E-02
  0.6395000E-01 -0.2766512E-02
  0.6400000E-01 -0.4318777E-02
  0.6405000E-01 -0.3412266E-02
  0.6410000E-01 -0.9640552E-03
  0.6415000E-01  0.1711382E-02
  0.6420000E-01  0.3613460E-02
  0.6425000E-01  0.4057578E-02
  0.6430000E-01  0.3068372E-02
  0.6435000E-01  0.2075642E-02
  0.6440000E-01  0.1153040E-02
  0.6445000E-01  0.2615738E-03
  0.6450000E-01  0.2691471E-04
  0.6455000E-01 -0.5750512E-04
  0.6460000E-01  0.2008175E-03
  0.6465000E-01  0.1976966E-02
  0.6470000E-01  0.4415315E-02
  0.6475000E-01  0.4565428E-02
  0.6480000E-01  0.3421318E-02
  0.6485000E-01  0.1395952E-02
  0.6490000E-01 -0.4827393E-03
  0.6495000E-01 -0.1483715E-02
  0.6500000E-01 -0.1897831E-02
  0.6505000E-01 -0.2159666E-02
  0.6510000E-01 -0.2055148E-02
  0.6515000E-01 -0.1892115E-02
  0.6520000E-01 -0.2304102E-02
  0.6525000E-01 -0.4062287E-02
  0.6530000E-01 -0.5651051E-02
  0.6535000E-01 -0.5847964E-02
  0.6540000E-01 -0.5771482E-02
  0.6545000E-01 -0.4778519E-02
  0.6550000E-01 -0.3476130E-02
  0.6555000E-01 -0.2065360E-02
  0.6560000E-01 -0.1403526E-02
  0.6565000E-01 -0.1068675E-02
  0.6570000E-01  0.4146668E-04
  0.6575000E-01  0.1159640E-02
  0.6580000E-01  0.2394359E-02
  0.6585000E-01  0.3034362E-02
  0.6590000E-01  0.2608328E-02
  0.6595000E-01  0.2603911E-02
  0.6600000E-01  0.3917114E-02
  0.6605000E-01  0.5412827E-02
  0.6610000E-01  0.5984697E-02
  0.6615000E-01  0.5948666E-02
  0.6620000E-01  0.5935005E-02
  0.6625000E-01  0.5994723E-02
  0.6630000E-01  0.5310967E-02
  0.6635000E-01  0.4369987E-02
  0.6640000E-01  0.4106708E-02
  0.6645000E-01  0.3505488E-02
  0.6650000E-01  0.2290239E-02
  0.6655000E-01  0.2191285E-02
  0.6660000E-01  0.2046786E-02
  0.6665000E-01  0.2704437E-02
  0.6670000E-01  0.4436087E-02
  0.6675000E-01  0.5635824E-02
  0.6680000E-01  0.4433498E-02
  0.6685000E-01  0.2539365E-02
  0.6690000E-01  0.1907621E-02
  0.6695000E-01  0.2466377E-02
  0.6700000E-01  0.2498339E-02
  0.6705000E-01  0.3210187E-02
  0.6710000E-01  0.4038353E-02
  0.6715000E-01  0.3706517E-02
  0.6720000E-01  0.1704167E-02
  0.6725000E-01 -0.7452570E-03
  0.6730000E-01 -0.2593750E-02
  0.6735000E-01 -0.2843496E-02
  0.6740000E-01 -0.2027819E-02
  0.6745000E-01 -0.3435733E-03
  0.6750000E-01  0.8953192E-03
  0.6755000E-01  0.1644738E-02
  0.6760000E-01  0.1567334E-02
  0.6765000E-01  0.2096289E-02
  0.6770000E-01  0.3168089E-02
  0.6775000E-01  0.3746156E-02
  0.6780000E-01  0.2858534E-02
  0.6785000E-01  0.1535558E-02
  0.6790000E-01  0.4952833E-03
  0.6795000E-01 -0.7323755E-04
  0.6800000E-01 -0.1754008E-02
  0.6805000E-01 -0.4014259E-02
  0.6810000E-01 -0.4043491E-02
  0.6815000E-01 -0.1930373E-02
  0.6820000E-01 -0.8540038E-03
  0.6825000E-01 -0.1199700E-02
  0.6830000E-01 -0.1831544E-03
  0.6835000E-01  0.6548280E-03
  0.6840000E-01  0.1016092E-02
  0.6845000E-01  0.8870800E-03
  0.6850000E-01  0.6380765E-03
  0.6855000E-01  0.1042779E-03
  0.6860000E-01  0.2687932E-03
  0.6865000E-01  0.4179408E-03
  0.6870000E-01 -0.7438010E-04
  0.6875000E-01 -0.1714257E-02
  0.6880000E-01 -0.3095862E-02
  0.6885000E-01 -0.4250944E-02
  0.6890000E-01 -0.4136568E-02
  0.6895000E-01 -0.1631274E-02
  0.6900000E-01  0.7160820E-03
  0.6905000E-01  0.2309657E-02
  0.6910000E-01  0.2968748E-02
  0.6915000E-01  0.3847672E-02
  0.6920000E-01  0.5513113E-02
  0.6925000E-01  0.6352715E-02
  0.6930000E-01  0.5731145E-02
  0.6935000E-01  0.5622142E-02
  0.6940000E-01  0.4787415E-02
  0.6945000E-01  0.3314401E-02
  0.6950000E-01  0.3338258E-02
  0.6955000E-01  0.4119588E-02
  0.6960000E-01  0.4308306E-02
  0.6965000E-01  0.4383172E-02
  0.6970000E-01  0.3632905E-02
  0.6975000E-01  0.1749126E-02
  0.6980000E-01  0.1788834E-03
  0.6985000E-01 -0.7348087E-03
  0.6990000E-01 -0.8702841E-03
  0.6995000E-01 -0.6430721E-03
  0.7000000E-01 -0.2623918E-02
  0.7005000E-01 -0.5417084E-02
  0.7010000E-01 -0.8047942E-02
  0.7015000E-01 -0.1024273E-01
  0.7020000E-01 -0.1096616E-01
  0.7025000E-01 -0.8892699E-02
  0.7030000E-01 -0.5932152E-02
  0.7035000E-01 -0.2992428E-02
  0.7040000E-01 -0.1013581E-02
  0.7045000E-01 -0.6039499E-03
  0.7050000E-01  0.1215753E-03
  0.7055000E-01  0.7848405E-03
  0.7060000E-01  0.2338620E-02
  0.7065000E-01  0.3290072E-02
  0.7070000E-01  0.2786122E-02
  0.7075000E-01  0.1199672E-02
  0.7080000E-01 -0.8336968E-03
  0.7085000E-01 -0.2740423E-02
  0.7090000E-01 -0.5064489E-02
  0.7095000E-01 -0.6997390E-02
  0.7100000E-01 -0.7679262E-02
  0.7105000E-01 -0.6887245E-02
  0.7110000E-01 -0.5167253E-02
  0.7115000E-01 -0.3188261E-02
  0.7120000E-01  0.1328605E-03
  0.7125000E-01  0.2793117E-02
  0.7130000E-01  0.4091756E-02
  0.7135000E-01  0.5001310E-02
  0.7140000E-01  0.5005192E-02
  0.7145000E-01  0.2791115E-02
  0.7150000E-01  0.1159303E-02
  0.7155000E-01  0.2724062E-03
  0.7160000E-01  0.2117793E-03
  0.7165000E-01  0.2755305E-02
  0.7170000E-01  0.6092368E-02
  0.7175000E-01  0.8102357E-02
  0.7180000E-01  0.1014566E-01
  0.7185000E-01  0.1013951E-01
  0.7190000E-01  0.9111251E-02
  0.7195000E-01  0.7303064E-02
  0.7200000E-01  0.6596433E-02
  0.7205000E-01  0.5931535E-02
  0.7210000E-01  0.4648806E-02
  0.7215000E-01  0.5995421E-02
  0.7220000E-01  0.6094459E-02
  0.7225000E-01  0.6611163E-02
  0.7230000E-01  0.8449875E-02
  0.7235000E-01  0.7589375E-02
  0.7240000E-01  0.4826920E-02
  0.7245000E-01  0.8897201E-03
  0.7250000E-01 -0.3574895E-02
  0.7255000E-01 -0.7274101E-02
  0.7260000E-01 -0.9814688E-02
  0.7265000E-01 -0.8903527E-02
  0.7270000E-01 -0.5783027E-02
  0.7275000E-01 -0.4031189E-02
  0.7280000E-01 -0.1565486E-02
  0.7285000E-01 -0.1101736E-03
  0.7290000E-01  0.6383794E-03
  0.7295000E-01  0.3960262E-03
  0.7300000E-01  0.5108133E-04
  0.7305000E-01 -0.1228212E-02
  0.7310000E-01 -0.2661234E-02
  0.7315000E-01 -0.2491945E-02
  0.7320000E-01  0.7329460E-03
  0.7325000E-01  0.5138868E-02
  0.7330000E-01  0.9037995E-02
  0.7335000E-01  0.1095420E-01
  0.7340000E-01  0.1193212E-01
  0.7345000E-01  0.1183864E-01
  0.7350000E-01  0.1041802E-01
  0.7355000E-01  0.7727402E-02
  0.7360000E-01  0.5628069E-02
  0.7365000E-01  0.5133997E-02
  0.7370000E-01  0.5197945E-02
  0.7375000E-01  0.3967695E-02
  0.7380000E-01  0.1468217E-02
  0.7385000E-01 -0.1337898E-02
  0.7390000E-01 -0.2195968E-02
  0.7395000E-01 -0.1336686E-02
  0.7400000E-01 -0.1362402E-02
  0.7405000E-01 -0.1736417E-02
  0.7410000E-01 -0.3754185E-02
  0.7415000E-01 -0.4409674E-02
  0.7420000E-01 -0.5283650E-02
  0.7425000E-01 -0.5772765E-02
  0.7430000E-01 -0.5152644E-02
  0.7435000E-01 -0.3975861E-02
  0.7440000E-01 -0.2785507E-02
  0.7445000E-01 -0.1820797E-02
  0.7450000E-01 -0.1396091E-02
  0.7455000E-01 -0.2644886E-02
  0.7460000E-01 -0.6113256E-02
  0.7465000E-01 -0.7163533E-02
  0.7470000E-01 -0.6357328E-02
  0.7475000E-01 -0.6162801E-02
  0.7480000E-01 -0.3420886E-02
  0.7485000E-01 -0.1653459E-02
  0.7490000E-01 -0.1309247E-02
  0.7495000E-01  0.5947672E-03
  0.7500000E-01  0.5521910E-03
  0.7505000E-01 -0.5669921E-03
  0.7510000E-01 -0.1038692E-02
  0.7515000E-01 -0.1368529E-04
  0.7520000E-01  0.2176797E-02
  0.7525000E-01  0.3652983E-02
  0.7530000E-01  0.4002490E-02
  0.7535000E-01  0.3887487E-02
  0.7540000E-01  0.3140047E-02
  0.7545000E-01  0.7837655E-03
  0.7550000E-01 -0.2070591E-02
  0.7555000E-01 -0.5042137E-02
  0.7560000E-01 -0.4133737E-02
  0.7565000E-01 -0.2527320E-03
  0.7570000E-01  0.2665536E-02
  0.7575000E-01  0.2221623E-02
  0.7580000E-01 -0.7848037E-03
  0.7585000E-01 -0.4136617E-02
  0.7590000E-01 -0.7273811E-02
  0.7595000E-01 -0.7329661E-02
  0.7600000E-01 -0.6583239E-02
  0.7605000E-01 -0.3799274E-02
  0.7610000E-01 -0.1707803E-02
  0.7615000E-01 -0.6395600E-03
  0.7620000E-01  0.1031939E-03
  0.7625000E-01  0.1531099E-02
  0.7630000E-01  0.2546303E-02
  0.7635000E-01  0.1044104E-02
  0.7640000E-01 -0.1789386E-02
  0.7645000E-01 -0.2249768E-03
  0.7650000E-01  0.3043909E-02
  0.7655000E-01  0.4161776E-02
  0.7660000E-01  0.6849838E-02
  0.7665000E-01  0.1018292E-01
  0.7670000E-01  0.1178683E-01
  0.7675000E-01  0.1315763E-01
  0.7680000E-01  0.1136822E-01
  0.7685000E-01  0.9290667E-02
  0.7690000E-01  0.6662816E-02
  0.7695000E-01  0.4417695E-02
  0.7700000E-01  0.2380936E-02
  0.7705000E-01  0.1368870E-02
  0.7710000E-01 -0.6060994E-03
  0.7715000E-01 -0.2852695E-02
  0.7720000E-01 -0.3444274E-02
  0.7725000E-01 -0.1241429E-02
  0.7730000E-01  0.1702344E-02
  0.7735000E-01  0.2394259E-02
  0.7740000E-01  0.4140190E-02
  0.7745000E-01  0.7247518E-02
  0.7750000E-01  0.9230198E-02
  0.7755000E-01  0.8705946E-02
  0.7760000E-01  0.7721742E-02
  0.7765000E-01  0.8904841E-02
  0.7770000E-01  0.9299606E-02
  0.7775000E-01  0.5845614E-02
  0.7780000E-01  0.1675364E-02
  0.7785000E-01 -0.1768659E-02
  0.7790000E-01 -0.3890952E-02
  0.7795000E-01 -0.3999716E-02
  0.7800000E-01 -0.3875805E-02
  0.7805000E-01 -0.3805397E-02
  0.7810000E-01 -0.5330989E-02
  0.7815000E-01 -0.7205982E-02
  0.7820000E-01 -0.8755573E-02
  0.7825000E-01 -0.6365839E-02
  0.7830000E-01 -0.3507911E-02
  0.7835000E-01 -0.3134667E-02
  0.7840000E-01 -0.4214811E-02
  0.7845000E-01 -0.6032479E-02
  0.7850000E-01 -0.5974500E-02
  0.7855000E-01 -0.3992341E-02
  0.7860000E-01 -0.1112144E-02
  0.7865000E-01 -0.5733603E-03
  0.7870000E-01 -0.2038048E-02
  0.7875000E-01 -0.5462205E-02
  0.7880000E-01 -0.1053009E-01
  0.7885000E-01 -0.1187345E-01
  0.7890000E-01 -0.7787255E-02
  0.7895000E-01 -0.1422006E-02
  0.7900000E-01  0.2736375E-02
  0.7905000E-01  0.5759695E-02
  0.7910000E-01  0.6787852E-02
  0.7915000E-01  0.5650244E-02
  0.7920000E-01  0.3556201E-02
  0.7925000E-01  0.1325117E-02
  0.7930000E-01  0.1716858E-02
  0.7935000E-01  0.2432415E-02
  0.7940000E-01  0.4002030E-02
  0.7945000E-01  0.5748030E-02
  0.7950000E-01  0.6097345E-02
  0.7955000E-01  0.5656167E-02
  0.7960000E-01  0.5882399E-02
  0.7965000E-01  0.7891506E-02
  0.7970000E-01  0.1209611E-01
  0.7975000E-01  0.1797834E-01
  0.7980000E-01  0.2239278E-01
  0.7985000E-01  0.2150159E-01
  0.7990000E-01  0.1686323E-01
  0.7995000E-01  0.1254264E-01
  0.8000000E-01  0.1006758E-01
  0.8005000E-01  0.8117839E-02
  0.8010000E-01  0.6992076E-02
  0.8015000E-01  0.6424793E-02
  0.8020000E-01  0.5202345E-02
  0.8025000E-01  0.2172651E-02
  0.8030000E-01  0.1720317E-02
  0.8035000E-01  0.4914151E-02
  0.8040000E-01  0.7006602E-02
  0.8045000E-01  0.6689130E-02
  0.8050000E-01  0.7738132E-02
  0.8055000E-01  0.9565966E-02
  0.8060000E-01  0.1089671E-01
  0.8065000E-01  0.1016403E-01
  0.8070000E-01  0.4781975E-02
  0.8075000E-01 -0.2877719E-02
  0.8080000E-01 -0.7900876E-02
  0.8085000E-01 -0.1022299E-01
  0.8090000E-01 -0.1245501E-01
  0.8095000E-01 -0.1355613E-01
  0.8100000E-01 -0.1379732E-01
  0.8105000E-01 -0.1194373E-01
  0.8110000E-01 -0.9854370E-02
  0.8115000E-01 -0.7471517E-02
  0.8120000E-01 -0.5262451E-02
  0.8125000E-01 -0.5368490E-02
  0.8130000E-01 -0.6151118E-02
  0.8135000E-01 -0.5220145E-02
  0.8140000E-01 -0.2281491E-02
  0.8145000E-01 -0.3072303E-02
  0.8150000E-01 -0.3331714E-02
  0.8155000E-01 -0.8628843E-03
  0.8160000E-01  0.9718192E-03
  0.8165000E-01  0.1117237E-02
  0.8170000E-01  0.2619414E-02
  0.8175000E-01  0.7420162E-02
  0.8180000E-01  0.1007977E-01
  0.8185000E-01  0.9511791E-02
  0.8190000E-01  0.6936261E-02
  0.8195000E-01  0.5499987E-02
  0.8200000E-01  0.5391099E-02
  0.8205000E-01  0.5805728E-02
  0.8210000E-01  0.4377563E-02
  0.8215000E-01  0.1753171E-03
  0.8220000E-01 -0.3065772E-02
  0.8225000E-01 -0.5454096E-02
  0.8230000E-01 -0.6208502E-02
  0.8235000E-01 -0.7292081E-02
  0.8240000E-01 -0.7557638E-02
  0.8245000E-01 -0.7391291E-02
  0.8250000E-01 -0.8768018E-02
  0.8255000E-01 -0.9388009E-02
  0.8260000E-01 -0.1015365E-01
  0.8265000E-01 -0.9309567E-02
  0.8270000E-01 -0.3173172E-02
  0.8275000E-01  0.6197357E-02
  0.8280000E-01  0.1217542E-01
  0.8285000E-01  0.1554995E-01
  0.8290000E-01  0.1438105E-01
  0.8295000E-01  0.9286277E-02
  0.8300000E-01  0.5437462E-02
  0.8305000E-01  0.1574057E-02
  0.8310000E-01 -0.5251925E-02
  0.8315000E-01 -0.6276169E-02
  0.8320000E-01 -0.1705540E-02
  0.8325000E-01 -0.5349020E-03
  0.8330000E-01 -0.2595798E-02
  0.8335000E-01 -0.3737309E-02
  0.8340000E-01 -0.4847323E-02
  0.8345000E-01 -0.3982773E-02
  0.8350000E-01 -0.4715817E-04
  0.8355000E-01  0.1808584E-02
  0.8360000E-01 -0.1547206E-02
  0.8365000E-01 -0.1951744E-02
  0.8370000E-01 -0.2181171E-02
  0.8375000E-01 -0.4688427E-02
  0.8380000E-01 -0.5632521E-02
  0.8385000E-01 -0.4025086E-02
  0.8390000E-01 -0.3552800E-02
  0.8395000E-01 -0.5395263E-02
  0.8400000E-01 -0.3951314E-02
  0.8405000E-01 -0.4036102E-02
  0.8410000E-01 -0.3662187E-02
  0.8415000E-01  0.9356317E-03
  0.8420000E-01  0.5436006E-02
  0.8425000E-01  0.5746456E-02
  0.8430000E-01  0.6824834E-02
  0.8435000E-01  0.8637615E-02
  0.8440000E-01  0.1055583E-01
  0.8445000E-01  0.1324473E-01
  0.8450000E-01  0.9173764E-02
  0.8455000E-01  0.9191633E-02
  0.8460000E-01  0.9105531E-02
  0.8465000E-01  0.6280528E-02
  0.8470000E-01  0.2646298E-02
  0.8475000E-01  0.3635639E-02
  0.8480000E-01  0.5741489E-02
  0.8485000E-01  0.3128306E-02
  0.8490000E-01  0.3045316E-04
  0.8495000E-01 -0.3726869E-02
  0.8500000E-01 -0.5237711E-02
  0.8505000E-01 -0.4828577E-02
  0.8510000E-01 -0.7578501E-02
  0.8515000E-01 -0.9490790E-02
  0.8520000E-01 -0.7103125E-02
  0.8525000E-01 -0.3599490E-02
  0.8530000E-01 -0.5203040E-03
  0.8535000E-01  0.6211937E-02
  0.8540000E-01  0.1046127E-01
  0.8545000E-01  0.1144752E-01
  0.8550000E-01  0.1292524E-01
  0.8555000E-01  0.1147014E-01
  0.8560000E-01  0.7261454E-02
  0.8565000E-01  0.6848159E-02
  0.8570000E-01  0.8418558E-02
  0.8575000E-01  0.6850950E-02
  0.8580000E-01  0.1260370E-02
  0.8585000E-01 -0.6467478E-02
  0.8590000E-01 -0.1280314E-01
  0.8595000E-01 -0.1050857E-01
  0.8600000E-01 -0.7228758E-02
  0.8605000E-01 -0.9798089E-02
  0.8610000E-01 -0.9083187E-02
  0.8615000E-01 -0.3788070E-02
  0.8620000E-01  0.4443174E-03
  0.8625000E-01  0.4687939E-02
  0.8630000E-01  0.5764363E-02
  0.8635000E-01  0.1065189E-01
  0.8640000E-01  0.1158322E-01
  0.8645000E-01  0.3747904E-02
  0.8650000E-01 -0.2565510E-02
  0.8655000E-01 -0.3331741E-02
  0.8660000E-01 -0.4122797E-02
  0.8665000E-01 -0.1942324E-02
  0.8670000E-01  0.3376717E-02
  0.8675000E-01  0.8857234E-02
  0.8680000E-01  0.1281643E-01
  0.8685000E-01  0.1487082E-01
  0.8690000E-01  0.1771653E-01
  0.8695000E-01  0.1689523E-01
  0.8700000E-01  0.1652031E-01
  0.8705000E-01  0.1963533E-01
  0.8710000E-01  0.2053953E-01
  0.8715000E-01  0.1813254E-01
  0.8720000E-01  0.1337635E-01
  0.8725000E-01  0.7580060E-02
  0.8730000E-01  0.1135242E-02
  0.8735000E-01 -0.4060319E-02
  0.8740000E-01 -0.4722434E-02
  0.8745000E-01 -0.7405671E-02
  0.8750000E-01 -0.1206274E-01
  0.8755000E-01 -0.1193425E-01
  0.8760000E-01 -0.1105897E-01
  0.8765000E-01 -0.6414218E-02
  0.8770000E-01 -0.4492241E-02
  0.8775000E-01 -0.4126736E-02
  0.8780000E-01 -0.2036582E-02
  0.8785000E-01  0.4512408E-03
  0.8790000E-01 -0.1877831E-02
  0.8795000E-01 -0.5222635E-02
  0.8800000E-01 -0.9312477E-02
  0.8805000E-01 -0.1222318E-01
  0.8810000E-01 -0.1309910E-01
  0.8815000E-01 -0.1057278E-01
  0.8820000E-01 -0.7407845E-03
  0.8825000E-01  0.1304483E-01
  0.8830000E-01  0.2598254E-01
  0.8835000E-01  0.3037817E-01
  0.8840000E-01  0.2550805E-01
  0.8845000E-01  0.2002858E-01
  0.8850000E-01  0.1403626E-01
  0.8855000E-01  0.8777507E-02
  0.8860000E-01  0.1102967E-01
  0.8865000E-01  0.1669530E-01
  0.8870000E-01  0.1495588E-01
  0.8875000E-01  0.6221183E-02
  0.8880000E-01 -0.4714367E-02
  0.8885000E-01 -0.8814668E-02
  0.8890000E-01 -0.9830678E-02
  0.8895000E-01 -0.1224790E-01
  0.8900000E-01 -0.1303650E-01
  0.8905000E-01 -0.1631466E-01
  0.8910000E-01 -0.1426888E-01
  0.8915000E-01 -0.1126607E-01
  0.8920000E-01 -0.1038279E-01
  0.8925000E-01 -0.8499641E-02
  0.8930000E-01 -0.2210539E-02
  0.8935000E-01  0.4165237E-02
  0.8940000E-01  0.8171688E-02
  0.8945000E-01  0.1229493E-01
  0.8950000E-01  0.1119101E-01
  0.8955000E-01  0.1348738E-01
  0.8960000E-01  0.1359019E-01
  0.8965000E-01  0.1453319E-01
  0.8970000E-01  0.1625315E-01
  0.8975000E-01  0.1504743E-01
  0.8980000E-01  0.1250212E-01
  0.8985000E-01  0.8463353E-02
  0.8990000E-01  0.5846393E-02
  0.8995000E-01  0.7967131E-02
  0.9000000E-01  0.1176750E-01
  0.9005000E-01  0.8183862E-02
  0.9010000E-01  0.2872684E-02
  0.9015000E-01  0.1906133E-02
  0.9020000E-01 -0.6737929E-03
  0.9025000E-01 -0.3700343E-02
  0.9030000E-01 -0.6607166E-02
  0.9035000E-01 -0.1004048E-01
  0.9040000E-01 -0.8932640E-02
  0.9045000E-01 -0.2402272E-02
  0.9050000E-01  0.3013499E-02
  0.9055000E-01  0.7260121E-02
  0.9060000E-01  0.1112461E-01
  0.9065000E-01  0.1870167E-01
  0.9070000E-01  0.2221687E-01
  0.9075000E-01  0.2095692E-01
  0.9080000E-01  0.2469852E-01
  0.9085000E-01  0.2652326E-01
  0.9090000E-01  0.2611181E-01
  0.9095000E-01  0.2605382E-01
  0.9100000E-01  0.2062588E-01
  0.9105000E-01  0.1233567E-01
  0.9110000E-01  0.7898311E-02
  0.9115000E-01  0.5241885E-02
  0.9120000E-01  0.4358417E-02
  0.9125000E-01  0.3509961E-02
  0.9130000E-01 -0.3335369E-02
  0.9135000E-01 -0.1449504E-01
  0.9140000E-01 -0.2481291E-01
  0.9145000E-01 -0.2572730E-01
  0.9150000E-01 -0.1754997E-01
  0.9155000E-01 -0.9185058E-02
  0.9160000E-01 -0.6806545E-02
  0.9165000E-01 -0.8786537E-02
  0.9170000E-01 -0.1364472E-02
  0.9175000E-01  0.9641179E-02
  0.9180000E-01  0.1684176E-01
  0.9185000E-01  0.2637193E-01
  0.9190000E-01  0.2359327E-01
  0.9195000E-01  0.9293942E-02
  0.9200000E-01 -0.6222775E-03
  0.9205000E-01 -0.1064264E-03
  0.9210000E-01  0.1345719E-02
  0.9215000E-01 -0.3309067E-02
  0.9220000E-01 -0.1290939E-01
  0.9225000E-01 -0.1288154E-01
  0.9230000E-01 -0.1305192E-01
  0.9235000E-01 -0.8340121E-02
  0.9240000E-01 -0.2289667E-02
  0.9245000E-01  0.6041653E-02
  0.9250000E-01  0.1187755E-01
  0.9255000E-01  0.1860170E-01
  0.9260000E-01  0.1988389E-01
  0.9265000E-01  0.1132226E-01
  0.9270000E-01  0.2972022E-02
  0.9275000E-01  0.1310463E-02
  0.9280000E-01  0.2771627E-02
  0.9285000E-01  0.1655356E-01
  0.9290000E-01  0.2426680E-01
  0.9295000E-01  0.2725723E-01
  0.9300000E-01  0.2513380E-01
  0.9305000E-01  0.2464848E-01
  0.9310000E-01  0.2056456E-01
  0.9315000E-01  0.2346560E-01
  0.9320000E-01  0.3701968E-01
  0.9325000E-01  0.4946789E-01
  0.9330000E-01  0.5983726E-01
  0.9335000E-01  0.5469261E-01
  0.9340000E-01  0.4073269E-01
  0.9345000E-01  0.2826501E-01
  0.9350000E-01  0.1659631E-01
  0.9355000E-01  0.1076383E-01
  0.9360000E-01  0.1485958E-01
  0.9365000E-01  0.2141774E-01
  0.9370000E-01  0.1757525E-01
  0.9375000E-01  0.6520813E-02
  0.9380000E-01 -0.2491762E-02
  0.9385000E-01 -0.7286542E-02
  0.9390000E-01 -0.1514817E-01
  0.9395000E-01 -0.2291537E-01
  0.9400000E-01 -0.2424606E-01
  0.9405000E-01 -0.5664273E-02
  0.9410000E-01  0.1696988E-01
  0.9415000E-01  0.2750938E-01
  0.9420000E-01  0.1904571E-01
  0.9425000E-01 -0.2114535E-02
  0.9430000E-01 -0.2750544E-01
  0.9435000E-01 -0.3288915E-01
  0.9440000E-01 -0.1721287E-01
  0.9445000E-01 -0.6798087E-02
  0.9450000E-01 -0.5422159E-02
  0.9455000E-01  0.9664152E-03
  0.9460000E-01  0.4601474E-02
  0.9465000E-01  0.3820876E-02
  0.9470000E-01 -0.9118712E-03
  0.9475000E-01  0.1886060E-01
  0.9480000E-01  0.4437485E-01
  0.9485000E-01  0.6155876E-01
  0.9490000E-01  0.7034509E-01
  0.9495000E-01  0.5986649E-01
  0.9500000E-01  0.3545866E-01
  0.9505000E-01  0.2203715E-01
  0.9510000E-01  0.1416032E-01
  0.9515000E-01  0.8362280E-02
  0.9520000E-01  0.1438090E-02
  0.9525000E-01 -0.1071954E-01
  0.9530000E-01 -0.2350988E-01
  0.9535000E-01 -0.1198845E-01
  0.9540000E-01 -0.1231175E-02
  0.9545000E-01  0.1045134E-01
  0.9550000E-01  0.1963185E-01
  0.9555000E-01  0.3282633E-01
  0.9560000E-01  0.4597653E-01
  0.9565000E-01  0.6528744E-01
  0.9570000E-01  0.7494812E-01
  0.9575000E-01  0.8714979E-01
  0.9580000E-01  0.9424742E-01
  0.9585000E-01  0.9055634E-01
  0.9590000E-01  0.6972140E-01
  0.9595000E-01  0.4483147E-01
  0.9600000E-01  0.1481079E-01
  0.9605000E-01 -0.6029621E-02
  0.9610000E-01 -0.1459177E-01
  0.9615000E-01 -0.8382787E-02
  0.9620000E-01 -0.6718957E-02
  0.9625000E-01 -0.6571447E-02
  0.9630000E-01 -0.2614382E-01
  0.9635000E-01 -0.2557420E-01
  0.9640000E-01 -0.2744091E-01
  0.9645000E-01 -0.7618297E-02
  0.9650000E-01 -0.1116463E-02
  0.9655000E-01 -0.4488007E-02
  0.9660000E-01 -0.1828173E-01
  0.9665000E-01 -0.2216593E-01
  0.9670000E-01 -0.3756337E-01
  0.9675000E-01 -0.5788743E-01
  0.9680000E-01 -0.8644358E-01
  0.9685000E-01 -0.9950563E-01
  0.9690000E-01 -0.1058926E+00
  0.9695000E-01 -0.1017938E+00
  0.9700000E-01 -0.1043873E+00
  0.9705000E-01 -0.9674655E-01
  0.9710000E-01 -0.1015857E+00
  0.9715000E-01 -0.9886564E-01
  0.9720000E-01 -0.1161834E+00
  0.9725000E-01 -0.1214540E+00
  0.9730000E-01 -0.1308878E+00
  0.9735000E-01 -0.1050255E+00
  0.9740000E-01 -0.8906044E-01
  0.9745000E-01 -0.6228372E-01
  0.9750000E-01 -0.7933212E-01
  0.9755000E-01 -0.1098123E+00
  0.9760000E-01 -0.1562257E+00
  0.9765000E-01 -0.1715719E+00
  0.9770000E-01 -0.1958827E+00
  0.9775000E-01 -0.1967407E+00
  0.9780000E-01 -0.2193763E+00
  0.9785000E-01 -0.2100732E+00
  0.9790000E-01 -0.2041471E+00
  0.9795000E-01 -0.1784422E+00
  0.9800000E-01 -0.1590506E+00
  0.9805000E-01 -0.9556818E-01
  0.9810000E-01 -0.3403269E-01
  0.9815000E-01  0.7314265E-01
  0.9820000E-01  0.1896578E+00
  0.9825000E-01  0.3549953E+00
  0.9830000E-01  0.5128252E+00
  0.9835000E-01  0.7014764E+00
  0.9840000E-01  0.8550242E+00
  0.9845000E-01  0.1006612E+01
  0.9850000E-01  0.1088751E+01
  0.9855000E-01  0.1123284E+01
  0.9860000E-01  0.1035104E+01
  0.9865000E-01  0.8590903E+00
  0.9870000E-01  0.5568066E+00
  0.9875000E-01  0.1515979E+00
  0.9880000E-01 -0.3503440E+00
  0.9885000E-01 -0.9249712E+00
  0.9890000E-01 -0.1548811E+01
  0.9895000E-01 -0.2182356E+01
  0.9900000E-01 -0.2805295E+01
  0.9905000E-01 -0.3388013E+01
  0.9910000E-01 -0.3911984E+01
  0.9915000E-01 -0.4358916E+01
  0.9920000E-01 -0.4691883E+01
  0.9925000E-01 -0.4886184E+01
  0.9930000E-01 -0.4913015E+01
  0.9935000E-01 -0.4735617E+01
  0.9940000E-01 -0.4312314E+01
  0.9945000E-01 -0.3600313E+01
  0.9950000E-01 -0.2583168E+01
  0.9955000E-01 -0.1268467E+01
  0.9960000E-01  0.2973244E+00
  0.9965000E-01  0.2008970E+01
  0.9970000E-01  0.3712482E+01
  0.9975000E-01  0.5224409E+01
  0.9980000E-01  0.6385719E+01
  0.9985000E-01  0.7111276E+01
  0.9990000E-01  0.7423611E+01
  0.9995000E-01  0.7461087E+01
  0.1000000E+00  0.7461087E+01
