  0.0000000E+00  0.7433689E+01
  0.5000000E-04  0.7464051E+01
  0.1000000E-03  0.7427563E+01
  0.1500000E-03  0.7117215E+01
  0.2000000E-03  0.6385916E+01
  0.2500000E-03  0.5212040E+01
  0.3000000E-03  0.3695070E+01
  0.3500000E-03  0.1992605E+01
  0.4000000E-03  0.2829867E+00
  0.4500000E-03 -0.1274082E+01
  0.5000000E-03 -0.2577629E+01
  0.5500000E-03 -0.3580930E+01
  0.6000000E-03 -0.4279157E+01
  0.6500000E-03 -0.4701087E+01
  0.7000000E-03 -0.4885490E+01
  0.7500000E-03 -0.4869699E+01
  0.8000000E-03 -0.4686269E+01
  0.8500000E-03 -0.4366824E+01
  0.9000000E-03 -0.3934593E+01
  0.9500000E-03 -0.3411605E+01
  0.1000000E-02 -0.2819667E+01
  0.1050000E-02 -0.2193308E+01
  0.1100000E-02 -0.1559088E+01
  0.1150000E-02 -0.9431121E+00
  0.1200000E-02 -0.3715310E+00
  0.1250000E-02  0.1349040E+00
  0.1300000E-02  0.5534750E+00
  0.1350000E-02  0.8724762E+00
  0.1400000E-02  0.1066169E+01
  0.1450000E-02  0.1161286E+01
  0.1500000E-02  0.1130553E+01
  0.1550000E-02  0.1053566E+01
  0.1600000E-02  0.8932599E+00
  0.1650000E-02  0.7098345E+00
  0.1700000E-02  0.4788973E+00
  0.1750000E-02  0.3034711E+00
  0.1800000E-02  0.1408098E+00
  0.1850000E-02  0.3640425E-01
  0.1900000E-02 -0.5579024E-01
  0.1950000E-02 -0.1046830E+00
  0.2000000E-02 -0.1617294E+00
  0.2050000E-02 -0.1960285E+00
  0.2100000E-02 -0.2394831E+00
  0.2150000E-02 -0.2286421E+00
  0.2200000E-02 -0.2266621E+00
  0.2250000E-02 -0.2023301E+00
  0.2300000E-02 -0.1929479E+00
  0.2350000E-02 -0.1678937E+00
  0.2400000E-02 -0.1683222E+00
  0.2450000E-02 -0.1490240E+00
  0.2500000E-02 -0.1381480E+00
  0.2550000E-02 -0.9639650E-01
  0.2600000E-02 -0.8234078E-01
  0.2650000E-02 -0.6826209E-01
  0.2700000E-02 -0.6668251E-01
  0.2750000E-02 -0.6302455E-01
  0.2800000E-02 -0.7958046E-01
  0.2850000E-02 -0.7685906E-01
  0.2900000E-02 -0.8317158E-01
  0.2950000E-02 -0.7677562E-01
  0.3000000E-02 -0.8365169E-01
  0.3050000E-02 -0.9197334E-01
  0.3100000E-02 -0.1064323E+00
  0.3150000E-02 -0.9146482E-01
  0.3200000E-02 -0.8076653E-01
  0.3250000E-02 -0.5073141E-01
  0.3300000E-02 -0.2823149E-01
  0.3350000E-02 -0.1380633E-01
  0.3400000E-02 -0.2342852E-01
  0.3450000E-02 -0.2617832E-01
  0.3500000E-02 -0.3420034E-01
  0.3550000E-02 -0.4387942E-01
  0.3600000E-02 -0.5461634E-01
  0.3650000E-02 -0.3475612E-01
  0.3700000E-02 -0.1311970E-01
  0.3750000E-02  0.1585071E-01
  0.3800000E-02  0.4504556E-01
  0.3850000E-02  0.6308440E-01
  0.3900000E-02  0.4709412E-01
  0.3950000E-02  0.3411021E-01
  0.4000000E-02  0.2266787E-01
  0.4050000E-02  0.3281414E-01
  0.4100000E-02  0.3998455E-01
  0.4150000E-02  0.4478444E-01
  0.4200000E-02  0.3509682E-01
  0.4250000E-02  0.3887707E-01
  0.4300000E-02  0.3821214E-01
  0.4350000E-02  0.3545111E-01
  0.4400000E-02  0.2564344E-01
  0.4450000E-02  0.1949868E-01
  0.4500000E-02  0.1116629E-01
  0.4550000E-02  0.9950038E-02
  0.4600000E-02  0.9321024E-02
  0.4650000E-02  0.2526691E-01
  0.4700000E-02  0.4546308E-01
  0.4750000E-02  0.5706092E-01
  0.4800000E-02  0.5314116E-01
  0.4850000E-02  0.3611308E-01
  0.4900000E-02  0.3072409E-01
  0.4950000E-02  0.3934061E-01
  0.5000000E-02  0.4185093E-01
  0.5050000E-02  0.3660187E-01
  0.5100000E-02  0.1765697E-01
  0.5150000E-02  0.2709746E-02
  0.5200000E-02 -0.1572961E-01
  0.5250000E-02 -0.1793168E-01
  0.5300000E-02 -0.2620892E-01
  0.5350000E-02 -0.2106541E-01
  0.5400000E-02 -0.7799116E-02
  0.5450000E-02 -0.1192504E-02
  0.5500000E-02  0.1475460E-01
  0.5550000E-02  0.3621837E-01
  0.5600000E-02  0.4264006E-01
  0.5650000E-02  0.3691308E-01
  0.5700000E-02  0.3416965E-01
  0.5750000E-02  0.3952952E-01
  0.5800000E-02  0.3438049E-01
  0.5850000E-02  0.2564612E-01
  0.5900000E-02  0.1776703E-01
  0.5950000E-02  0.1338752E-01
  0.6000000E-02  0.1118470E-02
  0.6050000E-02 -0.9069287E-02
  0.6100000E-02 -0.1573924E-01
  0.6150000E-02 -0.1692688E-01
  0.6200000E-02 -0.1499760E-01
  0.6250000E-02 -0.7634030E-02
  0.6300000E-02 -0.3891313E-02
  0.6350000E-02 -0.1927079E-03
  0.6400000E-02 -0.1226542E-02
  0.6450000E-02 -0.3725732E-02
  0.6500000E-02  0.1252310E-02
  0.6550000E-02  0.1645324E-01
  0.6600000E-02  0.2050455E-01
  0.6650000E-02  0.2738771E-01
  0.6700000E-02  0.2623201E-01
  0.6750000E-02  0.2593437E-01
  0.6800000E-02  0.2883320E-01
  0.6850000E-02  0.3533679E-01
  0.6900000E-02  0.2698323E-01
  0.6950000E-02  0.1649130E-01
  0.7000000E-02  0.1399859E-01
  0.7050000E-02  0.1605346E-01
  0.7100000E-02  0.1191613E-01
  0.7150000E-02  0.1175771E-01
  0.7200000E-02  0.1015458E-01
  0.7250000E-02  0.6264308E-02
  0.7300000E-02  0.5490535E-02
  0.7350000E-02  0.4343097E-03
  0.7400000E-02 -0.1217559E-01
  0.7450000E-02 -0.2345715E-01
  0.7500000E-02 -0.2630447E-01
  0.7550000E-02 -0.2061305E-01
  0.7600000E-02 -0.1480485E-01
  0.7650000E-02 -0.6714877E-02
  0.7700000E-02 -0.4493590E-02
  0.7750000E-02 -0.9328689E-02
  0.7800000E-02 -0.5804422E-02
  0.7850000E-02  0.5507090E-02
  0.7900000E-02  0.1242760E-01
  0.7950000E-02  0.1136377E-01
  0.8000000E-02  0.1360705E-01
  0.8050000E-02  0.2024688E-01
  0.8100000E-02  0.2276592E-01
  0.8150000E-02  0.2276607E-01
  0.8200000E-02  0.1468796E-01
  0.8250000E-02 -0.2774055E-02
  0.8300000E-02 -0.1409520E-01
  0.8350000E-02 -0.1805814E-01
  0.8400000E-02 -0.1889836E-01
  0.8450000E-02 -0.1456461E-01
  0.8500000E-02 -0.1186249E-01
  0.8550000E-02 -0.8573913E-02
  0.8600000E-02 -0.3435343E-02
  0.8650000E-02  0.5135403E-02
  0.8700000E-02  0.1826975E-01
  0.8750000E-02  0.3079768E-01
  0.8800000E-02  0.3137985E-01
  0.8850000E-02  0.2498418E-01
  0.8900000E-02  0.2037082E-01
  0.8950000E-02  0.1795742E-01
  0.9000000E-02  0.1981031E-01
  0.9050000E-02  0.1734976E-01
  0.9100000E-02  0.9191014E-02
  0.9150000E-02  0.3583933E-02
  0.9200000E-02  0.2666088E-02
  0.9250000E-02  0.2099242E-02
  0.9300000E-02  0.2787917E-02
  0.9350000E-02  0.9382347E-04
  0.9400000E-02 -0.7787214E-02
  0.9450000E-02 -0.1436550E-01
  0.9500000E-02 -0.1790811E-01
  0.9550000E-02 -0.1510516E-01
  0.9600000E-02 -0.4780914E-02
  0.9650000E-02  0.2988950E-02
  0.9700000E-02  0.3465424E-02
  0.9750000E-02  0.4542813E-02
  0.9800000E-02  0.4509741E-02
  0.9850000E-02  0.7405442E-02
  0.9900000E-02  0.1120575E-01
  0.9950000E-02  0.1529902E-01
  0.1000000E-01  0.1292176E-01
  0.1005000E-01  0.6398819E-02
  0.1010000E-01 -0.3750584E-03
  0.1015000E-01 -0.6174989E-02
  0.1020000E-01 -0.9658317E-02
  0.1025000E-01 -0.6702558E-02
  0.1030000E-01  0.4296826E-02
  0.1035000E-01  0.2092677E-01
  0.1040000E-01  0.3544273E-01
  0.1045000E-01  0.3650496E-01
  0.1050000E-01  0.3040796E-01
  0.1055000E-01  0.2221561E-01
  0.1060000E-01  0.1419806E-01
  0.1065000E-01  0.9508796E-02
  0.1070000E-01  0.9767705E-02
  0.1075000E-01  0.1043639E-01
  0.1080000E-01  0.5887918E-02
  0.1085000E-01  0.1835610E-02
  0.1090000E-01  0.4053941E-02
  0.1095000E-01  0.8443790E-02
  0.1100000E-01  0.8969048E-02
  0.1105000E-01  0.6645636E-02
  0.1110000E-01  0.6993988E-02
  0.1115000E-01  0.9990099E-02
  0.1120000E-01  0.8894929E-02
  0.1125000E-01  0.3668698E-02
  0.1130000E-01 -0.2844853E-02
  0.1135000E-01  0.1459742E-02
  0.1140000E-01  0.6810893E-02
  0.1145000E-01  0.4699980E-02
  0.1150000E-01  0.4794348E-03
  0.1155000E-01 -0.5195158E-03
  0.1160000E-01 -0.6144733E-03
  0.1165000E-01 -0.1815145E-02
  0.1170000E-01  0.7356763E-03
  0.1175000E-01  0.4483737E-02
  0.1180000E-01  0.2332157E-02
  0.1185000E-01 -0.3879524E-02
  0.1190000E-01 -0.1079660E-01
  0.1195000E-01 -0.1088779E-01
  0.1200000E-01 -0.2618426E-02
  0.1205000E-01  0.5909487E-02
  0.1210000E-01  0.1743124E-01
  0.1215000E-01  0.1842504E-01
  0.1220000E-01  0.1005136E-01
  0.1225000E-01  0.7440430E-02
  0.1230000E-01  0.3728930E-02
  0.1235000E-01 -0.3674222E-02
  0.1240000E-01 -0.8454020E-02
  0.1245000E-01 -0.4161236E-02
  0.1250000E-01  0.2583892E-02
  0.1255000E-01  0.4042008E-02
  0.1260000E-01 -0.6220689E-03
  0.1265000E-01 -0.5914192E-02
  0.1270000E-01 -0.9389712E-02
  0.1275000E-01 -0.1134398E-01
  0.1280000E-01 -0.1174415E-01
  0.1285000E-01 -0.5961923E-02
  0.1290000E-01  0.1696113E-02
  0.1295000E-01  0.7172420E-02
  0.1300000E-01  0.1169340E-01
  0.1305000E-01  0.1465074E-01
  0.1310000E-01  0.1692327E-01
  0.1315000E-01  0.1746728E-01
  0.1320000E-01  0.1710537E-01
  0.1325000E-01  0.1311875E-01
  0.1330000E-01  0.1372032E-01
  0.1335000E-01  0.1738283E-01
  0.1340000E-01  0.1694693E-01
  0.1345000E-01  0.1569528E-01
  0.1350000E-01  0.1194311E-01
  0.1355000E-01  0.9251490E-02
  0.1360000E-01  0.5421942E-02
  0.1365000E-01  0.1321747E-02
  0.1370000E-01 -0.2942105E-02
  0.1375000E-01 -0.3328180E-02
  0.1380000E-01 -0.4450638E-02
  0.1385000E-01 -0.3932978E-02
  0.1390000E-01 -0.2951648E-02
  0.1395000E-01 -0.3421718E-02
  0.1400000E-01 -0.8661648E-02
  0.1405000E-01 -0.1215342E-01
  0.1410000E-01 -0.7416528E-02
  0.1415000E-01  0.2561575E-02
  0.1420000E-01  0.1109046E-01
  0.1425000E-01  0.1637414E-01
  0.1430000E-01  0.1831971E-01
  0.1435000E-01  0.1612993E-01
  0.1440000E-01  0.1292403E-01
  0.1445000E-01  0.1466297E-01
  0.1450000E-01  0.1361421E-01
  0.1455000E-01  0.1151479E-01
  0.1460000E-01  0.4344581E-02
  0.1465000E-01 -0.3872972E-02
  0.1470000E-01 -0.9685614E-02
  0.1475000E-01 -0.1192826E-01
  0.1480000E-01 -0.1165116E-01
  0.1485000E-01 -0.1050200E-01
  0.1490000E-01 -0.1121343E-01
  0.1495000E-01 -0.1806968E-01
  0.1500000E-01 -0.1905126E-01
  0.1505000E-01 -0.1411246E-01
  0.1510000E-01 -0.7878994E-02
  0.1515000E-01 -0.2284060E-02
  0.1520000E-01  0.6635289E-02
  0.1525000E-01  0.1335209E-01
  0.1530000E-01  0.1431182E-01
  0.1535000E-01  0.1067937E-01
  0.1540000E-01  0.3180079E-02
  0.1545000E-01 -0.4694351E-02
  0.1550000E-01 -0.7617372E-02
  0.1555000E-01 -0.8564119E-02
  0.1560000E-01 -0.1030496E-01
  0.1565000E-01 -0.9655167E-02
  0.1570000E-01 -0.4878352E-02
  0.1575000E-01 -0.2946637E-03
  0.1580000E-01  0.3313041E-02
  0.1585000E-01  0.5569035E-02
  0.1590000E-01  0.6587439E-02
  0.1595000E-01  0.4271277E-02
  0.1600000E-01  0.3593953E-03
  0.1605000E-01 -0.1442204E-02
  0.1610000E-01  0.3124127E-02
  0.1615000E-01  0.6183955E-02
  0.1620000E-01  0.1560743E-02
  0.1625000E-01 -0.5307303E-02
  0.1630000E-01 -0.6323778E-02
  0.1635000E-01 -0.2532190E-02
  0.1640000E-01  0.1017163E-02
  0.1645000E-01  0.2358406E-02
  0.1650000E-01  0.6019258E-03
  0.1655000E-01 -0.1314962E-02
  0.1660000E-01 -0.4288342E-02
  0.1665000E-01 -0.2043408E-02
  0.1670000E-01  0.2440410E-02
  0.1675000E-01  0.1189852E-01
  0.1680000E-01  0.1751800E-01
  0.1685000E-01  0.1736363E-01
  0.1690000E-01  0.1168919E-01
  0.1695000E-01  0.4698656E-02
  0.1700000E-01 -0.6074114E-03
  0.1705000E-01 -0.6411206E-02
  0.1710000E-01 -0.1106491E-01
  0.1715000E-01 -0.1051794E-01
  0.1720000E-01 -0.1019860E-01
  0.1725000E-01 -0.9697529E-02
  0.1730000E-01 -0.6888022E-02
  0.1735000E-01 -0.2546059E-02
  0.1740000E-01  0.1748654E-02
  0.1745000E-01  0.2586566E-02
  0.1750000E-01  0.2039872E-02
  0.1755000E-01 -0.2975482E-03
  0.1760000E-01 -0.1542754E-02
  0.1765000E-01  0.8201868E-03
  0.1770000E-01  0.1636699E-02
  0.1775000E-01 -0.1398638E-02
  0.1780000E-01 -0.3580042E-02
  0.1785000E-01 -0.3972174E-02
  0.1790000E-01 -0.2841528E-02
  0.1795000E-01  0.2641575E-03
  0.1800000E-01  0.2602325E-02
  0.1805000E-01  0.3201790E-02
  0.1810000E-01  0.6360387E-02
  0.1815000E-01  0.8411156E-02
  0.1820000E-01  0.5686099E-02
  0.1825000E-01  0.4369201E-03
  0.1830000E-01 -0.2551371E-02
  0.1835000E-01 -0.1417506E-02
  0.1840000E-01 -0.8888828E-03
  0.1845000E-01 -0.2343377E-02
  0.1850000E-01 -0.4937228E-02
  0.1855000E-01 -0.3194935E-02
  0.1860000E-01 -0.1375634E-02
  0.1865000E-01  0.1356029E-03
  0.1870000E-01  0.1291225E-02
  0.1875000E-01  0.2617400E-04
  0.1880000E-01 -0.3147213E-02
  0.1885000E-01 -0.3418136E-02
  0.1890000E-01 -0.8483862E-03
  0.1895000E-01  0.8431580E-03
  0.1900000E-01  0.4988845E-04
  0.1905000E-01 -0.1756995E-02
  0.1910000E-01 -0.3432147E-03
  0.1915000E-01  0.7282687E-03
  0.1920000E-01  0.1834012E-02
  0.1925000E-01  0.6071847E-02
  0.1930000E-01  0.9932434E-02
  0.1935000E-01  0.1246086E-01
  0.1940000E-01  0.1332636E-01
  0.1945000E-01  0.8624371E-02
  0.1950000E-01  0.4206151E-02
  0.1955000E-01  0.5160522E-02
  0.1960000E-01  0.7631289E-02
  0.1965000E-01  0.7688869E-02
  0.1970000E-01  0.8364402E-02
  0.1975000E-01  0.7836537E-02
  0.1980000E-01  0.5265859E-02
  0.1985000E-01  0.3654030E-02
  0.1990000E-01  0.4668762E-02
  0.1995000E-01  0.6639865E-02
  0.2000000E-01  0.5523621E-02
  0.2005000E-01  0.3965058E-02
  0.2010000E-01  0.1973869E-02
  0.2015000E-01  0.1554305E-02
  0.2020000E-01  0.3138785E-03
  0.2025000E-01 -0.9687718E-03
  0.2030000E-01 -0.2093474E-03
  0.2035000E-01  0.1884384E-02
  0.2040000E-01  0.2568929E-02
  0.2045000E-01  0.4873584E-02
  0.2050000E-01  0.5139148E-02
  0.2055000E-01  0.6317232E-02
  0.2060000E-01  0.5850647E-02
  0.2065000E-01  0.4262698E-02
  0.2070000E-01  0.3469861E-02
  0.2075000E-01  0.1987983E-02
  0.2080000E-01 -0.2399492E-02
  0.2085000E-01 -0.7035202E-02
  0.2090000E-01 -0.9218494E-02
  0.2095000E-01 -0.8534959E-02
  0.2100000E-01 -0.7259447E-02
  0.2105000E-01 -0.7746160E-02
  0.2110000E-01 -0.7737068E-02
  0.2115000E-01 -0.6890676E-02
  0.2120000E-01 -0.5107135E-02
  0.2125000E-01 -0.3279936E-02
  0.2130000E-01 -0.3251260E-02
  0.2135000E-01 -0.9831755E-03
  0.2140000E-01  0.4282803E-02
  0.2145000E-01  0.5852661E-02
  0.2150000E-01  0.4725645E-02
  0.2155000E-01  0.3228491E-02
  0.2160000E-01  0.1021074E-02
  0.2165000E-01  0.2408752E-03
  0.2170000E-01  0.2108345E-03
  0.2175000E-01  0.3297464E-02
  0.2180000E-01  0.7724915E-02
  0.2185000E-01  0.1032556E-01
  0.2190000E-01  0.1053954E-01
  0.2195000E-01  0.1030165E-01
  0.2200000E-01  0.9944742E-02
  0.2205000E-01  0.8138493E-02
  0.2210000E-01  0.6917476E-02
  0.2215000E-01  0.2943467E-02
  0.2220000E-01 -0.9417615E-03
  0.2225000E-01 -0.2670707E-02
  0.2230000E-01 -0.4485579E-02
  0.2235000E-01 -0.3411814E-02
  0.2240000E-01 -0.2449106E-02
  0.2245000E-01 -0.6933179E-03
  0.2250000E-01  0.1185148E-02
  0.2255000E-01  0.9072504E-03
  0.2260000E-01  0.3278828E-03
  0.2265000E-01  0.1858768E-05
  0.2270000E-01 -0.2766295E-02
  0.2275000E-01 -0.6120205E-02
  0.2280000E-01 -0.6333107E-02
  0.2285000E-01 -0.6202143E-02
  0.2290000E-01 -0.5144020E-02
  0.2295000E-01 -0.3833018E-02
  0.2300000E-01 -0.4692058E-02
  0.2305000E-01 -0.5746884E-02
  0.2310000E-01 -0.5285377E-02
  0.2315000E-01 -0.4214096E-02
  0.2320000E-01 -0.2780532E-02
  0.2325000E-01 -0.8222562E-03
  0.2330000E-01  0.1100234E-02
  0.2335000E-01  0.1672655E-02
  0.2340000E-01  0.2487917E-03
  0.2345000E-01  0.6171921E-03
  0.2350000E-01  0.5508979E-02
  0.2355000E-01  0.8947220E-02
  0.2360000E-01  0.1061751E-01
  0.2365000E-01  0.9034912E-02
  0.2370000E-01  0.5469510E-02
  0.2375000E-01  0.2432903E-02
  0.2380000E-01 -0.1802671E-05
  0.2385000E-01 -0.2463892E-02
  0.2390000E-01 -0.4990108E-02
  0.2395000E-01 -0.7834463E-02
  0.2400000E-01 -0.8710822E-02
  0.2405000E-01 -0.8518764E-02
  0.2410000E-01 -0.7243210E-02
  0.2415000E-01 -0.4723188E-02
  0.2420000E-01 -0.1266773E-02
  0.2425000E-01  0.4714022E-03
  0.2430000E-01  0.2831127E-02
  0.2435000E-01  0.3152895E-02
  0.2440000E-01  0.6003936E-03
  0.2445000E-01 -0.7004707E-03
  0.2450000E-01 -0.4550349E-03
  0.2455000E-01  0.1684763E-02
  0.2460000E-01  0.5438950E-02
  0.2465000E-01  0.9441241E-02
  0.2470000E-01  0.1359173E-01
  0.2475000E-01  0.1533498E-01
  0.2480000E-01  0.1533279E-01
  0.2485000E-01  0.1657157E-01
  0.2490000E-01  0.1756997E-01
  0.2495000E-01  0.1630173E-01
  0.2500000E-01  0.1137722E-01
  0.2505000E-01  0.5348561E-02
  0.2510000E-01  0.1268464E-02
  0.2515000E-01  0.1342886E-02
  0.2520000E-01  0.4110361E-02
  0.2525000E-01  0.6856355E-02
  0.2530000E-01  0.7874116E-02
  0.2535000E-01  0.7697195E-02
  0.2540000E-01  0.7556356E-02
  0.2545000E-01  0.5586888E-02
  0.2550000E-01  0.4010334E-02
  0.2555000E-01  0.2998655E-02
  0.2560000E-01  0.2005640E-02
  0.2565000E-01 -0.7599210E-03
  0.2570000E-01 -0.2072706E-02
  0.2575000E-01 -0.1992029E-02
  0.2580000E-01 -0.1498879E-02
  0.2585000E-01 -0.7652969E-03
  0.2590000E-01  0.3364992E-03
  0.2595000E-01  0.1017510E-02
  0.2600000E-01 -0.5715609E-03
  0.2605000E-01 -0.3658940E-02
  0.2610000E-01 -0.6951098E-02
  0.2615000E-01 -0.8122587E-02
  0.2620000E-01 -0.9061550E-02
  0.2625000E-01 -0.1120382E-01
  0.2630000E-01 -0.1298034E-01
  0.2635000E-01 -0.1307527E-01
  0.2640000E-01 -0.1179070E-01
  0.2645000E-01 -0.9546315E-02
  0.2650000E-01 -0.5705385E-02
  0.2655000E-01 -0.1054103E-02
  0.2660000E-01  0.2220071E-02
  0.2665000E-01  0.2818905E-02
  0.2670000E-01  0.8683262E-03
  0.2675000E-01 -0.9789050E-03
  0.2680000E-01 -0.3218884E-02
  0.2685000E-01 -0.5488413E-02
  0.2690000E-01 -0.5682286E-02
  0.2695000E-01 -0.3415758E-02
  0.2700000E-01 -0.1397202E-02
  0.2705000E-01  0.1026362E-02
  0.2710000E-01  0.3885901E-02
  0.2715000E-01  0.4941963E-02
  0.2720000E-01  0.5094555E-02
  0.2725000E-01  0.7496021E-02
  0.2730000E-01  0.8669655E-02
  0.2735000E-01  0.8405910E-02
  0.2740000E-01  0.7123771E-02
  0.2745000E-01  0.4698363E-02
  0.2750000E-01  0.2990542E-02
  0.2755000E-01  0.3720818E-02
  0.2760000E-01  0.3812176E-02
  0.2765000E-01  0.1217155E-02
  0.2770000E-01 -0.1480318E-02
  0.2775000E-01 -0.1966849E-02
  0.2780000E-01 -0.3386053E-02
  0.2785000E-01 -0.5634939E-02
  0.2790000E-01 -0.6156570E-02
  0.2795000E-01 -0.5029906E-02
  0.2800000E-01 -0.3301028E-02
  0.2805000E-01 -0.1178024E-02
  0.2810000E-01 -0.2001880E-02
  0.2815000E-01 -0.3562300E-02
  0.2820000E-01 -0.2246188E-02
  0.2825000E-01 -0.9359093E-03
  0.2830000E-01  0.8130066E-03
  0.2835000E-01  0.2244512E-02
  0.2840000E-01  0.8650972E-03
  0.2845000E-01  0.6684220E-03
  0.2850000E-01  0.2139247E-03
  0.2855000E-01 -0.6852683E-03
  0.2860000E-01 -0.6083485E-03
  0.2865000E-01 -0.9187408E-03
  0.2870000E-01 -0.2423528E-02
  0.2875000E-01 -0.4723025E-02
  0.2880000E-01 -0.5001613E-02
  0.2885000E-01 -0.2439828E-02
  0.2890000E-01  0.1165574E-02
  0.2895000E-01  0.1729888E-02
  0.2900000E-01  0.1952740E-02
  0.2905000E-01  0.2525535E-02
  0.2910000E-01  0.2313582E-02
  0.2915000E-01  0.3110137E-03
  0.2920000E-01  0.6324833E-03
  0.2925000E-01  0.1600207E-02
  0.2930000E-01  0.3297877E-02
  0.2935000E-01  0.4732517E-02
  0.2940000E-01  0.8065736E-02
  0.2945000E-01  0.9599223E-02
  0.2950000E-01  0.7950255E-02
  0.2955000E-01  0.5204610E-02
  0.2960000E-01  0.2847352E-02
  0.2965000E-01  0.1757905E-02
  0.2970000E-01  0.1844312E-02
  0.2975000E-01  0.1981258E-02
  0.2980000E-01  0.6144679E-03
  0.2985000E-01 -0.1678346E-02
  0.2990000E-01 -0.2217125E-02
  0.2995000E-01 -0.1692708E-02
  0.3000000E-01 -0.1959992E-02
  0.3005000E-01 -0.2690280E-02
  0.3010000E-01 -0.9764352E-03
  0.3015000E-01  0.2835130E-02
  0.3020000E-01  0.6503034E-02
  0.3025000E-01  0.6073068E-02
  0.3030000E-01  0.4088610E-02
  0.3035000E-01  0.2802809E-02
  0.3040000E-01  0.2547891E-02
  0.3045000E-01  0.2275060E-02
  0.3050000E-01  0.1991379E-02
  0.3055000E-01 -0.8863890E-03
  0.3060000E-01 -0.4664952E-02
  0.3065000E-01 -0.6850740E-02
  0.3070000E-01 -0.7288246E-02
  0.3075000E-01 -0.5928734E-02
  0.3080000E-01 -0.3770543E-02
  0.3085000E-01 -0.2681035E-02
  0.3090000E-01 -0.2518567E-02
  0.3095000E-01 -0.1963368E-02
  0.3100000E-01 -0.1225357E-02
  0.3105000E-01  0.9720600E-03
  0.3110000E-01  0.4519181E-02
  0.3115000E-01  0.7404838E-02
  0.3120000E-01  0.8957159E-02
  0.3125000E-01  0.1000983E-01
  0.3130000E-01  0.1130113E-01
  0.3135000E-01  0.1208125E-01
  0.3140000E-01  0.1083182E-01
  0.3145000E-01  0.1031866E-01
  0.3150000E-01  0.1058885E-01
  0.3155000E-01  0.1041824E-01
  0.3160000E-01  0.1094916E-01
  0.3165000E-01  0.1047396E-01
  0.3170000E-01  0.8668385E-02
  0.3175000E-01  0.7397372E-02
  0.3180000E-01  0.5512385E-02
  0.3185000E-01  0.2188241E-02
  0.3190000E-01 -0.1142017E-02
  0.3195000E-01 -0.2079306E-02
  0.3200000E-01 -0.2229672E-02
  0.3205000E-01 -0.4167472E-02
  0.3210000E-01 -0.4845156E-02
  0.3215000E-01 -0.4849484E-02
  0.3220000E-01 -0.7200974E-02
  0.3225000E-01 -0.1032611E-01
  0.3230000E-01 -0.1189555E-01
  0.3235000E-01 -0.1148218E-01
  0.3240000E-01 -0.9821390E-02
  0.3245000E-01 -0.8057224E-02
  0.3250000E-01 -0.4717349E-02
  0.3255000E-01 -0.1321957E-02
  0.3260000E-01  0.1161220E-02
  0.3265000E-01  0.3503715E-02
  0.3270000E-01  0.4002743E-02
  0.3275000E-01  0.3610684E-02
  0.3280000E-01  0.3445842E-02
  0.3285000E-01  0.2202252E-02
  0.3290000E-01  0.5175357E-03
  0.3295000E-01 -0.1440279E-02
  0.3300000E-01 -0.1255025E-02
  0.3305000E-01 -0.1006893E-03
  0.3310000E-01  0.7541290E-03
  0.3315000E-01  0.1168577E-02
  0.3320000E-01 -0.5513008E-03
  0.3325000E-01 -0.1804199E-02
  0.3330000E-01 -0.3549584E-02
  0.3335000E-01 -0.3703851E-02
  0.3340000E-01 -0.2165944E-02
  0.3345000E-01 -0.7612380E-03
  0.3350000E-01  0.4902611E-04
  0.3355000E-01 -0.1744792E-03
  0.3360000E-01  0.5721519E-03
  0.3365000E-01  0.1274015E-02
  0.3370000E-01  0.1192695E-02
  0.3375000E-01  0.1462716E-02
  0.3380000E-01  0.3067377E-02
  0.3385000E-01  0.4996317E-02
  0.3390000E-01  0.6087208E-02
  0.3395000E-01  0.5504936E-02
  0.3400000E-01  0.4572342E-02
  0.3405000E-01  0.4695446E-02
  0.3410000E-01  0.3345976E-02
  0.3415000E-01  0.2556220E-02
  0.3420000E-01  0.3006848E-02
  0.3425000E-01  0.2277474E-02
  0.3430000E-01  0.1109891E-02
  0.3435000E-01  0.3493024E-03
  0.3440000E-01 -0.1099480E-02
  0.3445000E-01 -0.2405293E-02
  0.3450000E-01 -0.2045932E-02
  0.3455000E-01 -0.1562337E-02
  0.3460000E-01 -0.8541282E-03
  0.3465000E-01  0.2056055E-04
  0.3470000E-01  0.9448290E-03
  0.3475000E-01  0.2447684E-02
  0.3480000E-01  0.3810412E-02
  0.3485000E-01  0.5486142E-02
  0.3490000E-01  0.5775682E-02
  0.3495000E-01  0.3473935E-02
  0.3500000E-01  0.7219278E-03
  0.3505000E-01 -0.1181204E-02
  0.3510000E-01 -0.1495291E-02
  0.3515000E-01 -0.1633518E-02
  0.3520000E-01 -0.1691243E-02
  0.3525000E-01 -0.8900353E-03
  0.3530000E-01 -0.7808188E-03
  0.3535000E-01 -0.2675787E-02
  0.3540000E-01 -0.4746451E-02
  0.3545000E-01 -0.4823119E-02
  0.3550000E-01 -0.3712471E-02
  0.3555000E-01 -0.1821047E-02
  0.3560000E-01 -0.9749901E-03
  0.3565000E-01 -0.7373490E-03
  0.3570000E-01 -0.6694480E-03
  0.3575000E-01 -0.2801404E-03
  0.3580000E-01 -0.9547595E-05
  0.3585000E-01 -0.2084082E-03
  0.3590000E-01 -0.8200968E-03
  0.3595000E-01 -0.2491153E-02
  0.3600000E-01 -0.4187564E-02
  0.3605000E-01 -0.5171350E-02
  0.3610000E-01 -0.5789135E-02
  0.3615000E-01 -0.5025118E-02
  0.3620000E-01 -0.4237132E-02
  0.3625000E-01 -0.3049770E-02
  0.3630000E-01 -0.1746884E-02
  0.3635000E-01 -0.6913000E-03
  0.3640000E-01  0.3175013E-03
  0.3645000E-01  0.4369839E-03
  0.3650000E-01  0.4522435E-03
  0.3655000E-01  0.1839780E-03
  0.3660000E-01 -0.5232569E-04
  0.3665000E-01 -0.8407821E-03
  0.3670000E-01 -0.1168635E-02
  0.3675000E-01 -0.1343654E-02
  0.3680000E-01 -0.2651735E-02
  0.3685000E-01 -0.2919414E-02
  0.3690000E-01 -0.3255035E-02
  0.3695000E-01 -0.3534069E-02
  0.3700000E-01 -0.3545234E-02
  0.3705000E-01 -0.3645762E-02
  0.3710000E-01 -0.4362654E-02
  0.3715000E-01 -0.4241023E-02
  0.3720000E-01 -0.3842794E-02
  0.3725000E-01 -0.2757701E-02
  0.3730000E-01 -0.3769871E-03
  0.3735000E-01  0.9221861E-03
  0.3740000E-01  0.1580681E-02
  0.3745000E-01  0.1118954E-02
  0.3750000E-01  0.6284849E-03
  0.3755000E-01  0.1076081E-02
  0.3760000E-01  0.2044428E-02
  0.3765000E-01  0.3192297E-02
  0.3770000E-01  0.5511616E-02
  0.3775000E-01  0.9055522E-02
  0.3780000E-01  0.1073692E-01
  0.3785000E-01  0.1053661E-01
  0.3790000E-01  0.8895941E-02
  0.3795000E-01  0.7775512E-02
  0.3800000E-01  0.6877463E-02
  0.3805000E-01  0.5875227E-02
  0.3810000E-01  0.5230710E-02
  0.3815000E-01  0.3781303E-02
  0.3820000E-01  0.1577977E-02
  0.3825000E-01  0.1159148E-03
  0.3830000E-01 -0.7486343E-04
  0.3835000E-01 -0.1172837E-03
  0.3840000E-01 -0.1041349E-02
  0.3845000E-01 -0.1256343E-02
  0.3850000E-01 -0.5016030E-03
  0.3855000E-01  0.2128105E-02
  0.3860000E-01  0.4338783E-02
  0.3865000E-01  0.3737965E-02
  0.3870000E-01  0.6866292E-03
  0.3875000E-01 -0.3799453E-02
  0.3880000E-01 -0.5809530E-02
  0.3885000E-01 -0.4994387E-02
  0.3890000E-01 -0.2805260E-02
  0.3895000E-01 -0.3251093E-03
  0.3900000E-01  0.4586106E-03
  0.3905000E-01  0.2337798E-03
  0.3910000E-01 -0.8418046E-04
  0.3915000E-01 -0.8669513E-03
  0.3920000E-01 -0.1947561E-02
  0.3925000E-01 -0.1206859E-02
  0.3930000E-01 -0.9841433E-03
  0.3935000E-01 -0.4159163E-03
  0.3940000E-01  0.8653986E-03
  0.3945000E-01  0.2440361E-02
  0.3950000E-01  0.3843800E-02
  0.3955000E-01  0.4904316E-02
  0.3960000E-01  0.5490394E-02
  0.3965000E-01  0.5378317E-02
  0.3970000E-01  0.4189567E-02
  0.3975000E-01  0.2207047E-02
  0.3980000E-01  0.1276120E-02
  0.3985000E-01  0.1156747E-02
  0.3990000E-01  0.1292080E-02
  0.3995000E-01  0.1440827E-02
  0.4000000E-01  0.1502165E-02
  0.4005000E-01  0.1119781E-02
  0.4010000E-01  0.1170825E-02
  0.4015000E-01  0.1152757E-02
  0.4020000E-01  0.4406895E-03
  0.4025000E-01 -0.6624427E-03
  0.4030000E-01 -0.1605304E-02
  0.4035000E-01 -0.2295507E-02
  0.4040000E-01 -0.1945327E-02
  0.4045000E-01  0.2351564E-03
  0.4050000E-01  0.1268227E-02
  0.4055000E-01  0.2033266E-02
  0.4060000E-01  0.2668954E-02
  0.4065000E-01  0.2236767E-02
  0.4070000E-01  0.1518822E-02
  0.4075000E-01  0.9142912E-03
  0.4080000E-01  0.1527121E-02
  0.4085000E-01  0.2212207E-02
  0.4090000E-01  0.1417624E-02
  0.4095000E-01 -0.4164055E-03
  0.4100000E-01 -0.8465743E-03
  0.4105000E-01  0.3297909E-03
  0.4110000E-01  0.2058045E-03
  0.4115000E-01 -0.1065588E-02
  0.4120000E-01 -0.1548170E-02
  0.4125000E-01 -0.1026301E-02
  0.4130000E-01  0.9342310E-05
  0.4135000E-01  0.9215159E-03
  0.4140000E-01  0.1774938E-02
  0.4145000E-01  0.2390141E-02
  0.4150000E-01  0.2560077E-02
  0.4155000E-01  0.2550177E-02
  0.4160000E-01  0.1925928E-02
  0.4165000E-01  0.3098726E-03
  0.4170000E-01 -0.9736791E-03
  0.4175000E-01 -0.2323816E-02
  0.4180000E-01 -0.2944111E-02
  0.4185000E-01 -0.2077782E-02
  0.4190000E-01  0.1011182E-03
  0.4195000E-01  0.6919301E-03
  0.4200000E-01 -0.7307477E-03
  0.4205000E-01 -0.2497193E-02
  0.4210000E-01 -0.3227047E-02
  0.4215000E-01 -0.2091651E-02
  0.4220000E-01  0.9676653E-03
  0.4225000E-01  0.4202846E-02
  0.4230000E-01  0.6500957E-02
  0.4235000E-01  0.7922614E-02
  0.4240000E-01  0.7985903E-02
  0.4245000E-01  0.6989800E-02
  0.4250000E-01  0.5862252E-02
  0.4255000E-01  0.4814578E-02
  0.4260000E-01  0.3874629E-02
  0.4265000E-01  0.3772874E-02
  0.4270000E-01  0.2823335E-02
  0.4275000E-01  0.1814482E-02
  0.4280000E-01  0.8172879E-03
  0.4285000E-01  0.3752479E-03
  0.4290000E-01 -0.6662036E-04
  0.4295000E-01 -0.1297089E-02
  0.4300000E-01 -0.1255611E-02
  0.4305000E-01 -0.5697686E-03
  0.4310000E-01  0.5529884E-03
  0.4315000E-01  0.2385868E-03
  0.4320000E-01  0.6001333E-03
  0.4325000E-01  0.1084735E-02
  0.4330000E-01  0.3219619E-03
  0.4335000E-01 -0.1686413E-02
  0.4340000E-01 -0.3334165E-02
  0.4345000E-01 -0.3621917E-02
  0.4350000E-01 -0.4604968E-02
  0.4355000E-01 -0.5675489E-02
  0.4360000E-01 -0.7085131E-02
  0.4365000E-01 -0.7797648E-02
  0.4370000E-01 -0.8174064E-02
  0.4375000E-01 -0.9097772E-02
  0.4380000E-01 -0.9325462E-02
  0.4385000E-01 -0.9519335E-02
  0.4390000E-01 -0.9271983E-02
  0.4395000E-01 -0.8994110E-02
  0.4400000E-01 -0.8068622E-02
  0.4405000E-01 -0.5663475E-02
  0.4410000E-01 -0.3730277E-02
  0.4415000E-01 -0.1211360E-02
  0.4420000E-01 -0.2602246E-03
  0.4425000E-01 -0.5727358E-03
  0.4430000E-01  0.1445684E-02
  0.4435000E-01  0.2203386E-02
  0.4440000E-01  0.2406625E-02
  0.4445000E-01  0.3788696E-02
  0.4450000E-01  0.5068176E-02
  0.4455000E-01  0.5558502E-02
  0.4460000E-01  0.5162054E-02
  0.4465000E-01  0.2779467E-02
  0.4470000E-01  0.1548380E-02
  0.4475000E-01  0.1195571E-02
  0.4480000E-01  0.1813805E-02
  0.4485000E-01  0.3478286E-02
  0.4490000E-01  0.4309880E-02
  0.4495000E-01  0.3998057E-02
  0.4500000E-01  0.2477562E-02
  0.4505000E-01  0.1447761E-02
  0.4510000E-01  0.1291296E-02
  0.4515000E-01  0.1999329E-02
  0.4520000E-01  0.4342229E-02
  0.4525000E-01  0.6117584E-02
  0.4530000E-01  0.6186155E-02
  0.4535000E-01  0.5445698E-02
  0.4540000E-01  0.5556074E-02
  0.4545000E-01  0.6262173E-02
  0.4550000E-01  0.6520038E-02
  0.4555000E-01  0.5775363E-02
  0.4560000E-01  0.3809275E-02
  0.4565000E-01  0.1176565E-02
  0.4570000E-01 -0.1978864E-02
  0.4575000E-01 -0.3791526E-02
  0.4580000E-01 -0.4283335E-02
  0.4585000E-01 -0.3816483E-02
  0.4590000E-01 -0.4142852E-02
  0.4595000E-01 -0.6074600E-02
  0.4600000E-01 -0.6941043E-02
  0.4605000E-01 -0.7503366E-02
  0.4610000E-01 -0.7021313E-02
  0.4615000E-01 -0.5288729E-02
  0.4620000E-01 -0.3584908E-02
  0.4625000E-01 -0.2789181E-02
  0.4630000E-01 -0.3311247E-02
  0.4635000E-01 -0.3793974E-02
  0.4640000E-01 -0.3197184E-02
  0.4645000E-01 -0.3110068E-02
  0.4650000E-01 -0.3066424E-02
  0.4655000E-01 -0.2316945E-02
  0.4660000E-01 -0.1015524E-02
  0.4665000E-01  0.2014221E-03
  0.4670000E-01  0.7937089E-03
  0.4675000E-01  0.5192176E-04
  0.4680000E-01  0.1068688E-03
  0.4685000E-01  0.1881933E-02
  0.4690000E-01  0.3564031E-02
  0.4695000E-01  0.5550211E-02
  0.4700000E-01  0.7014821E-02
  0.4705000E-01  0.8449515E-02
  0.4710000E-01  0.9338899E-02
  0.4715000E-01  0.9433759E-02
  0.4720000E-01  0.8863021E-02
  0.4725000E-01  0.8145716E-02
  0.4730000E-01  0.8299592E-02
  0.4735000E-01  0.7471893E-02
  0.4740000E-01  0.7119160E-02
  0.4745000E-01  0.6685078E-02
  0.4750000E-01  0.4952099E-02
  0.4755000E-01  0.2276151E-02
  0.4760000E-01 -0.2692859E-03
  0.4765000E-01 -0.2963965E-02
  0.4770000E-01 -0.4086997E-02
  0.4775000E-01 -0.2914312E-02
  0.4780000E-01 -0.1757400E-02
  0.4785000E-01 -0.1512491E-02
  0.4790000E-01 -0.1120679E-02
  0.4795000E-01 -0.1606886E-04
  0.4800000E-01  0.1306249E-02
  0.4805000E-01  0.2688974E-02
  0.4810000E-01  0.3185751E-02
  0.4815000E-01  0.3110591E-02
  0.4820000E-01  0.6757305E-03
  0.4825000E-01 -0.2253972E-02
  0.4830000E-01 -0.4064925E-02
  0.4835000E-01 -0.4332688E-02
  0.4840000E-01 -0.5248200E-02
  0.4845000E-01 -0.5217449E-02
  0.4850000E-01 -0.5029094E-02
  0.4855000E-01 -0.4988974E-02
  0.4860000E-01 -0.5109777E-02
  0.4865000E-01 -0.5262338E-02
  0.4870000E-01 -0.5380033E-02
  0.4875000E-01 -0.5593915E-02
  0.4880000E-01 -0.5200546E-02
  0.4885000E-01 -0.2941072E-02
  0.4890000E-01 -0.6040295E-03
  0.4895000E-01 -0.6412659E-03
  0.4900000E-01 -0.1784757E-02
  0.4905000E-01 -0.2460149E-02
  0.4910000E-01 -0.3078909E-02
  0.4915000E-01 -0.3306942E-02
  0.4920000E-01 -0.2475052E-02
  0.4925000E-01 -0.1807785E-02
  0.4930000E-01 -0.2050413E-02
  0.4935000E-01 -0.1782644E-02
  0.4940000E-01 -0.1601825E-02
  0.4945000E-01 -0.1619102E-02
  0.4950000E-01 -0.5886222E-03
  0.4955000E-01  0.4458791E-03
  0.4960000E-01  0.1194914E-02
  0.4965000E-01  0.1397556E-02
  0.4970000E-01  0.8744314E-03
  0.4975000E-01 -0.2589071E-03
  0.4980000E-01 -0.1374124E-02
  0.4985000E-01 -0.4627216E-04
  0.4990000E-01  0.1605652E-02
  0.4995000E-01  0.2246838E-02
  0.5000000E-01  0.2151789E-02
  0.5005000E-01  0.1680851E-02
  0.5010000E-01  0.2079528E-02
  0.5015000E-01  0.2545044E-02
  0.5020000E-01  0.2409056E-02
  0.5025000E-01  0.1741716E-02
  0.5030000E-01  0.1177545E-02
  0.5035000E-01  0.1329578E-02
  0.5040000E-01  0.2296940E-02
  0.5045000E-01  0.3147462E-02
  0.5050000E-01  0.3961215E-02
  0.5055000E-01  0.4941774E-02
  0.5060000E-01  0.6311240E-02
  0.5065000E-01  0.7220679E-02
  0.5070000E-01  0.7773005E-02
  0.5075000E-01  0.7639010E-02
  0.5080000E-01  0.5978584E-02
  0.5085000E-01  0.3233361E-02
  0.5090000E-01  0.7994991E-03
  0.5095000E-01 -0.6884205E-03
  0.5100000E-01 -0.1279045E-02
  0.5105000E-01 -0.2320658E-02
  0.5110000E-01 -0.4330141E-02
  0.5115000E-01 -0.3506298E-02
  0.5120000E-01 -0.2033778E-02
  0.5125000E-01 -0.1055333E-02
  0.5130000E-01 -0.1153060E-02
  0.5135000E-01 -0.1577573E-02
  0.5140000E-01 -0.1045688E-02
  0.5145000E-01  0.1093551E-03
  0.5150000E-01  0.7664849E-03
  0.5155000E-01  0.6351569E-03
  0.5160000E-01  0.8769149E-04
  0.5165000E-01  0.4176668E-03
  0.5170000E-01  0.1173701E-02
  0.5175000E-01  0.1614897E-02
  0.5180000E-01  0.1522638E-02
  0.5185000E-01  0.1648157E-02
  0.5190000E-01  0.1885087E-02
  0.5195000E-01  0.2468991E-02
  0.5200000E-01  0.2771791E-02
  0.5205000E-01  0.2576136E-02
  0.5210000E-01  0.2285206E-02
  0.5215000E-01  0.1686270E-02
  0.5220000E-01  0.4815984E-03
  0.5225000E-01 -0.5931284E-03
  0.5230000E-01 -0.8753801E-03
  0.5235000E-01 -0.1406008E-02
  0.5240000E-01 -0.1806852E-02
  0.5245000E-01 -0.2503864E-02
  0.5250000E-01 -0.3752338E-02
  0.5255000E-01 -0.5196903E-02
  0.5260000E-01 -0.6189245E-02
  0.5265000E-01 -0.5189264E-02
  0.5270000E-01 -0.2622680E-02
  0.5275000E-01 -0.8953427E-04
  0.5280000E-01  0.3495646E-03
  0.5285000E-01 -0.1453271E-02
  0.5290000E-01 -0.2199077E-02
  0.5295000E-01 -0.9686442E-03
  0.5300000E-01 -0.2678237E-03
  0.5305000E-01  0.1724012E-03
  0.5310000E-01  0.4278736E-03
  0.5315000E-01 -0.3084805E-03
  0.5320000E-01 -0.3674455E-04
  0.5325000E-01  0.9508935E-03
  0.5330000E-01  0.1822272E-02
  0.5335000E-01  0.2152043E-02
  0.5340000E-01  0.1538359E-02
  0.5345000E-01  0.3793343E-03
  0.5350000E-01 -0.1139040E-02
  0.5355000E-01 -0.2364400E-02
  0.5360000E-01 -0.3488732E-02
  0.5365000E-01 -0.3095487E-02
  0.5370000E-01 -0.1496886E-02
  0.5375000E-01 -0.2031591E-03
  0.5380000E-01  0.6382797E-03
  0.5385000E-01  0.2082201E-02
  0.5390000E-01  0.3178030E-02
  0.5395000E-01  0.2690703E-02
  0.5400000E-01  0.1883369E-02
  0.5405000E-01  0.1101070E-02
  0.5410000E-01  0.3107898E-03
  0.5415000E-01 -0.2279003E-03
  0.5420000E-01 -0.9359450E-03
  0.5425000E-01 -0.1719010E-02
  0.5430000E-01 -0.2034164E-02
  0.5435000E-01 -0.1695806E-02
  0.5440000E-01 -0.1405456E-02
  0.5445000E-01 -0.9677686E-03
  0.5450000E-01  0.1127680E-03
  0.5455000E-01  0.7369378E-03
  0.5460000E-01  0.1102431E-02
  0.5465000E-01  0.2591687E-02
  0.5470000E-01  0.4066651E-02
  0.5475000E-01  0.3774042E-02
  0.5480000E-01  0.2200811E-02
  0.5485000E-01  0.8794728E-03
  0.5490000E-01  0.1521085E-03
  0.5495000E-01 -0.5925262E-05
  0.5500000E-01 -0.3778853E-03
  0.5505000E-01 -0.6552389E-03
  0.5510000E-01 -0.4939930E-03
  0.5515000E-01  0.3779379E-03
  0.5520000E-01  0.1033417E-02
  0.5525000E-01  0.5469794E-03
  0.5530000E-01 -0.7554305E-03
  0.5535000E-01 -0.8497859E-03
  0.5540000E-01  0.8387985E-03
  0.5545000E-01  0.2292975E-02
  0.5550000E-01  0.2720006E-02
  0.5555000E-01  0.2770205E-02
  0.5560000E-01  0.2270014E-02
  0.5565000E-01  0.1617023E-02
  0.5570000E-01  0.1111667E-02
  0.5575000E-01  0.1015546E-02
  0.5580000E-01  0.1774153E-02
  0.5585000E-01  0.2279813E-02
  0.5590000E-01  0.2566156E-02
  0.5595000E-01  0.4021531E-02
  0.5600000E-01  0.4617628E-02
  0.5605000E-01  0.5065053E-02
  0.5610000E-01  0.4273849E-02
  0.5615000E-01  0.2054421E-02
  0.5620000E-01 -0.1076585E-05
  0.5625000E-01 -0.4349673E-03
  0.5630000E-01  0.3973379E-03
  0.5635000E-01  0.1765213E-03
  0.5640000E-01  0.2995869E-03
  0.5645000E-01  0.5607186E-03
  0.5650000E-01  0.1105519E-03
  0.5655000E-01 -0.5946290E-03
  0.5660000E-01 -0.1683533E-02
  0.5665000E-01 -0.2909682E-02
  0.5670000E-01 -0.4027527E-02
  0.5675000E-01 -0.5498219E-02
  0.5680000E-01 -0.7152848E-02
  0.5685000E-01 -0.6907184E-02
  0.5690000E-01 -0.6804271E-02
  0.5695000E-01 -0.6998827E-02
  0.5700000E-01 -0.6325652E-02
  0.5705000E-01 -0.4365340E-02
  0.5710000E-01 -0.2334211E-02
  0.5715000E-01 -0.1384042E-02
  0.5720000E-01 -0.7169465E-03
  0.5725000E-01  0.4624049E-03
  0.5730000E-01  0.1275671E-02
  0.5735000E-01  0.1980827E-02
  0.5740000E-01  0.2562421E-02
  0.5745000E-01  0.3743534E-02
  0.5750000E-01  0.4849441E-02
  0.5755000E-01  0.5396572E-02
  0.5760000E-01  0.5165895E-02
  0.5765000E-01  0.4368756E-02
  0.5770000E-01  0.3565406E-02
  0.5775000E-01  0.3421630E-02
  0.5780000E-01  0.3012052E-02
  0.5785000E-01  0.2338447E-02
  0.5790000E-01  0.1991851E-02
  0.5795000E-01  0.1708358E-02
  0.5800000E-01  0.5823969E-03
  0.5805000E-01 -0.4800065E-03
  0.5810000E-01 -0.4526992E-03
  0.5815000E-01 -0.6685000E-03
  0.5820000E-01 -0.9364690E-03
  0.5825000E-01 -0.7923329E-03
  0.5830000E-01  0.2384351E-04
  0.5835000E-01  0.3143758E-03
  0.5840000E-01 -0.4916076E-03
  0.5845000E-01 -0.1495349E-02
  0.5850000E-01 -0.1223723E-02
  0.5855000E-01 -0.3464541E-03
  0.5860000E-01  0.5330276E-03
  0.5865000E-01 -0.1203371E-04
  0.5870000E-01 -0.2080916E-02
  0.5875000E-01 -0.2701714E-02
  0.5880000E-01 -0.2078614E-02
  0.5885000E-01 -0.1811256E-02
  0.5890000E-01 -0.1457178E-02
  0.5895000E-01 -0.9303908E-03
  0.5900000E-01  0.2877059E-03
  0.5905000E-01  0.1987902E-03
  0.5910000E-01 -0.6363884E-03
  0.5915000E-01 -0.2955384E-03
  0.5920000E-01  0.5721469E-03
  0.5925000E-01  0.8738114E-03
  0.5930000E-01  0.2224779E-03
  0.5935000E-01 -0.3763937E-03
  0.5940000E-01 -0.1349281E-02
  0.5945000E-01 -0.2675117E-02
  0.5950000E-01 -0.2545629E-02
  0.5955000E-01 -0.1165019E-02
  0.5960000E-01  0.1176200E-02
  0.5965000E-01  0.2873896E-02
  0.5970000E-01  0.4093771E-02
  0.5975000E-01  0.4911156E-02
  0.5980000E-01  0.5299432E-02
  0.5985000E-01  0.5990245E-02
  0.5990000E-01  0.6908432E-02
  0.5995000E-01  0.7144054E-02
  0.6000000E-01  0.6714062E-02
  0.6005000E-01  0.5649621E-02
  0.6010000E-01  0.4111974E-02
  0.6015000E-01  0.2690047E-02
  0.6020000E-01  0.2523098E-02
  0.6025000E-01  0.3444095E-02
  0.6030000E-01  0.3982056E-02
  0.6035000E-01  0.3950802E-02
  0.6040000E-01  0.3798054E-02
  0.6045000E-01  0.3437398E-02
  0.6050000E-01  0.3038637E-02
  0.6055000E-01  0.2257333E-02
  0.6060000E-01  0.2530532E-02
  0.6065000E-01  0.2517247E-02
  0.6070000E-01  0.1370950E-02
  0.6075000E-01  0.2244759E-03
  0.6080000E-01 -0.1385835E-02
  0.6085000E-01 -0.1218599E-02
  0.6090000E-01  0.2557497E-03
  0.6095000E-01 -0.1419471E-03
  0.6100000E-01 -0.8531380E-03
  0.6105000E-01 -0.2181592E-02
  0.6110000E-01 -0.3420756E-02
  0.6115000E-01 -0.2555051E-02
  0.6120000E-01 -0.1836770E-02
  0.6125000E-01 -0.2412107E-02
  0.6130000E-01 -0.2580221E-02
  0.6135000E-01 -0.2365464E-02
  0.6140000E-01 -0.2097087E-02
  0.6145000E-01 -0.2388211E-02
  0.6150000E-01 -0.1818641E-02
  0.6155000E-01 -0.4432284E-03
  0.6160000E-01  0.4198951E-03
  0.6165000E-01  0.4664099E-03
  0.6170000E-01  0.3847088E-03
  0.6175000E-01 -0.3981337E-03
  0.6180000E-01 -0.2364361E-02
  0.6185000E-01 -0.4505760E-02
  0.6190000E-01 -0.5937875E-02
  0.6195000E-01 -0.5968584E-02
  0.6200000E-01 -0.6199133E-02
  0.6205000E-01 -0.5523914E-02
  0.6210000E-01 -0.3534084E-02
  0.6215000E-01 -0.2023472E-02
  0.6220000E-01 -0.1640195E-02
  0.6225000E-01 -0.1261815E-02
  0.6230000E-01  0.8676091E-06
  0.6235000E-01  0.2084736E-02
  0.6240000E-01  0.4203870E-02
  0.6245000E-01  0.4927612E-02
  0.6250000E-01  0.5490175E-02
  0.6255000E-01  0.5733786E-02
  0.6260000E-01  0.4939137E-02
  0.6265000E-01  0.4304844E-02
  0.6270000E-01  0.3265668E-02
  0.6275000E-01  0.2390482E-02
  0.6280000E-01  0.6592402E-03
  0.6285000E-01 -0.2445633E-03
  0.6290000E-01 -0.1200868E-02
  0.6295000E-01 -0.7385195E-03
  0.6300000E-01  0.1701914E-02
  0.6305000E-01  0.2791385E-02
  0.6310000E-01  0.4682923E-02
  0.6315000E-01  0.4938155E-02
  0.6320000E-01  0.4808790E-02
  0.6325000E-01  0.4835818E-02
  0.6330000E-01  0.4082072E-02
  0.6335000E-01  0.2101276E-02
  0.6340000E-01 -0.1141539E-02
  0.6345000E-01 -0.4026601E-02
  0.6350000E-01 -0.6546075E-02
  0.6355000E-01 -0.7575533E-02
  0.6360000E-01 -0.7555372E-02
  0.6365000E-01 -0.7928533E-02
  0.6370000E-01 -0.7686710E-02
  0.6375000E-01 -0.7322959E-02
  0.6380000E-01 -0.6196208E-02
  0.6385000E-01 -0.5480870E-02
  0.6390000E-01 -0.4897479E-02
  0.6395000E-01 -0.3893533E-02
  0.6400000E-01 -0.3717858E-02
  0.6405000E-01 -0.3882415E-02
  0.6410000E-01 -0.3577480E-02
  0.6415000E-01 -0.2255839E-02
  0.6420000E-01 -0.8836513E-03
  0.6425000E-01  0.9702328E-04
  0.6430000E-01  0.1615090E-02
  0.6435000E-01  0.2246288E-02
  0.6440000E-01  0.2387868E-02
  0.6445000E-01  0.1855729E-02
  0.6450000E-01  0.1248181E-02
  0.6455000E-01  0.7066069E-03
  0.6460000E-01 -0.2905475E-03
  0.6465000E-01 -0.2258038E-02
  0.6470000E-01 -0.2761026E-02
  0.6475000E-01 -0.1857521E-02
  0.6480000E-01  0.8169267E-04
  0.6485000E-01  0.2201767E-02
  0.6490000E-01  0.3778487E-02
  0.6495000E-01  0.5277226E-02
  0.6500000E-01  0.6346366E-02
  0.6505000E-01  0.5916727E-02
  0.6510000E-01  0.4678417E-02
  0.6515000E-01  0.3665323E-02
  0.6520000E-01  0.4427830E-02
  0.6525000E-01  0.5025384E-02
  0.6530000E-01  0.5073020E-02
  0.6535000E-01  0.5341336E-02
  0.6540000E-01  0.5767921E-02
  0.6545000E-01  0.4944929E-02
  0.6550000E-01  0.2397255E-02
  0.6555000E-01 -0.6101194E-03
  0.6560000E-01 -0.2317938E-02
  0.6565000E-01 -0.2242019E-02
  0.6570000E-01 -0.7076002E-03
  0.6575000E-01  0.2858017E-03
  0.6580000E-01  0.8862759E-03
  0.6585000E-01  0.2097614E-02
  0.6590000E-01  0.3643351E-02
  0.6595000E-01  0.4440690E-02
  0.6600000E-01  0.5774791E-02
  0.6605000E-01  0.6078460E-02
  0.6610000E-01  0.4877637E-02
  0.6615000E-01  0.4451603E-02
  0.6620000E-01  0.4421386E-02
  0.6625000E-01  0.3877020E-02
  0.6630000E-01  0.2599344E-02
  0.6635000E-01  0.2195465E-02
  0.6640000E-01  0.2883069E-02
  0.6645000E-01  0.2712250E-02
  0.6650000E-01  0.2432128E-03
  0.6655000E-01 -0.1285728E-02
  0.6660000E-01 -0.8574517E-03
  0.6665000E-01 -0.1516720E-02
  0.6670000E-01 -0.2968169E-02
  0.6675000E-01 -0.2563306E-02
  0.6680000E-01 -0.6900991E-03
  0.6685000E-01  0.1843146E-02
  0.6690000E-01  0.2211123E-02
  0.6695000E-01  0.2769504E-02
  0.6700000E-01  0.2320457E-02
  0.6705000E-01  0.1836858E-02
  0.6710000E-01  0.1630344E-02
  0.6715000E-01  0.1336672E-02
  0.6720000E-01  0.1706895E-02
  0.6725000E-01  0.2199917E-02
  0.6730000E-01  0.3370517E-02
  0.6735000E-01  0.3842713E-02
  0.6740000E-01  0.2576972E-02
  0.6745000E-01  0.1272319E-02
  0.6750000E-01  0.2359568E-02
  0.6755000E-01  0.3773175E-02
  0.6760000E-01  0.4596754E-02
  0.6765000E-01  0.4404777E-02
  0.6770000E-01  0.3050604E-02
  0.6775000E-01  0.1732269E-02
  0.6780000E-01  0.1585083E-02
  0.6785000E-01  0.1893406E-02
  0.6790000E-01  0.1830659E-02
  0.6795000E-01  0.2709617E-02
  0.6800000E-01  0.4629376E-02
  0.6805000E-01  0.4985125E-02
  0.6810000E-01  0.2257476E-02
  0.6815000E-01 -0.4642842E-03
  0.6820000E-01 -0.2012362E-02
  0.6825000E-01 -0.2862179E-02
  0.6830000E-01 -0.4309149E-02
  0.6835000E-01 -0.4803345E-02
  0.6840000E-01 -0.3277336E-02
  0.6845000E-01 -0.1537122E-02
  0.6850000E-01  0.3527553E-03
  0.6855000E-01  0.2033752E-02
  0.6860000E-01  0.2906763E-02
  0.6865000E-01  0.2333907E-02
  0.6870000E-01  0.1311334E-02
  0.6875000E-01  0.1384725E-02
  0.6880000E-01 -0.1190458E-03
  0.6885000E-01 -0.2629510E-02
  0.6890000E-01 -0.4819609E-02
  0.6895000E-01 -0.6777143E-02
  0.6900000E-01 -0.9036950E-02
  0.6905000E-01 -0.1086410E-01
  0.6910000E-01 -0.1128986E-01
  0.6915000E-01 -0.9440621E-02
  0.6920000E-01 -0.7210275E-02
  0.6925000E-01 -0.5008517E-02
  0.6930000E-01 -0.2231529E-02
  0.6935000E-01  0.1642724E-03
  0.6940000E-01  0.1726593E-02
  0.6945000E-01  0.2789644E-02
  0.6950000E-01  0.1242361E-02
  0.6955000E-01 -0.9823269E-03
  0.6960000E-01 -0.1430415E-02
  0.6965000E-01 -0.1644834E-02
  0.6970000E-01 -0.2979106E-02
  0.6975000E-01 -0.4389737E-02
  0.6980000E-01 -0.3234710E-02
  0.6985000E-01 -0.8842621E-03
  0.6990000E-01  0.2080160E-02
  0.6995000E-01  0.4844629E-02
  0.7000000E-01  0.5843203E-02
  0.7005000E-01  0.6960011E-02
  0.7010000E-01  0.7860131E-02
  0.7015000E-01  0.7272533E-02
  0.7020000E-01  0.7016991E-02
  0.7025000E-01  0.5928692E-02
  0.7030000E-01  0.4512008E-02
  0.7035000E-01  0.3901755E-02
  0.7040000E-01  0.1105156E-02
  0.7045000E-01 -0.2299273E-02
  0.7050000E-01 -0.2304603E-02
  0.7055000E-01 -0.1622663E-03
  0.7060000E-01 -0.1355916E-04
  0.7065000E-01 -0.3147923E-02
  0.7070000E-01 -0.3779540E-02
  0.7075000E-01 -0.1896514E-02
  0.7080000E-01  0.1715474E-02
  0.7085000E-01  0.2848350E-02
  0.7090000E-01  0.2831853E-02
  0.7095000E-01  0.3611170E-02
  0.7100000E-01  0.2664976E-02
  0.7105000E-01 -0.6151981E-03
  0.7110000E-01 -0.2692831E-02
  0.7115000E-01 -0.2318683E-02
  0.7120000E-01 -0.3626452E-02
  0.7125000E-01 -0.5856560E-02
  0.7130000E-01 -0.8381825E-02
  0.7135000E-01 -0.1037508E-01
  0.7140000E-01 -0.1169027E-01
  0.7145000E-01 -0.1091489E-01
  0.7150000E-01 -0.9390084E-02
  0.7155000E-01 -0.7040772E-02
  0.7160000E-01 -0.4475056E-02
  0.7165000E-01 -0.1709430E-02
  0.7170000E-01  0.2157597E-02
  0.7175000E-01  0.7526945E-02
  0.7180000E-01  0.9874204E-02
  0.7185000E-01  0.9575095E-02
  0.7190000E-01  0.7472051E-02
  0.7195000E-01  0.5421502E-02
  0.7200000E-01  0.5895550E-02
  0.7205000E-01  0.7034153E-02
  0.7210000E-01  0.7728502E-02
  0.7215000E-01  0.8635799E-02
  0.7220000E-01  0.9384231E-02
  0.7225000E-01  0.6738833E-02
  0.7230000E-01  0.3904128E-02
  0.7235000E-01  0.9662287E-03
  0.7240000E-01 -0.5794238E-03
  0.7245000E-01  0.7381728E-04
  0.7250000E-01  0.2931158E-03
  0.7255000E-01 -0.3508493E-02
  0.7260000E-01 -0.5038617E-02
  0.7265000E-01 -0.4919669E-02
  0.7270000E-01 -0.3929246E-02
  0.7275000E-01 -0.3188678E-02
  0.7280000E-01 -0.4535471E-02
  0.7285000E-01 -0.3722030E-02
  0.7290000E-01 -0.1175319E-02
  0.7295000E-01 -0.1852117E-03
  0.7300000E-01 -0.9230557E-03
  0.7305000E-01 -0.4084098E-02
  0.7310000E-01 -0.5596018E-02
  0.7315000E-01 -0.5835998E-02
  0.7320000E-01 -0.5802326E-02
  0.7325000E-01 -0.3991714E-02
  0.7330000E-01 -0.2591291E-02
  0.7335000E-01 -0.2311206E-02
  0.7340000E-01 -0.1842473E-02
  0.7345000E-01 -0.1640052E-02
  0.7350000E-01 -0.3900526E-03
  0.7355000E-01  0.2082765E-02
  0.7360000E-01  0.2451428E-02
  0.7365000E-01  0.1094622E-02
  0.7370000E-01  0.1089260E-02
  0.7375000E-01  0.2366330E-02
  0.7380000E-01  0.3504663E-02
  0.7385000E-01  0.4343307E-02
  0.7390000E-01  0.4749532E-02
  0.7395000E-01  0.3554916E-02
  0.7400000E-01  0.2876113E-04
  0.7405000E-01 -0.3200613E-03
  0.7410000E-01  0.2182417E-02
  0.7415000E-01  0.7222544E-02
  0.7420000E-01  0.1118507E-01
  0.7425000E-01  0.1314029E-01
  0.7430000E-01  0.1520607E-01
  0.7435000E-01  0.1852698E-01
  0.7440000E-01  0.1994126E-01
  0.7445000E-01  0.1943737E-01
  0.7450000E-01  0.1616211E-01
  0.7455000E-01  0.1027172E-01
  0.7460000E-01  0.4481498E-02
  0.7465000E-01 -0.2105629E-04
  0.7470000E-01 -0.2567095E-02
  0.7475000E-01 -0.3361487E-02
  0.7480000E-01 -0.3512585E-02
  0.7485000E-01 -0.1019799E-02
  0.7490000E-01  0.1718286E-02
  0.7495000E-01  0.1940876E-02
  0.7500000E-01 -0.1525677E-02
  0.7505000E-01 -0.1760499E-02
  0.7510000E-01 -0.1163530E-02
  0.7515000E-01 -0.3605557E-02
  0.7520000E-01 -0.6579861E-02
  0.7525000E-01 -0.6781435E-02
  0.7530000E-01 -0.4498164E-02
  0.7535000E-01 -0.2681418E-02
  0.7540000E-01 -0.2118403E-02
  0.7545000E-01 -0.2516394E-03
  0.7550000E-01  0.4705017E-02
  0.7555000E-01  0.6695669E-02
  0.7560000E-01  0.2681753E-02
  0.7565000E-01  0.5362886E-03
  0.7570000E-01 -0.9072200E-03
  0.7575000E-01 -0.2683348E-02
  0.7580000E-01 -0.2923369E-02
  0.7585000E-01 -0.3388589E-02
  0.7590000E-01 -0.4225517E-02
  0.7595000E-01 -0.3079923E-02
  0.7600000E-01  0.2671075E-03
  0.7605000E-01  0.4406449E-02
  0.7610000E-01  0.5375277E-02
  0.7615000E-01  0.3035539E-02
  0.7620000E-01  0.5538609E-03
  0.7625000E-01  0.9827911E-04
  0.7630000E-01  0.5702465E-04
  0.7635000E-01 -0.8469300E-03
  0.7640000E-01 -0.1555189E-02
  0.7645000E-01 -0.1907375E-02
  0.7650000E-01 -0.3966550E-02
  0.7655000E-01 -0.7349262E-02
  0.7660000E-01 -0.9491311E-02
  0.7665000E-01 -0.9474086E-02
  0.7670000E-01 -0.6668311E-02
  0.7675000E-01 -0.5041077E-02
  0.7680000E-01 -0.3546237E-02
  0.7685000E-01 -0.2361260E-02
  0.7690000E-01 -0.1151843E-02
  0.7695000E-01  0.1793239E-02
  0.7700000E-01  0.3946630E-02
  0.7705000E-01  0.4792783E-02
  0.7710000E-01  0.4499227E-02
  0.7715000E-01  0.3671540E-02
  0.7720000E-01  0.3217356E-02
  0.7725000E-01  0.3580768E-02
  0.7730000E-01  0.3880258E-02
  0.7735000E-01  0.3689739E-02
  0.7740000E-01  0.3209096E-02
  0.7745000E-01  0.4029060E-02
  0.7750000E-01  0.3882433E-02
  0.7755000E-01  0.3773106E-02
  0.7760000E-01  0.3830705E-02
  0.7765000E-01  0.4413856E-02
  0.7770000E-01  0.5609909E-02
  0.7775000E-01  0.6193301E-02
  0.7780000E-01  0.5019856E-02
  0.7785000E-01  0.9952766E-03
  0.7790000E-01 -0.2813721E-02
  0.7795000E-01 -0.4499252E-02
  0.7800000E-01 -0.4747698E-02
  0.7805000E-01 -0.1636550E-02
  0.7810000E-01  0.2640452E-02
  0.7815000E-01  0.4767669E-02
  0.7820000E-01  0.3455081E-02
  0.7825000E-01  0.1157631E-02
  0.7830000E-01 -0.1508338E-02
  0.7835000E-01 -0.4262040E-02
  0.7840000E-01 -0.3201602E-02
  0.7845000E-01 -0.8590706E-03
  0.7850000E-01  0.1030329E-02
  0.7855000E-01  0.4700475E-02
  0.7860000E-01  0.5283450E-02
  0.7865000E-01  0.6221564E-02
  0.7870000E-01  0.6493288E-02
  0.7875000E-01  0.5874171E-02
  0.7880000E-01  0.3480785E-02
  0.7885000E-01  0.2836662E-03
  0.7890000E-01 -0.1205940E-02
  0.7895000E-01 -0.5752712E-03
  0.7900000E-01 -0.5088116E-03
  0.7905000E-01  0.6570246E-03
  0.7910000E-01  0.3864218E-02
  0.7915000E-01  0.6534303E-02
  0.7920000E-01  0.5669264E-02
  0.7925000E-01  0.5170227E-02
  0.7930000E-01  0.6667442E-02
  0.7935000E-01  0.1013017E-01
  0.7940000E-01  0.1205366E-01
  0.7945000E-01  0.1087906E-01
  0.7950000E-01  0.6171021E-02
  0.7955000E-01 -0.6276591E-03
  0.7960000E-01 -0.3520699E-02
  0.7965000E-01 -0.2119393E-02
  0.7970000E-01  0.9973900E-03
  0.7975000E-01  0.1935213E-02
  0.7980000E-01  0.2047900E-02
  0.7985000E-01  0.3663467E-02
  0.7990000E-01  0.3857866E-02
  0.7995000E-01  0.2713117E-02
  0.8000000E-01  0.1612459E-02
  0.8005000E-01  0.3001164E-02
  0.8010000E-01  0.3898766E-02
  0.8015000E-01  0.3155661E-02
  0.8020000E-01  0.8212586E-03
  0.8025000E-01 -0.3323561E-03
  0.8030000E-01 -0.2107627E-02
  0.8035000E-01 -0.4871499E-02
  0.8040000E-01 -0.4483112E-02
  0.8045000E-01 -0.7099627E-02
  0.8050000E-01 -0.1119741E-01
  0.8055000E-01 -0.1415399E-01
  0.8060000E-01 -0.1241262E-01
  0.8065000E-01 -0.7352485E-02
  0.8070000E-01 -0.5395485E-02
  0.8075000E-01 -0.3458090E-02
  0.8080000E-01 -0.1373221E-02
  0.8085000E-01  0.5222464E-03
  0.8090000E-01  0.2396599E-03
  0.8095000E-01 -0.4258593E-03
  0.8100000E-01 -0.1354837E-03
  0.8105000E-01 -0.8912117E-03
  0.8110000E-01  0.1561025E-03
  0.8115000E-01  0.1270786E-02
  0.8120000E-01 -0.5226145E-03
  0.8125000E-01 -0.4480092E-02
  0.8130000E-01 -0.8464556E-02
  0.8135000E-01 -0.1011721E-01
  0.8140000E-01 -0.8481507E-02
  0.8145000E-01 -0.1580104E-02
  0.8150000E-01  0.5538631E-02
  0.8155000E-01  0.8321835E-02
  0.8160000E-01  0.1050320E-01
  0.8165000E-01  0.1323106E-01
  0.8170000E-01  0.1630823E-01
  0.8175000E-01  0.1779723E-01
  0.8180000E-01  0.1449565E-01
  0.8185000E-01  0.1010113E-01
  0.8190000E-01  0.8525690E-02
  0.8195000E-01  0.4818297E-02
  0.8200000E-01  0.3344938E-02
  0.8205000E-01  0.6188927E-02
  0.8210000E-01  0.1032339E-01
  0.8215000E-01  0.1048375E-01
  0.8220000E-01  0.4689235E-02
  0.8225000E-01 -0.2524704E-02
  0.8230000E-01 -0.2106372E-02
  0.8235000E-01 -0.5014143E-03
  0.8240000E-01  0.6864152E-03
  0.8245000E-01  0.3302707E-02
  0.8250000E-01  0.4021510E-02
  0.8255000E-01  0.4785055E-02
  0.8260000E-01  0.9288716E-02
  0.8265000E-01  0.1274768E-01
  0.8270000E-01  0.1358455E-01
  0.8275000E-01  0.1118220E-01
  0.8280000E-01  0.4651480E-02
  0.8285000E-01  0.4972064E-03
  0.8290000E-01 -0.3308805E-03
  0.8295000E-01 -0.5732147E-04
  0.8300000E-01 -0.7809369E-03
  0.8305000E-01 -0.4691571E-02
  0.8310000E-01 -0.8649422E-02
  0.8315000E-01 -0.1065586E-01
  0.8320000E-01 -0.1356324E-01
  0.8325000E-01 -0.1266893E-01
  0.8330000E-01 -0.5560839E-02
  0.8335000E-01  0.1567024E-02
  0.8340000E-01  0.3202699E-02
  0.8345000E-01  0.3254130E-03
  0.8350000E-01 -0.1360885E-02
  0.8355000E-01 -0.5747486E-02
  0.8360000E-01 -0.9400787E-02
  0.8365000E-01 -0.7279242E-02
  0.8370000E-01 -0.5114900E-02
  0.8375000E-01 -0.2619670E-02
  0.8380000E-01 -0.2472621E-02
  0.8385000E-01 -0.4690660E-02
  0.8390000E-01 -0.6691669E-02
  0.8395000E-01 -0.4378407E-02
  0.8400000E-01 -0.3009144E-02
  0.8405000E-01 -0.1865044E-02
  0.8410000E-01  0.6043989E-03
  0.8415000E-01  0.3290015E-02
  0.8420000E-01  0.4525785E-02
  0.8425000E-01  0.7817903E-02
  0.8430000E-01  0.9863928E-02
  0.8435000E-01  0.6846523E-02
  0.8440000E-01  0.4064312E-03
  0.8445000E-01 -0.4383164E-02
  0.8450000E-01 -0.6156701E-02
  0.8455000E-01 -0.5662063E-02
  0.8460000E-01 -0.2345905E-02
  0.8465000E-01  0.2624902E-02
  0.8470000E-01  0.1992536E-02
  0.8475000E-01 -0.2720697E-02
  0.8480000E-01 -0.9716244E-02
  0.8485000E-01 -0.1170126E-01
  0.8490000E-01 -0.5493350E-02
  0.8495000E-01  0.2556640E-02
  0.8500000E-01  0.6657581E-02
  0.8505000E-01  0.5228281E-02
  0.8510000E-01  0.2561982E-02
  0.8515000E-01  0.4782616E-02
  0.8520000E-01  0.9734337E-02
  0.8525000E-01  0.9899887E-02
  0.8530000E-01  0.8422305E-02
  0.8535000E-01  0.6221201E-02
  0.8540000E-01  0.5658794E-02
  0.8545000E-01  0.3855079E-02
  0.8550000E-01 -0.2894460E-02
  0.8555000E-01 -0.5272759E-02
  0.8560000E-01 -0.6500160E-02
  0.8565000E-01 -0.5068468E-02
  0.8570000E-01  0.1116344E-02
  0.8575000E-01  0.6808328E-02
  0.8580000E-01  0.9761565E-02
  0.8585000E-01  0.8275470E-02
  0.8590000E-01  0.4562477E-02
  0.8595000E-01  0.2505080E-02
  0.8600000E-01 -0.6672776E-03
  0.8605000E-01 -0.5572867E-02
  0.8610000E-01 -0.7914062E-02
  0.8615000E-01 -0.2180964E-02
  0.8620000E-01  0.4537954E-02
  0.8625000E-01  0.4919527E-02
  0.8630000E-01  0.1190515E-03
  0.8635000E-01 -0.8633248E-02
  0.8640000E-01 -0.1397197E-01
  0.8645000E-01 -0.1489625E-01
  0.8650000E-01 -0.1284838E-01
  0.8655000E-01 -0.8081628E-02
  0.8660000E-01 -0.6202024E-02
  0.8665000E-01 -0.2543103E-02
  0.8670000E-01  0.1215131E-03
  0.8675000E-01  0.3473240E-03
  0.8680000E-01 -0.5306976E-03
  0.8685000E-01  0.2648461E-03
  0.8690000E-01  0.3742757E-02
  0.8695000E-01  0.1022982E-01
  0.8700000E-01  0.1518521E-01
  0.8705000E-01  0.1843525E-01
  0.8710000E-01  0.1823826E-01
  0.8715000E-01  0.1746800E-01
  0.8720000E-01  0.1236429E-01
  0.8725000E-01  0.5632959E-02
  0.8730000E-01  0.6222665E-02
  0.8735000E-01  0.8287532E-02
  0.8740000E-01  0.1241633E-01
  0.8745000E-01  0.1378867E-01
  0.8750000E-01  0.1352920E-01
  0.8755000E-01  0.1399288E-01
  0.8760000E-01  0.1294291E-01
  0.8765000E-01  0.1119141E-01
  0.8770000E-01  0.1322498E-01
  0.8775000E-01  0.1886324E-01
  0.8780000E-01  0.1912127E-01
  0.8785000E-01  0.1393042E-01
  0.8790000E-01  0.9388346E-02
  0.8795000E-01  0.6090262E-02
  0.8800000E-01 -0.1346263E-02
  0.8805000E-01 -0.4960774E-02
  0.8810000E-01 -0.4194692E-02
  0.8815000E-01 -0.4588861E-02
  0.8820000E-01 -0.1304715E-02
  0.8825000E-01 -0.3797041E-03
  0.8830000E-01  0.1076579E-02
  0.8835000E-01  0.2529052E-02
  0.8840000E-01  0.3778710E-02
  0.8845000E-01  0.3816046E-02
  0.8850000E-01  0.7287280E-02
  0.8855000E-01  0.6836016E-02
  0.8860000E-01  0.2820492E-02
  0.8865000E-01 -0.2891069E-02
  0.8870000E-01 -0.7337359E-02
  0.8875000E-01 -0.6296742E-02
  0.8880000E-01 -0.1807349E-02
  0.8885000E-01  0.1798960E-02
  0.8890000E-01  0.5029044E-02
  0.8895000E-01  0.1006509E-01
  0.8900000E-01  0.1389507E-01
  0.8905000E-01  0.1818585E-01
  0.8910000E-01  0.1463951E-01
  0.8915000E-01  0.6042279E-02
  0.8920000E-01  0.2482749E-03
  0.8925000E-01 -0.2572876E-02
  0.8930000E-01  0.2576128E-02
  0.8935000E-01  0.7198608E-02
  0.8940000E-01  0.3455346E-02
  0.8945000E-01  0.1179722E-02
  0.8950000E-01  0.2897965E-02
  0.8955000E-01  0.9351921E-02
  0.8960000E-01  0.1217361E-01
  0.8965000E-01  0.1157347E-01
  0.8970000E-01  0.1314745E-01
  0.8975000E-01  0.1182640E-01
  0.8980000E-01  0.8532384E-02
  0.8985000E-01  0.2581066E-03
  0.8990000E-01 -0.4794056E-02
  0.8995000E-01 -0.3179479E-02
  0.9000000E-01  0.1950930E-02
  0.9005000E-01  0.6850801E-02
  0.9010000E-01  0.9140079E-02
  0.9015000E-01  0.1361415E-01
  0.9020000E-01  0.1704817E-01
  0.9025000E-01  0.1162344E-01
  0.9030000E-01  0.1071855E-01
  0.9035000E-01  0.1310369E-01
  0.9040000E-01  0.8542198E-02
  0.9045000E-01  0.8666189E-02
  0.9050000E-01  0.1193156E-01
  0.9055000E-01  0.1392158E-01
  0.9060000E-01  0.1333711E-01
  0.9065000E-01  0.7714039E-02
  0.9070000E-01  0.8186479E-03
  0.9075000E-01 -0.3151959E-02
  0.9080000E-01 -0.7447446E-02
  0.9085000E-01 -0.9480058E-02
  0.9090000E-01 -0.1539115E-01
  0.9095000E-01 -0.2106736E-01
  0.9100000E-01 -0.2286625E-01
  0.9105000E-01 -0.2013533E-01
  0.9110000E-01 -0.7169728E-02
  0.9115000E-01  0.4344746E-02
  0.9120000E-01  0.1000263E-01
  0.9125000E-01  0.1162416E-01
  0.9130000E-01  0.1142836E-01
  0.9135000E-01  0.1532906E-01
  0.9140000E-01  0.1721595E-01
  0.9145000E-01  0.1166763E-01
  0.9150000E-01  0.7672377E-02
  0.9155000E-01  0.2424573E-02
  0.9160000E-01 -0.3712676E-02
  0.9165000E-01 -0.4724655E-02
  0.9170000E-01 -0.4303759E-02
  0.9175000E-01  0.5640903E-02
  0.9180000E-01  0.1246419E-01
  0.9185000E-01  0.9965009E-03
  0.9190000E-01 -0.3584482E-02
  0.9195000E-01  0.7177644E-02
  0.9200000E-01  0.1695188E-01
  0.9205000E-01  0.2445341E-01
  0.9210000E-01  0.2821533E-01
  0.9215000E-01  0.2620950E-01
  0.9220000E-01  0.2020222E-01
  0.9225000E-01  0.1652020E-01
  0.9230000E-01  0.1519065E-01
  0.9235000E-01  0.2075121E-01
  0.9240000E-01  0.1528666E-01
  0.9245000E-01  0.8418475E-03
  0.9250000E-01 -0.8691786E-02
  0.9255000E-01 -0.1599125E-01
  0.9260000E-01 -0.1697050E-01
  0.9265000E-01 -0.1875373E-01
  0.9270000E-01 -0.1564050E-01
  0.9275000E-01 -0.2286132E-02
  0.9280000E-01  0.4668100E-02
  0.9285000E-01  0.9811181E-02
  0.9290000E-01  0.1874709E-02
  0.9295000E-01 -0.7403074E-02
  0.9300000E-01 -0.7733180E-02
  0.9305000E-01  0.5132643E-03
  0.9310000E-01  0.6458528E-02
  0.9315000E-01  0.1048711E-01
  0.9320000E-01  0.9664250E-02
  0.9325000E-01  0.9111746E-02
  0.9330000E-01  0.7648084E-04
  0.9335000E-01 -0.7135579E-02
  0.9340000E-01 -0.8838091E-02
  0.9345000E-01  0.4588673E-03
  0.9350000E-01  0.3234684E-02
  0.9355000E-01  0.7704120E-02
  0.9360000E-01  0.1808076E-01
  0.9365000E-01  0.2794201E-01
  0.9370000E-01  0.2819844E-01
  0.9375000E-01  0.2916182E-01
  0.9380000E-01  0.3455072E-01
  0.9385000E-01  0.3330548E-01
  0.9390000E-01  0.1838673E-01
  0.9395000E-01  0.5119600E-02
  0.9400000E-01  0.7613672E-02
  0.9405000E-01  0.1682959E-01
  0.9410000E-01  0.2229180E-01
  0.9415000E-01  0.2399037E-01
  0.9420000E-01  0.2487297E-01
  0.9425000E-01  0.2194946E-01
  0.9430000E-01  0.2224968E-01
  0.9435000E-01  0.2866791E-01
  0.9440000E-01  0.2886173E-01
  0.9445000E-01  0.2196757E-01
  0.9450000E-01  0.1060488E-01
  0.9455000E-01  0.1669385E-01
  0.9460000E-01  0.3040542E-01
  0.9465000E-01  0.4138306E-01
  0.9470000E-01  0.3895771E-01
  0.9475000E-01  0.3258957E-01
  0.9480000E-01  0.1903310E-01
  0.9485000E-01  0.1720867E-01
  0.9490000E-01  0.1536532E-01
  0.9495000E-01  0.1508214E-01
  0.9500000E-01  0.6334358E-02
  0.9505000E-01 -0.1060476E-02
  0.9510000E-01  0.6723244E-02
  0.9515000E-01  0.2302800E-01
  0.9520000E-01  0.2854248E-01
  0.9525000E-01  0.3232949E-01
  0.9530000E-01  0.2472507E-01
  0.9535000E-01  0.2029897E-01
  0.9540000E-01  0.1614513E-01
  0.9545000E-01  0.1271925E-01
  0.9550000E-01  0.1901685E-01
  0.9555000E-01  0.3864590E-01
  0.9560000E-01  0.4708455E-01
  0.9565000E-01  0.5469733E-01
  0.9570000E-01  0.4691237E-01
  0.9575000E-01  0.2256446E-01
  0.9580000E-01 -0.9822801E-02
  0.9585000E-01 -0.2496239E-01
  0.9590000E-01 -0.3729480E-01
  0.9595000E-01 -0.2617499E-01
  0.9600000E-01 -0.2171208E-01
  0.9605000E-01 -0.2462884E-01
  0.9610000E-01 -0.2003710E-01
  0.9615000E-01 -0.5853274E-02
  0.9620000E-01  0.1904287E-02
  0.9625000E-01  0.3535161E-02
  0.9630000E-01 -0.6038033E-02
  0.9635000E-01 -0.1346387E-01
  0.9640000E-01 -0.2580629E-01
  0.9645000E-01 -0.1861964E-01
  0.9650000E-01 -0.7064503E-02
  0.9655000E-01  0.1583344E-01
  0.9660000E-01  0.2037320E-01
  0.9665000E-01  0.1504012E-01
  0.9670000E-01 -0.1183910E-01
  0.9675000E-01 -0.2067985E-01
  0.9680000E-01 -0.3679658E-01
  0.9685000E-01 -0.4438115E-01
  0.9690000E-01 -0.7263169E-01
  0.9695000E-01 -0.9404044E-01
  0.9700000E-01 -0.1035552E+00
  0.9705000E-01 -0.7845094E-01
  0.9710000E-01 -0.6810513E-01
  0.9715000E-01 -0.4701689E-01
  0.9720000E-01 -0.3494051E-01
  0.9725000E-01 -0.2126699E-01
  0.9730000E-01 -0.3035834E-01
  0.9735000E-01 -0.4316036E-01
  0.9740000E-01 -0.7178979E-01
  0.9745000E-01 -0.8283980E-01
  0.9750000E-01 -0.1160854E+00
  0.9755000E-01 -0.1526163E+00
  0.9760000E-01 -0.2035505E+00
  0.9765000E-01 -0.2196985E+00
  0.9770000E-01 -0.2409592E+00
  0.9775000E-01 -0.2505159E+00
  0.9780000E-01 -0.2740969E+00
  0.9785000E-01 -0.2590439E+00
  0.9790000E-01 -0.2654677E+00
  0.9795000E-01 -0.2210722E+00
  0.9800000E-01 -0.1708005E+00
  0.9805000E-01 -0.9950604E-01
  0.9810000E-01 -0.4046971E-01
  0.9815000E-01  0.6974670E-01
  0.9820000E-01  0.1904190E+00
  0.9825000E-01  0.3674674E+00
  0.9830000E-01  0.5331701E+00
  0.9835000E-01  0.7259144E+00
  0.9840000E-01  0.8895083E+00
  0.9845000E-01  0.1055827E+01
  0.9850000E-01  0.1135500E+01
  0.9855000E-01  0.1150771E+01
  0.9860000E-01  0.1046643E+01
  0.9865000E-01  0.8454637E+00
  0.9870000E-01  0.5174298E+00
  0.9875000E-01  0.9247731E-01
  0.9880000E-01 -0.4194656E+00
  0.9885000E-01 -0.9922292E+00
  0.9890000E-01 -0.1604071E+01
  0.9895000E-01 -0.2227470E+01
  0.9900000E-01 -0.2837182E+01
  0.9905000E-01 -0.3413461E+01
  0.9910000E-01 -0.3932040E+01
  0.9915000E-01 -0.4362406E+01
  0.9920000E-01 -0.4673513E+01
  0.9925000E-01 -0.4845189E+01
  0.9930000E-01 -0.4855037E+01
  0.9935000E-01 -0.4668953E+01
  0.9940000E-01 -0.4242930E+01
  0.9945000E-01 -0.3543695E+01
  0.9950000E-01 -0.2544118E+01
  0.9955000E-01 -0.1245904E+01
  0.9960000E-01  0.3053693E+00
  0.9965000E-01  0.2005189E+01
  0.9970000E-01  0.3703945E+01
  0.9975000E-01  0.5215463E+01
  0.9980000E-01  0.6375278E+01
  0.9985000E-01  0.7093846E+01
  0.9990000E-01  0.7397796E+01
  0.9995000E-01  0.7433689E+01
  0.1000000E+00  0.7433689E+01
