  0.0000000E+00  0.7453483E+01
  0.5000000E-04  0.7524970E+01
  0.1000000E-03  0.7569788E+01
  0.1500000E-03  0.7551471E+01
  0.2000000E-03  0.7391720E+01
  0.2500000E-03  0.7059148E+01
  0.3000000E-03  0.6568784E+01
  0.3500000E-03  0.5970533E+01
  0.4000000E-03  0.5329177E+01
  0.4500000E-03  0.4703743E+01
  0.5000000E-03  0.4138662E+01
  0.5500000E-03  0.3659254E+01
  0.6000000E-03  0.3277347E+01
  0.6500000E-03  0.2996197E+01
  0.7000000E-03  0.2810943E+01
  0.7500000E-03  0.2714151E+01
  0.8000000E-03  0.2695669E+01
  0.8500000E-03  0.2748495E+01
  0.9000000E-03  0.2865258E+01
  0.9500000E-03  0.3035675E+01
  0.1000000E-02  0.3251814E+01
  0.1050000E-02  0.3501027E+01
  0.1100000E-02  0.3768420E+01
  0.1150000E-02  0.4044518E+01
  0.1200000E-02  0.4317805E+01
  0.1250000E-02  0.4576968E+01
  0.1300000E-02  0.4812406E+01
  0.1350000E-02  0.5019127E+01
  0.1400000E-02  0.5193438E+01
  0.1450000E-02  0.5333741E+01
  0.1500000E-02  0.5438954E+01
  0.1550000E-02  0.5521839E+01
  0.1600000E-02  0.5585407E+01
  0.1650000E-02  0.5636699E+01
  0.1700000E-02  0.5678333E+01
  0.1750000E-02  0.5712451E+01
  0.1800000E-02  0.5739931E+01
  0.1850000E-02  0.5767868E+01
  0.1900000E-02  0.5797392E+01
  0.1950000E-02  0.5826583E+01
  0.2000000E-02  0.5849252E+01
  0.2050000E-02  0.5868407E+01
  0.2100000E-02  0.5880742E+01
  0.2150000E-02  0.5886172E+01
  0.2200000E-02  0.5884173E+01
  0.2250000E-02  0.5875192E+01
  0.2300000E-02  0.5855258E+01
  0.2350000E-02  0.5823678E+01
  0.2400000E-02  0.5779564E+01
  0.2450000E-02  0.5729381E+01
  0.2500000E-02  0.5677387E+01
  0.2550000E-02  0.5622094E+01
  0.2600000E-02  0.5559847E+01
  0.2650000E-02  0.5493950E+01
  0.2700000E-02  0.5424254E+01
  0.2750000E-02  0.5353385E+01
  0.2800000E-02  0.5281830E+01
  0.2850000E-02  0.5210795E+01
  0.2900000E-02  0.5139061E+01
  0.2950000E-02  0.5063066E+01
  0.3000000E-02  0.4978603E+01
  0.3050000E-02  0.4891100E+01
  0.3100000E-02  0.4810248E+01
  0.3150000E-02  0.4736426E+01
  0.3200000E-02  0.4669489E+01
  0.3250000E-02  0.4608187E+01
  0.3300000E-02  0.4544190E+01
  0.3350000E-02  0.4474296E+01
  0.3400000E-02  0.4399008E+01
  0.3450000E-02  0.4325887E+01
  0.3500000E-02  0.4254494E+01
  0.3550000E-02  0.4184620E+01
  0.3600000E-02  0.4117709E+01
  0.3650000E-02  0.4054925E+01
  0.3700000E-02  0.3997073E+01
  0.3750000E-02  0.3941152E+01
  0.3800000E-02  0.3882867E+01
  0.3850000E-02  0.3823786E+01
  0.3900000E-02  0.3767541E+01
  0.3950000E-02  0.3715953E+01
  0.4000000E-02  0.3668236E+01
  0.4050000E-02  0.3619878E+01
  0.4100000E-02  0.3569806E+01
  0.4150000E-02  0.3520868E+01
  0.4200000E-02  0.3474620E+01
  0.4250000E-02  0.3431244E+01
  0.4300000E-02  0.3390841E+01
  0.4350000E-02  0.3351790E+01
  0.4400000E-02  0.3311336E+01
  0.4450000E-02  0.3268867E+01
  0.4500000E-02  0.3225421E+01
  0.4550000E-02  0.3183021E+01
  0.4600000E-02  0.3141253E+01
  0.4650000E-02  0.3100171E+01
  0.4700000E-02  0.3058413E+01
  0.4750000E-02  0.3015109E+01
  0.4800000E-02  0.2972980E+01
  0.4850000E-02  0.2935670E+01
  0.4900000E-02  0.2904642E+01
  0.4950000E-02  0.2875497E+01
  0.5000000E-02  0.2845090E+01
  0.5050000E-02  0.2812234E+01
  0.5100000E-02  0.2778451E+01
  0.5150000E-02  0.2745182E+01
  0.5200000E-02  0.2712752E+01
  0.5250000E-02  0.2681409E+01
  0.5300000E-02  0.2651422E+01
  0.5350000E-02  0.2624164E+01
  0.5400000E-02  0.2598522E+01
  0.5450000E-02  0.2572914E+01
  0.5500000E-02  0.2547713E+01
  0.5550000E-02  0.2524018E+01
  0.5600000E-02  0.2503311E+01
  0.5650000E-02  0.2481453E+01
  0.5700000E-02  0.2455983E+01
  0.5750000E-02  0.2429153E+01
  0.5800000E-02  0.2402111E+01
  0.5850000E-02  0.2376572E+01
  0.5900000E-02  0.2351116E+01
  0.5950000E-02  0.2326401E+01
  0.6000000E-02  0.2304530E+01
  0.6050000E-02  0.2284066E+01
  0.6100000E-02  0.2262588E+01
  0.6150000E-02  0.2240183E+01
  0.6200000E-02  0.2219376E+01
  0.6250000E-02  0.2201619E+01
  0.6300000E-02  0.2182765E+01
  0.6350000E-02  0.2162378E+01
  0.6400000E-02  0.2140733E+01
  0.6450000E-02  0.2117899E+01
  0.6500000E-02  0.2096586E+01
  0.6550000E-02  0.2075532E+01
  0.6600000E-02  0.2053638E+01
  0.6650000E-02  0.2033118E+01
  0.6700000E-02  0.2015460E+01
  0.6750000E-02  0.2000134E+01
  0.6800000E-02  0.1985807E+01
  0.6850000E-02  0.1970031E+01
  0.6900000E-02  0.1952289E+01
  0.6950000E-02  0.1934361E+01
  0.7000000E-02  0.1917765E+01
  0.7050000E-02  0.1899835E+01
  0.7100000E-02  0.1881429E+01
  0.7150000E-02  0.1864727E+01
  0.7200000E-02  0.1846346E+01
  0.7250000E-02  0.1827649E+01
  0.7300000E-02  0.1812001E+01
  0.7350000E-02  0.1797196E+01
  0.7400000E-02  0.1779501E+01
  0.7450000E-02  0.1762370E+01
  0.7500000E-02  0.1748066E+01
  0.7550000E-02  0.1733757E+01
  0.7600000E-02  0.1719390E+01
  0.7650000E-02  0.1706232E+01
  0.7700000E-02  0.1693899E+01
  0.7750000E-02  0.1680817E+01
  0.7800000E-02  0.1666895E+01
  0.7850000E-02  0.1652382E+01
  0.7900000E-02  0.1638589E+01
  0.7950000E-02  0.1625251E+01
  0.8000000E-02  0.1612089E+01
  0.8050000E-02  0.1598484E+01
  0.8100000E-02  0.1586027E+01
  0.8150000E-02  0.1575035E+01
  0.8200000E-02  0.1563862E+01
  0.8250000E-02  0.1551205E+01
  0.8300000E-02  0.1536576E+01
  0.8350000E-02  0.1522606E+01
  0.8400000E-02  0.1508480E+01
  0.8450000E-02  0.1494308E+01
  0.8500000E-02  0.1483790E+01
  0.8550000E-02  0.1475836E+01
  0.8600000E-02  0.1466494E+01
  0.8650000E-02  0.1454188E+01
  0.8700000E-02  0.1440010E+01
  0.8750000E-02  0.1427685E+01
  0.8800000E-02  0.1418463E+01
  0.8850000E-02  0.1409743E+01
  0.8900000E-02  0.1401039E+01
  0.8950000E-02  0.1391988E+01
  0.9000000E-02  0.1381830E+01
  0.9050000E-02  0.1373345E+01
  0.9100000E-02  0.1364927E+01
  0.9150000E-02  0.1355566E+01
  0.9200000E-02  0.1345792E+01
  0.9250000E-02  0.1336258E+01
  0.9300000E-02  0.1328704E+01
  0.9350000E-02  0.1321999E+01
  0.9400000E-02  0.1313551E+01
  0.9450000E-02  0.1303730E+01
  0.9500000E-02  0.1292607E+01
  0.9550000E-02  0.1281779E+01
  0.9600000E-02  0.1272411E+01
  0.9650000E-02  0.1265048E+01
  0.9700000E-02  0.1259040E+01
  0.9750000E-02  0.1251625E+01
  0.9800000E-02  0.1243183E+01
  0.9850000E-02  0.1234801E+01
  0.9900000E-02  0.1227179E+01
  0.9950000E-02  0.1219651E+01
  0.1000000E-01  0.1210586E+01
  0.1005000E-01  0.1199801E+01
  0.1010000E-01  0.1188966E+01
  0.1015000E-01  0.1179829E+01
  0.1020000E-01  0.1172188E+01
  0.1025000E-01  0.1165876E+01
  0.1030000E-01  0.1160621E+01
  0.1035000E-01  0.1155386E+01
  0.1040000E-01  0.1148221E+01
  0.1045000E-01  0.1139341E+01
  0.1050000E-01  0.1131218E+01
  0.1055000E-01  0.1123822E+01
  0.1060000E-01  0.1116392E+01
  0.1065000E-01  0.1110280E+01
  0.1070000E-01  0.1103957E+01
  0.1075000E-01  0.1097234E+01
  0.1080000E-01  0.1090969E+01
  0.1085000E-01  0.1084081E+01
  0.1090000E-01  0.1077677E+01
  0.1095000E-01  0.1072709E+01
  0.1100000E-01  0.1068157E+01
  0.1105000E-01  0.1062290E+01
  0.1110000E-01  0.1055746E+01
  0.1115000E-01  0.1051817E+01
  0.1120000E-01  0.1048547E+01
  0.1125000E-01  0.1043815E+01
  0.1130000E-01  0.1037354E+01
  0.1135000E-01  0.1028261E+01
  0.1140000E-01  0.1018837E+01
  0.1145000E-01  0.1010073E+01
  0.1150000E-01  0.1002978E+01
  0.1155000E-01  0.9978757E+00
  0.1160000E-01  0.9934933E+00
  0.1165000E-01  0.9894949E+00
  0.1170000E-01  0.9854115E+00
  0.1175000E-01  0.9814503E+00
  0.1180000E-01  0.9770821E+00
  0.1185000E-01  0.9716837E+00
  0.1190000E-01  0.9647483E+00
  0.1195000E-01  0.9564943E+00
  0.1200000E-01  0.9486443E+00
  0.1205000E-01  0.9419892E+00
  0.1210000E-01  0.9370980E+00
  0.1215000E-01  0.9327517E+00
  0.1220000E-01  0.9271821E+00
  0.1225000E-01  0.9214468E+00
  0.1230000E-01  0.9159168E+00
  0.1235000E-01  0.9099899E+00
  0.1240000E-01  0.9045389E+00
  0.1245000E-01  0.8988163E+00
  0.1250000E-01  0.8935818E+00
  0.1255000E-01  0.8901534E+00
  0.1260000E-01  0.8878024E+00
  0.1265000E-01  0.8846582E+00
  0.1270000E-01  0.8795509E+00
  0.1275000E-01  0.8736884E+00
  0.1280000E-01  0.8680337E+00
  0.1285000E-01  0.8635948E+00
  0.1290000E-01  0.8588665E+00
  0.1295000E-01  0.8529276E+00
  0.1300000E-01  0.8467566E+00
  0.1305000E-01  0.8413857E+00
  0.1310000E-01  0.8373806E+00
  0.1315000E-01  0.8344417E+00
  0.1320000E-01  0.8311786E+00
  0.1325000E-01  0.8259578E+00
  0.1330000E-01  0.8192538E+00
  0.1335000E-01  0.8132264E+00
  0.1340000E-01  0.8082595E+00
  0.1345000E-01  0.8029766E+00
  0.1350000E-01  0.7983672E+00
  0.1355000E-01  0.7946566E+00
  0.1360000E-01  0.7909701E+00
  0.1365000E-01  0.7871533E+00
  0.1370000E-01  0.7831506E+00
  0.1375000E-01  0.7791719E+00
  0.1380000E-01  0.7757158E+00
  0.1385000E-01  0.7725102E+00
  0.1390000E-01  0.7685914E+00
  0.1395000E-01  0.7649412E+00
  0.1400000E-01  0.7620870E+00
  0.1405000E-01  0.7591519E+00
  0.1410000E-01  0.7563573E+00
  0.1415000E-01  0.7535098E+00
  0.1420000E-01  0.7505669E+00
  0.1425000E-01  0.7483735E+00
  0.1430000E-01  0.7462452E+00
  0.1435000E-01  0.7436359E+00
  0.1440000E-01  0.7397413E+00
  0.1445000E-01  0.7350604E+00
  0.1450000E-01  0.7311018E+00
  0.1455000E-01  0.7274230E+00
  0.1460000E-01  0.7237186E+00
  0.1465000E-01  0.7202014E+00
  0.1470000E-01  0.7169190E+00
  0.1475000E-01  0.7143505E+00
  0.1480000E-01  0.7122824E+00
  0.1485000E-01  0.7094058E+00
  0.1490000E-01  0.7051021E+00
  0.1495000E-01  0.6998277E+00
  0.1500000E-01  0.6946241E+00
  0.1505000E-01  0.6900066E+00
  0.1510000E-01  0.6864018E+00
  0.1515000E-01  0.6830304E+00
  0.1520000E-01  0.6785229E+00
  0.1525000E-01  0.6738144E+00
  0.1530000E-01  0.6701453E+00
  0.1535000E-01  0.6680782E+00
  0.1540000E-01  0.6661206E+00
  0.1545000E-01  0.6627427E+00
  0.1550000E-01  0.6588040E+00
  0.1555000E-01  0.6560651E+00
  0.1560000E-01  0.6538944E+00
  0.1565000E-01  0.6507449E+00
  0.1570000E-01  0.6473445E+00
  0.1575000E-01  0.6452361E+00
  0.1580000E-01  0.6437762E+00
  0.1585000E-01  0.6418980E+00
  0.1590000E-01  0.6396368E+00
  0.1595000E-01  0.6377207E+00
  0.1600000E-01  0.6348965E+00
  0.1605000E-01  0.6311630E+00
  0.1610000E-01  0.6273963E+00
  0.1615000E-01  0.6241973E+00
  0.1620000E-01  0.6209670E+00
  0.1625000E-01  0.6180785E+00
  0.1630000E-01  0.6150139E+00
  0.1635000E-01  0.6119250E+00
  0.1640000E-01  0.6091526E+00
  0.1645000E-01  0.6058469E+00
  0.1650000E-01  0.6016069E+00
  0.1655000E-01  0.5975919E+00
  0.1660000E-01  0.5941622E+00
  0.1665000E-01  0.5914503E+00
  0.1670000E-01  0.5892420E+00
  0.1675000E-01  0.5872612E+00
  0.1680000E-01  0.5846198E+00
  0.1685000E-01  0.5818865E+00
  0.1690000E-01  0.5797546E+00
  0.1695000E-01  0.5772849E+00
  0.1700000E-01  0.5746854E+00
  0.1705000E-01  0.5728174E+00
  0.1710000E-01  0.5717136E+00
  0.1715000E-01  0.5703345E+00
  0.1720000E-01  0.5678349E+00
  0.1725000E-01  0.5647119E+00
  0.1730000E-01  0.5609474E+00
  0.1735000E-01  0.5566727E+00
  0.1740000E-01  0.5535449E+00
  0.1745000E-01  0.5513080E+00
  0.1750000E-01  0.5497701E+00
  0.1755000E-01  0.5490609E+00
  0.1760000E-01  0.5481328E+00
  0.1765000E-01  0.5456796E+00
  0.1770000E-01  0.5420776E+00
  0.1775000E-01  0.5385257E+00
  0.1780000E-01  0.5351909E+00
  0.1785000E-01  0.5321558E+00
  0.1790000E-01  0.5295481E+00
  0.1795000E-01  0.5279364E+00
  0.1800000E-01  0.5267610E+00
  0.1805000E-01  0.5247510E+00
  0.1810000E-01  0.5229263E+00
  0.1815000E-01  0.5217193E+00
  0.1820000E-01  0.5198144E+00
  0.1825000E-01  0.5168826E+00
  0.1830000E-01  0.5141575E+00
  0.1835000E-01  0.5115731E+00
  0.1840000E-01  0.5091843E+00
  0.1845000E-01  0.5079206E+00
  0.1850000E-01  0.5069234E+00
  0.1855000E-01  0.5056852E+00
  0.1860000E-01  0.5044392E+00
  0.1865000E-01  0.5032913E+00
  0.1870000E-01  0.5020277E+00
  0.1875000E-01  0.5001040E+00
  0.1880000E-01  0.4980831E+00
  0.1885000E-01  0.4959621E+00
  0.1890000E-01  0.4936674E+00
  0.1895000E-01  0.4917704E+00
  0.1900000E-01  0.4904194E+00
  0.1905000E-01  0.4891446E+00
  0.1910000E-01  0.4873045E+00
  0.1915000E-01  0.4849183E+00
  0.1920000E-01  0.4828614E+00
  0.1925000E-01  0.4809146E+00
  0.1930000E-01  0.4789366E+00
  0.1935000E-01  0.4770483E+00
  0.1940000E-01  0.4752094E+00
  0.1945000E-01  0.4732399E+00
  0.1950000E-01  0.4710674E+00
  0.1955000E-01  0.4690315E+00
  0.1960000E-01  0.4677197E+00
  0.1965000E-01  0.4666041E+00
  0.1970000E-01  0.4654585E+00
  0.1975000E-01  0.4643214E+00
  0.1980000E-01  0.4629432E+00
  0.1985000E-01  0.4617724E+00
  0.1990000E-01  0.4608432E+00
  0.1995000E-01  0.4596147E+00
  0.2000000E-01  0.4574991E+00
  0.2005000E-01  0.4547157E+00
  0.2010000E-01  0.4517308E+00
  0.2015000E-01  0.4491438E+00
  0.2020000E-01  0.4470521E+00
  0.2025000E-01  0.4452405E+00
  0.2030000E-01  0.4430434E+00
  0.2035000E-01  0.4406199E+00
  0.2040000E-01  0.4386999E+00
  0.2045000E-01  0.4374761E+00
  0.2050000E-01  0.4365505E+00
  0.2055000E-01  0.4358324E+00
  0.2060000E-01  0.4349864E+00
  0.2065000E-01  0.4341474E+00
  0.2070000E-01  0.4329414E+00
  0.2075000E-01  0.4318416E+00
  0.2080000E-01  0.4311327E+00
  0.2085000E-01  0.4294831E+00
  0.2090000E-01  0.4272271E+00
  0.2095000E-01  0.4245438E+00
  0.2100000E-01  0.4223178E+00
  0.2105000E-01  0.4210426E+00
  0.2110000E-01  0.4199481E+00
  0.2115000E-01  0.4189094E+00
  0.2120000E-01  0.4183340E+00
  0.2125000E-01  0.4174325E+00
  0.2130000E-01  0.4157470E+00
  0.2135000E-01  0.4138982E+00
  0.2140000E-01  0.4122578E+00
  0.2145000E-01  0.4107182E+00
  0.2150000E-01  0.4087254E+00
  0.2155000E-01  0.4067190E+00
  0.2160000E-01  0.4047748E+00
  0.2165000E-01  0.4030159E+00
  0.2170000E-01  0.4013115E+00
  0.2175000E-01  0.3998703E+00
  0.2180000E-01  0.3983219E+00
  0.2185000E-01  0.3963974E+00
  0.2190000E-01  0.3942637E+00
  0.2195000E-01  0.3921563E+00
  0.2200000E-01  0.3902169E+00
  0.2205000E-01  0.3879208E+00
  0.2210000E-01  0.3854854E+00
  0.2215000E-01  0.3833890E+00
  0.2220000E-01  0.3820296E+00
  0.2225000E-01  0.3807333E+00
  0.2230000E-01  0.3790104E+00
  0.2235000E-01  0.3773767E+00
  0.2240000E-01  0.3761934E+00
  0.2245000E-01  0.3752409E+00
  0.2250000E-01  0.3740097E+00
  0.2255000E-01  0.3727631E+00
  0.2260000E-01  0.3717770E+00
  0.2265000E-01  0.3710654E+00
  0.2270000E-01  0.3701849E+00
  0.2275000E-01  0.3694224E+00
  0.2280000E-01  0.3692397E+00
  0.2285000E-01  0.3693358E+00
  0.2290000E-01  0.3685516E+00
  0.2295000E-01  0.3667055E+00
  0.2300000E-01  0.3644274E+00
  0.2305000E-01  0.3627812E+00
  0.2310000E-01  0.3616313E+00
  0.2315000E-01  0.3601174E+00
  0.2320000E-01  0.3590104E+00
  0.2325000E-01  0.3583670E+00
  0.2330000E-01  0.3573087E+00
  0.2335000E-01  0.3565098E+00
  0.2340000E-01  0.3560641E+00
  0.2345000E-01  0.3549310E+00
  0.2350000E-01  0.3531437E+00
  0.2355000E-01  0.3512048E+00
  0.2360000E-01  0.3494792E+00
  0.2365000E-01  0.3479292E+00
  0.2370000E-01  0.3465999E+00
  0.2375000E-01  0.3453393E+00
  0.2380000E-01  0.3440687E+00
  0.2385000E-01  0.3426398E+00
  0.2390000E-01  0.3411213E+00
  0.2395000E-01  0.3396007E+00
  0.2400000E-01  0.3381164E+00
  0.2405000E-01  0.3368565E+00
  0.2410000E-01  0.3354699E+00
  0.2415000E-01  0.3342465E+00
  0.2420000E-01  0.3335011E+00
  0.2425000E-01  0.3334434E+00
  0.2430000E-01  0.3336021E+00
  0.2435000E-01  0.3332586E+00
  0.2440000E-01  0.3323705E+00
  0.2445000E-01  0.3311475E+00
  0.2450000E-01  0.3298191E+00
  0.2455000E-01  0.3283752E+00
  0.2460000E-01  0.3269072E+00
  0.2465000E-01  0.3256914E+00
  0.2470000E-01  0.3246436E+00
  0.2475000E-01  0.3240369E+00
  0.2480000E-01  0.3232373E+00
  0.2485000E-01  0.3223686E+00
  0.2490000E-01  0.3212266E+00
  0.2495000E-01  0.3195113E+00
  0.2500000E-01  0.3180507E+00
  0.2505000E-01  0.3170555E+00
  0.2510000E-01  0.3159966E+00
  0.2515000E-01  0.3143757E+00
  0.2520000E-01  0.3128580E+00
  0.2525000E-01  0.3117246E+00
  0.2530000E-01  0.3107215E+00
  0.2535000E-01  0.3100210E+00
  0.2540000E-01  0.3094829E+00
  0.2545000E-01  0.3084832E+00
  0.2550000E-01  0.3069985E+00
  0.2555000E-01  0.3058781E+00
  0.2560000E-01  0.3052227E+00
  0.2565000E-01  0.3048450E+00
  0.2570000E-01  0.3041880E+00
  0.2575000E-01  0.3028700E+00
  0.2580000E-01  0.3017871E+00
  0.2585000E-01  0.3013425E+00
  0.2590000E-01  0.3013654E+00
  0.2595000E-01  0.3014774E+00
  0.2600000E-01  0.3010871E+00
  0.2605000E-01  0.2998571E+00
  0.2610000E-01  0.2980038E+00
  0.2615000E-01  0.2964216E+00
  0.2620000E-01  0.2955146E+00
  0.2625000E-01  0.2946429E+00
  0.2630000E-01  0.2937691E+00
  0.2635000E-01  0.2929166E+00
  0.2640000E-01  0.2916705E+00
  0.2645000E-01  0.2902461E+00
  0.2650000E-01  0.2892000E+00
  0.2655000E-01  0.2883314E+00
  0.2660000E-01  0.2875029E+00
  0.2665000E-01  0.2872652E+00
  0.2670000E-01  0.2874697E+00
  0.2675000E-01  0.2872717E+00
  0.2680000E-01  0.2866711E+00
  0.2685000E-01  0.2857727E+00
  0.2690000E-01  0.2844819E+00
  0.2695000E-01  0.2833832E+00
  0.2700000E-01  0.2820533E+00
  0.2705000E-01  0.2800476E+00
  0.2710000E-01  0.2784256E+00
  0.2715000E-01  0.2774770E+00
  0.2720000E-01  0.2767592E+00
  0.2725000E-01  0.2758475E+00
  0.2730000E-01  0.2746291E+00
  0.2735000E-01  0.2735751E+00
  0.2740000E-01  0.2726860E+00
  0.2745000E-01  0.2719791E+00
  0.2750000E-01  0.2715207E+00
  0.2755000E-01  0.2711854E+00
  0.2760000E-01  0.2704973E+00
  0.2765000E-01  0.2693272E+00
  0.2770000E-01  0.2681470E+00
  0.2775000E-01  0.2672167E+00
  0.2780000E-01  0.2667078E+00
  0.2785000E-01  0.2661422E+00
  0.2790000E-01  0.2654130E+00
  0.2795000E-01  0.2646845E+00
  0.2800000E-01  0.2639795E+00
  0.2805000E-01  0.2637337E+00
  0.2810000E-01  0.2637779E+00
  0.2815000E-01  0.2637666E+00
  0.2820000E-01  0.2633377E+00
  0.2825000E-01  0.2624115E+00
  0.2830000E-01  0.2614100E+00
  0.2835000E-01  0.2603247E+00
  0.2840000E-01  0.2594023E+00
  0.2845000E-01  0.2588979E+00
  0.2850000E-01  0.2582314E+00
  0.2855000E-01  0.2574429E+00
  0.2860000E-01  0.2569619E+00
  0.2865000E-01  0.2564944E+00
  0.2870000E-01  0.2555944E+00
  0.2875000E-01  0.2547143E+00
  0.2880000E-01  0.2541724E+00
  0.2885000E-01  0.2539452E+00
  0.2890000E-01  0.2538559E+00
  0.2895000E-01  0.2533324E+00
  0.2900000E-01  0.2528284E+00
  0.2905000E-01  0.2522804E+00
  0.2910000E-01  0.2515112E+00
  0.2915000E-01  0.2506403E+00
  0.2920000E-01  0.2498015E+00
  0.2925000E-01  0.2488924E+00
  0.2930000E-01  0.2480753E+00
  0.2935000E-01  0.2472521E+00
  0.2940000E-01  0.2468172E+00
  0.2945000E-01  0.2467867E+00
  0.2950000E-01  0.2465603E+00
  0.2955000E-01  0.2458782E+00
  0.2960000E-01  0.2450032E+00
  0.2965000E-01  0.2440781E+00
  0.2970000E-01  0.2433753E+00
  0.2975000E-01  0.2426447E+00
  0.2980000E-01  0.2417583E+00
  0.2985000E-01  0.2407516E+00
  0.2990000E-01  0.2397244E+00
  0.2995000E-01  0.2386602E+00
  0.3000000E-01  0.2372749E+00
  0.3005000E-01  0.2357404E+00
  0.3010000E-01  0.2344015E+00
  0.3015000E-01  0.2331191E+00
  0.3020000E-01  0.2319252E+00
  0.3025000E-01  0.2311275E+00
  0.3030000E-01  0.2307987E+00
  0.3035000E-01  0.2306243E+00
  0.3040000E-01  0.2301798E+00
  0.3045000E-01  0.2293022E+00
  0.3050000E-01  0.2282542E+00
  0.3055000E-01  0.2274844E+00
  0.3060000E-01  0.2267623E+00
  0.3065000E-01  0.2259051E+00
  0.3070000E-01  0.2253509E+00
  0.3075000E-01  0.2252673E+00
  0.3080000E-01  0.2251103E+00
  0.3085000E-01  0.2245582E+00
  0.3090000E-01  0.2237872E+00
  0.3095000E-01  0.2232418E+00
  0.3100000E-01  0.2230674E+00
  0.3105000E-01  0.2226169E+00
  0.3110000E-01  0.2217918E+00
  0.3115000E-01  0.2210601E+00
  0.3120000E-01  0.2204765E+00
  0.3125000E-01  0.2200818E+00
  0.3130000E-01  0.2194250E+00
  0.3135000E-01  0.2185278E+00
  0.3140000E-01  0.2179357E+00
  0.3145000E-01  0.2176471E+00
  0.3150000E-01  0.2173364E+00
  0.3155000E-01  0.2166548E+00
  0.3160000E-01  0.2159907E+00
  0.3165000E-01  0.2150512E+00
  0.3170000E-01  0.2139796E+00
  0.3175000E-01  0.2131635E+00
  0.3180000E-01  0.2126096E+00
  0.3185000E-01  0.2121777E+00
  0.3190000E-01  0.2115001E+00
  0.3195000E-01  0.2106530E+00
  0.3200000E-01  0.2102461E+00
  0.3205000E-01  0.2097713E+00
  0.3210000E-01  0.2089256E+00
  0.3215000E-01  0.2082764E+00
  0.3220000E-01  0.2077728E+00
  0.3225000E-01  0.2070680E+00
  0.3230000E-01  0.2061113E+00
  0.3235000E-01  0.2051900E+00
  0.3240000E-01  0.2045675E+00
  0.3245000E-01  0.2044420E+00
  0.3250000E-01  0.2044254E+00
  0.3255000E-01  0.2040814E+00
  0.3260000E-01  0.2034274E+00
  0.3265000E-01  0.2032695E+00
  0.3270000E-01  0.2033684E+00
  0.3275000E-01  0.2035828E+00
  0.3280000E-01  0.2035955E+00
  0.3285000E-01  0.2030129E+00
  0.3290000E-01  0.2023009E+00
  0.3295000E-01  0.2019560E+00
  0.3300000E-01  0.2018940E+00
  0.3305000E-01  0.2016787E+00
  0.3310000E-01  0.2007673E+00
  0.3315000E-01  0.1994705E+00
  0.3320000E-01  0.1985349E+00
  0.3325000E-01  0.1978331E+00
  0.3330000E-01  0.1971917E+00
  0.3335000E-01  0.1967819E+00
  0.3340000E-01  0.1963491E+00
  0.3345000E-01  0.1959490E+00
  0.3350000E-01  0.1957177E+00
  0.3355000E-01  0.1954482E+00
  0.3360000E-01  0.1951434E+00
  0.3365000E-01  0.1946101E+00
  0.3370000E-01  0.1941914E+00
  0.3375000E-01  0.1938117E+00
  0.3380000E-01  0.1933496E+00
  0.3385000E-01  0.1928292E+00
  0.3390000E-01  0.1922627E+00
  0.3395000E-01  0.1915560E+00
  0.3400000E-01  0.1906113E+00
  0.3405000E-01  0.1897129E+00
  0.3410000E-01  0.1890673E+00
  0.3415000E-01  0.1885355E+00
  0.3420000E-01  0.1880563E+00
  0.3425000E-01  0.1874850E+00
  0.3430000E-01  0.1867993E+00
  0.3435000E-01  0.1862032E+00
  0.3440000E-01  0.1856097E+00
  0.3445000E-01  0.1847519E+00
  0.3450000E-01  0.1838962E+00
  0.3455000E-01  0.1833685E+00
  0.3460000E-01  0.1830446E+00
  0.3465000E-01  0.1829071E+00
  0.3470000E-01  0.1830715E+00
  0.3475000E-01  0.1831726E+00
  0.3480000E-01  0.1828933E+00
  0.3485000E-01  0.1824025E+00
  0.3490000E-01  0.1819184E+00
  0.3495000E-01  0.1815313E+00
  0.3500000E-01  0.1810861E+00
  0.3505000E-01  0.1805306E+00
  0.3510000E-01  0.1799644E+00
  0.3515000E-01  0.1793934E+00
  0.3520000E-01  0.1789231E+00
  0.3525000E-01  0.1783560E+00
  0.3530000E-01  0.1777607E+00
  0.3535000E-01  0.1773149E+00
  0.3540000E-01  0.1769601E+00
  0.3545000E-01  0.1768661E+00
  0.3550000E-01  0.1767190E+00
  0.3555000E-01  0.1763588E+00
  0.3560000E-01  0.1759760E+00
  0.3565000E-01  0.1755393E+00
  0.3570000E-01  0.1750473E+00
  0.3575000E-01  0.1747569E+00
  0.3580000E-01  0.1745234E+00
  0.3585000E-01  0.1741046E+00
  0.3590000E-01  0.1736672E+00
  0.3595000E-01  0.1733615E+00
  0.3600000E-01  0.1731730E+00
  0.3605000E-01  0.1730802E+00
  0.3610000E-01  0.1730328E+00
  0.3615000E-01  0.1727573E+00
  0.3620000E-01  0.1720214E+00
  0.3625000E-01  0.1709363E+00
  0.3630000E-01  0.1700948E+00
  0.3635000E-01  0.1695540E+00
  0.3640000E-01  0.1689585E+00
  0.3645000E-01  0.1685156E+00
  0.3650000E-01  0.1686140E+00
  0.3655000E-01  0.1688751E+00
  0.3660000E-01  0.1688289E+00
  0.3665000E-01  0.1686310E+00
  0.3670000E-01  0.1685286E+00
  0.3675000E-01  0.1682965E+00
  0.3680000E-01  0.1678115E+00
  0.3685000E-01  0.1675118E+00
  0.3690000E-01  0.1672955E+00
  0.3695000E-01  0.1669126E+00
  0.3700000E-01  0.1665111E+00
  0.3705000E-01  0.1659612E+00
  0.3710000E-01  0.1656160E+00
  0.3715000E-01  0.1658605E+00
  0.3720000E-01  0.1658917E+00
  0.3725000E-01  0.1655206E+00
  0.3730000E-01  0.1649568E+00
  0.3735000E-01  0.1644631E+00
  0.3740000E-01  0.1643495E+00
  0.3745000E-01  0.1644400E+00
  0.3750000E-01  0.1642565E+00
  0.3755000E-01  0.1637375E+00
  0.3760000E-01  0.1630629E+00
  0.3765000E-01  0.1623974E+00
  0.3770000E-01  0.1617650E+00
  0.3775000E-01  0.1609070E+00
  0.3780000E-01  0.1600471E+00
  0.3785000E-01  0.1595129E+00
  0.3790000E-01  0.1592082E+00
  0.3795000E-01  0.1590148E+00
  0.3800000E-01  0.1589624E+00
  0.3805000E-01  0.1588258E+00
  0.3810000E-01  0.1585317E+00
  0.3815000E-01  0.1581384E+00
  0.3820000E-01  0.1578507E+00
  0.3825000E-01  0.1577152E+00
  0.3830000E-01  0.1575062E+00
  0.3835000E-01  0.1573546E+00
  0.3840000E-01  0.1570393E+00
  0.3845000E-01  0.1564739E+00
  0.3850000E-01  0.1558306E+00
  0.3855000E-01  0.1550495E+00
  0.3860000E-01  0.1541582E+00
  0.3865000E-01  0.1533104E+00
  0.3870000E-01  0.1527834E+00
  0.3875000E-01  0.1526007E+00
  0.3880000E-01  0.1528218E+00
  0.3885000E-01  0.1531857E+00
  0.3890000E-01  0.1532607E+00
  0.3895000E-01  0.1531091E+00
  0.3900000E-01  0.1527190E+00
  0.3905000E-01  0.1521525E+00
  0.3910000E-01  0.1516102E+00
  0.3915000E-01  0.1508839E+00
  0.3920000E-01  0.1501316E+00
  0.3925000E-01  0.1496236E+00
  0.3930000E-01  0.1492057E+00
  0.3935000E-01  0.1486789E+00
  0.3940000E-01  0.1481611E+00
  0.3945000E-01  0.1478330E+00
  0.3950000E-01  0.1476607E+00
  0.3955000E-01  0.1476305E+00
  0.3960000E-01  0.1477317E+00
  0.3965000E-01  0.1479026E+00
  0.3970000E-01  0.1479299E+00
  0.3975000E-01  0.1478362E+00
  0.3980000E-01  0.1476257E+00
  0.3985000E-01  0.1471378E+00
  0.3990000E-01  0.1466362E+00
  0.3995000E-01  0.1463135E+00
  0.4000000E-01  0.1458933E+00
  0.4005000E-01  0.1454903E+00
  0.4010000E-01  0.1451062E+00
  0.4015000E-01  0.1445530E+00
  0.4020000E-01  0.1439830E+00
  0.4025000E-01  0.1436618E+00
  0.4030000E-01  0.1435934E+00
  0.4035000E-01  0.1436210E+00
  0.4040000E-01  0.1436927E+00
  0.4045000E-01  0.1436111E+00
  0.4050000E-01  0.1432456E+00
  0.4055000E-01  0.1426585E+00
  0.4060000E-01  0.1420783E+00
  0.4065000E-01  0.1417619E+00
  0.4070000E-01  0.1415876E+00
  0.4075000E-01  0.1413067E+00
  0.4080000E-01  0.1410487E+00
  0.4085000E-01  0.1408528E+00
  0.4090000E-01  0.1405035E+00
  0.4095000E-01  0.1400892E+00
  0.4100000E-01  0.1397938E+00
  0.4105000E-01  0.1395646E+00
  0.4110000E-01  0.1395902E+00
  0.4115000E-01  0.1398096E+00
  0.4120000E-01  0.1397811E+00
  0.4125000E-01  0.1394310E+00
  0.4130000E-01  0.1392593E+00
  0.4135000E-01  0.1390447E+00
  0.4140000E-01  0.1386237E+00
  0.4145000E-01  0.1382208E+00
  0.4150000E-01  0.1379853E+00
  0.4155000E-01  0.1377913E+00
  0.4160000E-01  0.1373708E+00
  0.4165000E-01  0.1369808E+00
  0.4170000E-01  0.1368596E+00
  0.4175000E-01  0.1368545E+00
  0.4180000E-01  0.1367680E+00
  0.4185000E-01  0.1366751E+00
  0.4190000E-01  0.1366455E+00
  0.4195000E-01  0.1365253E+00
  0.4200000E-01  0.1364568E+00
  0.4205000E-01  0.1365083E+00
  0.4210000E-01  0.1363084E+00
  0.4215000E-01  0.1359342E+00
  0.4220000E-01  0.1354434E+00
  0.4225000E-01  0.1349922E+00
  0.4230000E-01  0.1347071E+00
  0.4235000E-01  0.1343887E+00
  0.4240000E-01  0.1338647E+00
  0.4245000E-01  0.1333378E+00
  0.4250000E-01  0.1329813E+00
  0.4255000E-01  0.1326688E+00
  0.4260000E-01  0.1322975E+00
  0.4265000E-01  0.1319348E+00
  0.4270000E-01  0.1316853E+00
  0.4275000E-01  0.1316145E+00
  0.4280000E-01  0.1314610E+00
  0.4285000E-01  0.1311907E+00
  0.4290000E-01  0.1310689E+00
  0.4295000E-01  0.1308595E+00
  0.4300000E-01  0.1304818E+00
  0.4305000E-01  0.1303615E+00
  0.4310000E-01  0.1304704E+00
  0.4315000E-01  0.1304670E+00
  0.4320000E-01  0.1302991E+00
  0.4325000E-01  0.1300876E+00
  0.4330000E-01  0.1299940E+00
  0.4335000E-01  0.1299340E+00
  0.4340000E-01  0.1296979E+00
  0.4345000E-01  0.1293517E+00
  0.4350000E-01  0.1290582E+00
  0.4355000E-01  0.1287786E+00
  0.4360000E-01  0.1287032E+00
  0.4365000E-01  0.1289167E+00
  0.4370000E-01  0.1291682E+00
  0.4375000E-01  0.1291642E+00
  0.4380000E-01  0.1290037E+00
  0.4385000E-01  0.1288406E+00
  0.4390000E-01  0.1287161E+00
  0.4395000E-01  0.1285772E+00
  0.4400000E-01  0.1284625E+00
  0.4405000E-01  0.1281060E+00
  0.4410000E-01  0.1272706E+00
  0.4415000E-01  0.1263882E+00
  0.4420000E-01  0.1258816E+00
  0.4425000E-01  0.1255328E+00
  0.4430000E-01  0.1253896E+00
  0.4435000E-01  0.1255315E+00
  0.4440000E-01  0.1257614E+00
  0.4445000E-01  0.1260943E+00
  0.4450000E-01  0.1263631E+00
  0.4455000E-01  0.1262887E+00
  0.4460000E-01  0.1261027E+00
  0.4465000E-01  0.1260273E+00
  0.4470000E-01  0.1261095E+00
  0.4475000E-01  0.1261883E+00
  0.4480000E-01  0.1262408E+00
  0.4485000E-01  0.1264613E+00
  0.4490000E-01  0.1264231E+00
  0.4495000E-01  0.1259529E+00
  0.4500000E-01  0.1254457E+00
  0.4505000E-01  0.1250046E+00
  0.4510000E-01  0.1247479E+00
  0.4515000E-01  0.1246184E+00
  0.4520000E-01  0.1243612E+00
  0.4525000E-01  0.1239502E+00
  0.4530000E-01  0.1236215E+00
  0.4535000E-01  0.1235615E+00
  0.4540000E-01  0.1235534E+00
  0.4545000E-01  0.1234764E+00
  0.4550000E-01  0.1233601E+00
  0.4555000E-01  0.1232173E+00
  0.4560000E-01  0.1231322E+00
  0.4565000E-01  0.1231891E+00
  0.4570000E-01  0.1232305E+00
  0.4575000E-01  0.1232859E+00
  0.4580000E-01  0.1233230E+00
  0.4585000E-01  0.1232067E+00
  0.4590000E-01  0.1229030E+00
  0.4595000E-01  0.1228054E+00
  0.4600000E-01  0.1228910E+00
  0.4605000E-01  0.1229646E+00
  0.4610000E-01  0.1230247E+00
  0.4615000E-01  0.1228896E+00
  0.4620000E-01  0.1225452E+00
  0.4625000E-01  0.1222290E+00
  0.4630000E-01  0.1220827E+00
  0.4635000E-01  0.1220770E+00
  0.4640000E-01  0.1222169E+00
  0.4645000E-01  0.1224826E+00
  0.4650000E-01  0.1229070E+00
  0.4655000E-01  0.1232689E+00
  0.4660000E-01  0.1233541E+00
  0.4665000E-01  0.1233950E+00
  0.4670000E-01  0.1234414E+00
  0.4675000E-01  0.1231877E+00
  0.4680000E-01  0.1230487E+00
  0.4685000E-01  0.1230645E+00
  0.4690000E-01  0.1227765E+00
  0.4695000E-01  0.1225235E+00
  0.4700000E-01  0.1225414E+00
  0.4705000E-01  0.1224979E+00
  0.4710000E-01  0.1222167E+00
  0.4715000E-01  0.1218283E+00
  0.4720000E-01  0.1212887E+00
  0.4725000E-01  0.1209372E+00
  0.4730000E-01  0.1208029E+00
  0.4735000E-01  0.1207002E+00
  0.4740000E-01  0.1205503E+00
  0.4745000E-01  0.1203844E+00
  0.4750000E-01  0.1201989E+00
  0.4755000E-01  0.1200201E+00
  0.4760000E-01  0.1199004E+00
  0.4765000E-01  0.1198795E+00
  0.4770000E-01  0.1199051E+00
  0.4775000E-01  0.1199113E+00
  0.4780000E-01  0.1199544E+00
  0.4785000E-01  0.1198279E+00
  0.4790000E-01  0.1195343E+00
  0.4795000E-01  0.1191092E+00
  0.4800000E-01  0.1187878E+00
  0.4805000E-01  0.1187640E+00
  0.4810000E-01  0.1188121E+00
  0.4815000E-01  0.1189309E+00
  0.4820000E-01  0.1189721E+00
  0.4825000E-01  0.1187606E+00
  0.4830000E-01  0.1183756E+00
  0.4835000E-01  0.1179574E+00
  0.4840000E-01  0.1176827E+00
  0.4845000E-01  0.1177393E+00
  0.4850000E-01  0.1180218E+00
  0.4855000E-01  0.1183782E+00
  0.4860000E-01  0.1185039E+00
  0.4865000E-01  0.1183226E+00
  0.4870000E-01  0.1182330E+00
  0.4875000E-01  0.1181881E+00
  0.4880000E-01  0.1180824E+00
  0.4885000E-01  0.1179545E+00
  0.4890000E-01  0.1179553E+00
  0.4895000E-01  0.1181847E+00
  0.4900000E-01  0.1184793E+00
  0.4905000E-01  0.1187588E+00
  0.4910000E-01  0.1187804E+00
  0.4915000E-01  0.1186946E+00
  0.4920000E-01  0.1186137E+00
  0.4925000E-01  0.1183827E+00
  0.4930000E-01  0.1183558E+00
  0.4935000E-01  0.1187006E+00
  0.4940000E-01  0.1189475E+00
  0.4945000E-01  0.1191876E+00
  0.4950000E-01  0.1194282E+00
  0.4955000E-01  0.1193195E+00
  0.4960000E-01  0.1189497E+00
  0.4965000E-01  0.1188235E+00
  0.4970000E-01  0.1187876E+00
  0.4975000E-01  0.1185395E+00
  0.4980000E-01  0.1184259E+00
  0.4985000E-01  0.1185777E+00
  0.4990000E-01  0.1187454E+00
  0.4995000E-01  0.1188616E+00
  0.5000000E-01  0.1192444E+00
  0.5005000E-01  0.1197672E+00
  0.5010000E-01  0.1203685E+00
  0.5015000E-01  0.1207037E+00
  0.5020000E-01  0.1207936E+00
  0.5025000E-01  0.1208221E+00
  0.5030000E-01  0.1206226E+00
  0.5035000E-01  0.1203369E+00
  0.5040000E-01  0.1200777E+00
  0.5045000E-01  0.1197247E+00
  0.5050000E-01  0.1194281E+00
  0.5055000E-01  0.1192101E+00
  0.5060000E-01  0.1190989E+00
  0.5065000E-01  0.1190927E+00
  0.5070000E-01  0.1191093E+00
  0.5075000E-01  0.1190725E+00
  0.5080000E-01  0.1191397E+00
  0.5085000E-01  0.1193257E+00
  0.5090000E-01  0.1194937E+00
  0.5095000E-01  0.1195151E+00
  0.5100000E-01  0.1193046E+00
  0.5105000E-01  0.1188738E+00
  0.5110000E-01  0.1185869E+00
  0.5115000E-01  0.1187008E+00
  0.5120000E-01  0.1189850E+00
  0.5125000E-01  0.1191846E+00
  0.5130000E-01  0.1192881E+00
  0.5135000E-01  0.1193091E+00
  0.5140000E-01  0.1194551E+00
  0.5145000E-01  0.1197789E+00
  0.5150000E-01  0.1201533E+00
  0.5155000E-01  0.1205370E+00
  0.5160000E-01  0.1208247E+00
  0.5165000E-01  0.1208693E+00
  0.5170000E-01  0.1206986E+00
  0.5175000E-01  0.1207167E+00
  0.5180000E-01  0.1210192E+00
  0.5185000E-01  0.1214254E+00
  0.5190000E-01  0.1216560E+00
  0.5195000E-01  0.1216210E+00
  0.5200000E-01  0.1214729E+00
  0.5205000E-01  0.1212467E+00
  0.5210000E-01  0.1210841E+00
  0.5215000E-01  0.1210465E+00
  0.5220000E-01  0.1210577E+00
  0.5225000E-01  0.1208815E+00
  0.5230000E-01  0.1207177E+00
  0.5235000E-01  0.1207038E+00
  0.5240000E-01  0.1205896E+00
  0.5245000E-01  0.1205518E+00
  0.5250000E-01  0.1205721E+00
  0.5255000E-01  0.1204305E+00
  0.5260000E-01  0.1202667E+00
  0.5265000E-01  0.1201543E+00
  0.5270000E-01  0.1201567E+00
  0.5275000E-01  0.1202548E+00
  0.5280000E-01  0.1203722E+00
  0.5285000E-01  0.1204293E+00
  0.5290000E-01  0.1205429E+00
  0.5295000E-01  0.1209150E+00
  0.5300000E-01  0.1212650E+00
  0.5305000E-01  0.1213688E+00
  0.5310000E-01  0.1211577E+00
  0.5315000E-01  0.1209459E+00
  0.5320000E-01  0.1209609E+00
  0.5325000E-01  0.1213956E+00
  0.5330000E-01  0.1219429E+00
  0.5335000E-01  0.1222316E+00
  0.5340000E-01  0.1223271E+00
  0.5345000E-01  0.1222244E+00
  0.5350000E-01  0.1220863E+00
  0.5355000E-01  0.1221724E+00
  0.5360000E-01  0.1225195E+00
  0.5365000E-01  0.1229690E+00
  0.5370000E-01  0.1234007E+00
  0.5375000E-01  0.1237310E+00
  0.5380000E-01  0.1238414E+00
  0.5385000E-01  0.1239261E+00
  0.5390000E-01  0.1240577E+00
  0.5395000E-01  0.1240189E+00
  0.5400000E-01  0.1239973E+00
  0.5405000E-01  0.1241338E+00
  0.5410000E-01  0.1242669E+00
  0.5415000E-01  0.1242641E+00
  0.5420000E-01  0.1241817E+00
  0.5425000E-01  0.1240377E+00
  0.5430000E-01  0.1237459E+00
  0.5435000E-01  0.1234181E+00
  0.5440000E-01  0.1232541E+00
  0.5445000E-01  0.1232458E+00
  0.5450000E-01  0.1234440E+00
  0.5455000E-01  0.1238744E+00
  0.5460000E-01  0.1241804E+00
  0.5465000E-01  0.1244361E+00
  0.5470000E-01  0.1249293E+00
  0.5475000E-01  0.1256188E+00
  0.5480000E-01  0.1262842E+00
  0.5485000E-01  0.1267225E+00
  0.5490000E-01  0.1270464E+00
  0.5495000E-01  0.1274078E+00
  0.5500000E-01  0.1275662E+00
  0.5505000E-01  0.1275116E+00
  0.5510000E-01  0.1275484E+00
  0.5515000E-01  0.1275118E+00
  0.5520000E-01  0.1275088E+00
  0.5525000E-01  0.1278632E+00
  0.5530000E-01  0.1282583E+00
  0.5535000E-01  0.1283049E+00
  0.5540000E-01  0.1282629E+00
  0.5545000E-01  0.1282951E+00
  0.5550000E-01  0.1284423E+00
  0.5555000E-01  0.1287267E+00
  0.5560000E-01  0.1289411E+00
  0.5565000E-01  0.1291911E+00
  0.5570000E-01  0.1296267E+00
  0.5575000E-01  0.1301263E+00
  0.5580000E-01  0.1303668E+00
  0.5585000E-01  0.1302828E+00
  0.5590000E-01  0.1301940E+00
  0.5595000E-01  0.1302201E+00
  0.5600000E-01  0.1303885E+00
  0.5605000E-01  0.1305809E+00
  0.5610000E-01  0.1307003E+00
  0.5615000E-01  0.1309854E+00
  0.5620000E-01  0.1314060E+00
  0.5625000E-01  0.1318858E+00
  0.5630000E-01  0.1324099E+00
  0.5635000E-01  0.1326716E+00
  0.5640000E-01  0.1326139E+00
  0.5645000E-01  0.1326528E+00
  0.5650000E-01  0.1331056E+00
  0.5655000E-01  0.1337562E+00
  0.5660000E-01  0.1341817E+00
  0.5665000E-01  0.1341188E+00
  0.5670000E-01  0.1340069E+00
  0.5675000E-01  0.1341277E+00
  0.5680000E-01  0.1343973E+00
  0.5685000E-01  0.1347182E+00
  0.5690000E-01  0.1348929E+00
  0.5695000E-01  0.1348854E+00
  0.5700000E-01  0.1350315E+00
  0.5705000E-01  0.1354852E+00
  0.5710000E-01  0.1357472E+00
  0.5715000E-01  0.1357172E+00
  0.5720000E-01  0.1355993E+00
  0.5725000E-01  0.1355220E+00
  0.5730000E-01  0.1357503E+00
  0.5735000E-01  0.1363121E+00
  0.5740000E-01  0.1368062E+00
  0.5745000E-01  0.1373102E+00
  0.5750000E-01  0.1380456E+00
  0.5755000E-01  0.1388321E+00
  0.5760000E-01  0.1390461E+00
  0.5765000E-01  0.1388981E+00
  0.5770000E-01  0.1388324E+00
  0.5775000E-01  0.1390522E+00
  0.5780000E-01  0.1391707E+00
  0.5785000E-01  0.1392534E+00
  0.5790000E-01  0.1394193E+00
  0.5795000E-01  0.1393993E+00
  0.5800000E-01  0.1393795E+00
  0.5805000E-01  0.1395560E+00
  0.5810000E-01  0.1400415E+00
  0.5815000E-01  0.1403995E+00
  0.5820000E-01  0.1405514E+00
  0.5825000E-01  0.1404263E+00
  0.5830000E-01  0.1401268E+00
  0.5835000E-01  0.1400504E+00
  0.5840000E-01  0.1403163E+00
  0.5845000E-01  0.1407174E+00
  0.5850000E-01  0.1409917E+00
  0.5855000E-01  0.1412120E+00
  0.5860000E-01  0.1413937E+00
  0.5865000E-01  0.1416290E+00
  0.5870000E-01  0.1418862E+00
  0.5875000E-01  0.1421104E+00
  0.5880000E-01  0.1422492E+00
  0.5885000E-01  0.1423256E+00
  0.5890000E-01  0.1424318E+00
  0.5895000E-01  0.1425136E+00
  0.5900000E-01  0.1425554E+00
  0.5905000E-01  0.1427170E+00
  0.5910000E-01  0.1431669E+00
  0.5915000E-01  0.1437415E+00
  0.5920000E-01  0.1441422E+00
  0.5925000E-01  0.1446553E+00
  0.5930000E-01  0.1453152E+00
  0.5935000E-01  0.1456148E+00
  0.5940000E-01  0.1458037E+00
  0.5945000E-01  0.1460645E+00
  0.5950000E-01  0.1462417E+00
  0.5955000E-01  0.1462456E+00
  0.5960000E-01  0.1463736E+00
  0.5965000E-01  0.1466368E+00
  0.5970000E-01  0.1468820E+00
  0.5975000E-01  0.1471159E+00
  0.5980000E-01  0.1474270E+00
  0.5985000E-01  0.1477660E+00
  0.5990000E-01  0.1481584E+00
  0.5995000E-01  0.1483356E+00
  0.6000000E-01  0.1483834E+00
  0.6005000E-01  0.1484587E+00
  0.6010000E-01  0.1484446E+00
  0.6015000E-01  0.1483900E+00
  0.6020000E-01  0.1484034E+00
  0.6025000E-01  0.1484536E+00
  0.6030000E-01  0.1484759E+00
  0.6035000E-01  0.1485233E+00
  0.6040000E-01  0.1487213E+00
  0.6045000E-01  0.1490842E+00
  0.6050000E-01  0.1496614E+00
  0.6055000E-01  0.1500381E+00
  0.6060000E-01  0.1503526E+00
  0.6065000E-01  0.1508696E+00
  0.6070000E-01  0.1513435E+00
  0.6075000E-01  0.1516709E+00
  0.6080000E-01  0.1524192E+00
  0.6085000E-01  0.1533787E+00
  0.6090000E-01  0.1538772E+00
  0.6095000E-01  0.1542256E+00
  0.6100000E-01  0.1548197E+00
  0.6105000E-01  0.1554527E+00
  0.6110000E-01  0.1559349E+00
  0.6115000E-01  0.1563960E+00
  0.6120000E-01  0.1568159E+00
  0.6125000E-01  0.1568905E+00
  0.6130000E-01  0.1571021E+00
  0.6135000E-01  0.1574983E+00
  0.6140000E-01  0.1579877E+00
  0.6145000E-01  0.1586113E+00
  0.6150000E-01  0.1591290E+00
  0.6155000E-01  0.1592846E+00
  0.6160000E-01  0.1594616E+00
  0.6165000E-01  0.1598149E+00
  0.6170000E-01  0.1600921E+00
  0.6175000E-01  0.1601945E+00
  0.6180000E-01  0.1601014E+00
  0.6185000E-01  0.1602065E+00
  0.6190000E-01  0.1604178E+00
  0.6195000E-01  0.1604608E+00
  0.6200000E-01  0.1602725E+00
  0.6205000E-01  0.1598924E+00
  0.6210000E-01  0.1600302E+00
  0.6215000E-01  0.1607825E+00
  0.6220000E-01  0.1615566E+00
  0.6225000E-01  0.1619219E+00
  0.6230000E-01  0.1620792E+00
  0.6235000E-01  0.1624593E+00
  0.6240000E-01  0.1630458E+00
  0.6245000E-01  0.1635179E+00
  0.6250000E-01  0.1637439E+00
  0.6255000E-01  0.1636972E+00
  0.6260000E-01  0.1636789E+00
  0.6265000E-01  0.1639656E+00
  0.6270000E-01  0.1643468E+00
  0.6275000E-01  0.1649281E+00
  0.6280000E-01  0.1653518E+00
  0.6285000E-01  0.1657636E+00
  0.6290000E-01  0.1660436E+00
  0.6295000E-01  0.1663654E+00
  0.6300000E-01  0.1671001E+00
  0.6305000E-01  0.1681372E+00
  0.6310000E-01  0.1687503E+00
  0.6315000E-01  0.1688730E+00
  0.6320000E-01  0.1686175E+00
  0.6325000E-01  0.1681605E+00
  0.6330000E-01  0.1679486E+00
  0.6335000E-01  0.1682610E+00
  0.6340000E-01  0.1688417E+00
  0.6345000E-01  0.1694046E+00
  0.6350000E-01  0.1701327E+00
  0.6355000E-01  0.1708980E+00
  0.6360000E-01  0.1714054E+00
  0.6365000E-01  0.1718122E+00
  0.6370000E-01  0.1723829E+00
  0.6375000E-01  0.1729320E+00
  0.6380000E-01  0.1732737E+00
  0.6385000E-01  0.1736055E+00
  0.6390000E-01  0.1742180E+00
  0.6395000E-01  0.1750029E+00
  0.6400000E-01  0.1754729E+00
  0.6405000E-01  0.1755597E+00
  0.6410000E-01  0.1755787E+00
  0.6415000E-01  0.1756572E+00
  0.6420000E-01  0.1760346E+00
  0.6425000E-01  0.1763796E+00
  0.6430000E-01  0.1764853E+00
  0.6435000E-01  0.1767272E+00
  0.6440000E-01  0.1771262E+00
  0.6445000E-01  0.1775431E+00
  0.6450000E-01  0.1780236E+00
  0.6455000E-01  0.1783575E+00
  0.6460000E-01  0.1786676E+00
  0.6465000E-01  0.1790821E+00
  0.6470000E-01  0.1795820E+00
  0.6475000E-01  0.1801197E+00
  0.6480000E-01  0.1806370E+00
  0.6485000E-01  0.1811960E+00
  0.6490000E-01  0.1816593E+00
  0.6495000E-01  0.1819348E+00
  0.6500000E-01  0.1824379E+00
  0.6505000E-01  0.1831911E+00
  0.6510000E-01  0.1840630E+00
  0.6515000E-01  0.1847744E+00
  0.6520000E-01  0.1850413E+00
  0.6525000E-01  0.1852845E+00
  0.6530000E-01  0.1859198E+00
  0.6535000E-01  0.1867741E+00
  0.6540000E-01  0.1874454E+00
  0.6545000E-01  0.1877760E+00
  0.6550000E-01  0.1882073E+00
  0.6555000E-01  0.1887494E+00
  0.6560000E-01  0.1893285E+00
  0.6565000E-01  0.1898884E+00
  0.6570000E-01  0.1905035E+00
  0.6575000E-01  0.1913136E+00
  0.6580000E-01  0.1921756E+00
  0.6585000E-01  0.1926391E+00
  0.6590000E-01  0.1926678E+00
  0.6595000E-01  0.1929046E+00
  0.6600000E-01  0.1933159E+00
  0.6605000E-01  0.1936566E+00
  0.6610000E-01  0.1938891E+00
  0.6615000E-01  0.1940390E+00
  0.6620000E-01  0.1943043E+00
  0.6625000E-01  0.1947032E+00
  0.6630000E-01  0.1951814E+00
  0.6635000E-01  0.1956293E+00
  0.6640000E-01  0.1958286E+00
  0.6645000E-01  0.1960007E+00
  0.6650000E-01  0.1962892E+00
  0.6655000E-01  0.1964279E+00
  0.6660000E-01  0.1965570E+00
  0.6665000E-01  0.1969155E+00
  0.6670000E-01  0.1975165E+00
  0.6675000E-01  0.1980652E+00
  0.6680000E-01  0.1986452E+00
  0.6685000E-01  0.1995277E+00
  0.6690000E-01  0.2006131E+00
  0.6695000E-01  0.2015670E+00
  0.6700000E-01  0.2023948E+00
  0.6705000E-01  0.2032138E+00
  0.6710000E-01  0.2039265E+00
  0.6715000E-01  0.2048317E+00
  0.6720000E-01  0.2056854E+00
  0.6725000E-01  0.2062691E+00
  0.6730000E-01  0.2066986E+00
  0.6735000E-01  0.2071046E+00
  0.6740000E-01  0.2077727E+00
  0.6745000E-01  0.2085519E+00
  0.6750000E-01  0.2092769E+00
  0.6755000E-01  0.2101726E+00
  0.6760000E-01  0.2108265E+00
  0.6765000E-01  0.2111949E+00
  0.6770000E-01  0.2116191E+00
  0.6775000E-01  0.2122368E+00
  0.6780000E-01  0.2126919E+00
  0.6785000E-01  0.2128683E+00
  0.6790000E-01  0.2128664E+00
  0.6795000E-01  0.2131145E+00
  0.6800000E-01  0.2136968E+00
  0.6805000E-01  0.2145377E+00
  0.6810000E-01  0.2155975E+00
  0.6815000E-01  0.2169362E+00
  0.6820000E-01  0.2182561E+00
  0.6825000E-01  0.2193149E+00
  0.6830000E-01  0.2201871E+00
  0.6835000E-01  0.2210878E+00
  0.6840000E-01  0.2222780E+00
  0.6845000E-01  0.2234553E+00
  0.6850000E-01  0.2241732E+00
  0.6855000E-01  0.2246718E+00
  0.6860000E-01  0.2253400E+00
  0.6865000E-01  0.2261811E+00
  0.6870000E-01  0.2267822E+00
  0.6875000E-01  0.2268987E+00
  0.6880000E-01  0.2269648E+00
  0.6885000E-01  0.2273259E+00
  0.6890000E-01  0.2275166E+00
  0.6895000E-01  0.2277049E+00
  0.6900000E-01  0.2281926E+00
  0.6905000E-01  0.2288450E+00
  0.6910000E-01  0.2296662E+00
  0.6915000E-01  0.2305659E+00
  0.6920000E-01  0.2316061E+00
  0.6925000E-01  0.2326730E+00
  0.6930000E-01  0.2335143E+00
  0.6935000E-01  0.2340985E+00
  0.6940000E-01  0.2344282E+00
  0.6945000E-01  0.2345864E+00
  0.6950000E-01  0.2347874E+00
  0.6955000E-01  0.2347943E+00
  0.6960000E-01  0.2348255E+00
  0.6965000E-01  0.2351019E+00
  0.6970000E-01  0.2354711E+00
  0.6975000E-01  0.2358567E+00
  0.6980000E-01  0.2362656E+00
  0.6985000E-01  0.2367142E+00
  0.6990000E-01  0.2374662E+00
  0.6995000E-01  0.2386409E+00
  0.7000000E-01  0.2401220E+00
  0.7005000E-01  0.2412976E+00
  0.7010000E-01  0.2415742E+00
  0.7015000E-01  0.2414651E+00
  0.7020000E-01  0.2418156E+00
  0.7025000E-01  0.2424147E+00
  0.7030000E-01  0.2428548E+00
  0.7035000E-01  0.2434214E+00
  0.7040000E-01  0.2443375E+00
  0.7045000E-01  0.2453087E+00
  0.7050000E-01  0.2461093E+00
  0.7055000E-01  0.2466685E+00
  0.7060000E-01  0.2473598E+00
  0.7065000E-01  0.2481265E+00
  0.7070000E-01  0.2487725E+00
  0.7075000E-01  0.2492968E+00
  0.7080000E-01  0.2499719E+00
  0.7085000E-01  0.2504375E+00
  0.7090000E-01  0.2504935E+00
  0.7095000E-01  0.2509350E+00
  0.7100000E-01  0.2518678E+00
  0.7105000E-01  0.2528839E+00
  0.7110000E-01  0.2538528E+00
  0.7115000E-01  0.2546231E+00
  0.7120000E-01  0.2558643E+00
  0.7125000E-01  0.2572942E+00
  0.7130000E-01  0.2584581E+00
  0.7135000E-01  0.2594357E+00
  0.7140000E-01  0.2598692E+00
  0.7145000E-01  0.2601144E+00
  0.7150000E-01  0.2605692E+00
  0.7155000E-01  0.2614064E+00
  0.7160000E-01  0.2626348E+00
  0.7165000E-01  0.2639834E+00
  0.7170000E-01  0.2649866E+00
  0.7175000E-01  0.2658532E+00
  0.7180000E-01  0.2670532E+00
  0.7185000E-01  0.2681987E+00
  0.7190000E-01  0.2691219E+00
  0.7195000E-01  0.2701425E+00
  0.7200000E-01  0.2706037E+00
  0.7205000E-01  0.2705444E+00
  0.7210000E-01  0.2707437E+00
  0.7215000E-01  0.2712759E+00
  0.7220000E-01  0.2720327E+00
  0.7225000E-01  0.2729568E+00
  0.7230000E-01  0.2741681E+00
  0.7235000E-01  0.2758293E+00
  0.7240000E-01  0.2776202E+00
  0.7245000E-01  0.2790882E+00
  0.7250000E-01  0.2801761E+00
  0.7255000E-01  0.2808466E+00
  0.7260000E-01  0.2811096E+00
  0.7265000E-01  0.2810046E+00
  0.7270000E-01  0.2812419E+00
  0.7275000E-01  0.2819105E+00
  0.7280000E-01  0.2826889E+00
  0.7285000E-01  0.2833706E+00
  0.7290000E-01  0.2838702E+00
  0.7295000E-01  0.2840383E+00
  0.7300000E-01  0.2841311E+00
  0.7305000E-01  0.2846072E+00
  0.7310000E-01  0.2856946E+00
  0.7315000E-01  0.2866384E+00
  0.7320000E-01  0.2872200E+00
  0.7325000E-01  0.2878442E+00
  0.7330000E-01  0.2884972E+00
  0.7335000E-01  0.2887367E+00
  0.7340000E-01  0.2888646E+00
  0.7345000E-01  0.2892117E+00
  0.7350000E-01  0.2898289E+00
  0.7355000E-01  0.2908816E+00
  0.7360000E-01  0.2916737E+00
  0.7365000E-01  0.2921694E+00
  0.7370000E-01  0.2929485E+00
  0.7375000E-01  0.2942697E+00
  0.7380000E-01  0.2955611E+00
  0.7385000E-01  0.2970147E+00
  0.7390000E-01  0.2988282E+00
  0.7395000E-01  0.3004490E+00
  0.7400000E-01  0.3016916E+00
  0.7405000E-01  0.3025972E+00
  0.7410000E-01  0.3030882E+00
  0.7415000E-01  0.3037479E+00
  0.7420000E-01  0.3048688E+00
  0.7425000E-01  0.3060774E+00
  0.7430000E-01  0.3066669E+00
  0.7435000E-01  0.3073493E+00
  0.7440000E-01  0.3083032E+00
  0.7445000E-01  0.3090306E+00
  0.7450000E-01  0.3099662E+00
  0.7455000E-01  0.3113566E+00
  0.7460000E-01  0.3130311E+00
  0.7465000E-01  0.3148269E+00
  0.7470000E-01  0.3160438E+00
  0.7475000E-01  0.3167293E+00
  0.7480000E-01  0.3173031E+00
  0.7485000E-01  0.3179471E+00
  0.7490000E-01  0.3187480E+00
  0.7495000E-01  0.3200110E+00
  0.7500000E-01  0.3210769E+00
  0.7505000E-01  0.3214536E+00
  0.7510000E-01  0.3219019E+00
  0.7515000E-01  0.3222062E+00
  0.7520000E-01  0.3225642E+00
  0.7525000E-01  0.3239589E+00
  0.7530000E-01  0.3258808E+00
  0.7535000E-01  0.3272100E+00
  0.7540000E-01  0.3280691E+00
  0.7545000E-01  0.3292868E+00
  0.7550000E-01  0.3306765E+00
  0.7555000E-01  0.3316846E+00
  0.7560000E-01  0.3321235E+00
  0.7565000E-01  0.3330413E+00
  0.7570000E-01  0.3349795E+00
  0.7575000E-01  0.3368235E+00
  0.7580000E-01  0.3383056E+00
  0.7585000E-01  0.3397512E+00
  0.7590000E-01  0.3410974E+00
  0.7595000E-01  0.3422512E+00
  0.7600000E-01  0.3430411E+00
  0.7605000E-01  0.3436225E+00
  0.7610000E-01  0.3439384E+00
  0.7615000E-01  0.3444397E+00
  0.7620000E-01  0.3457499E+00
  0.7625000E-01  0.3471813E+00
  0.7630000E-01  0.3483468E+00
  0.7635000E-01  0.3490311E+00
  0.7640000E-01  0.3497104E+00
  0.7645000E-01  0.3505029E+00
  0.7650000E-01  0.3510227E+00
  0.7655000E-01  0.3519811E+00
  0.7660000E-01  0.3535651E+00
  0.7665000E-01  0.3550380E+00
  0.7670000E-01  0.3560508E+00
  0.7675000E-01  0.3566325E+00
  0.7680000E-01  0.3570353E+00
  0.7685000E-01  0.3577933E+00
  0.7690000E-01  0.3589045E+00
  0.7695000E-01  0.3603121E+00
  0.7700000E-01  0.3620238E+00
  0.7705000E-01  0.3641499E+00
  0.7710000E-01  0.3662960E+00
  0.7715000E-01  0.3681275E+00
  0.7720000E-01  0.3695548E+00
  0.7725000E-01  0.3711030E+00
  0.7730000E-01  0.3730250E+00
  0.7735000E-01  0.3751989E+00
  0.7740000E-01  0.3773809E+00
  0.7745000E-01  0.3792859E+00
  0.7750000E-01  0.3806795E+00
  0.7755000E-01  0.3819070E+00
  0.7760000E-01  0.3833814E+00
  0.7765000E-01  0.3849166E+00
  0.7770000E-01  0.3860740E+00
  0.7775000E-01  0.3869935E+00
  0.7780000E-01  0.3880776E+00
  0.7785000E-01  0.3892590E+00
  0.7790000E-01  0.3899437E+00
  0.7795000E-01  0.3902289E+00
  0.7800000E-01  0.3909913E+00
  0.7805000E-01  0.3919281E+00
  0.7810000E-01  0.3936117E+00
  0.7815000E-01  0.3959387E+00
  0.7820000E-01  0.3977274E+00
  0.7825000E-01  0.3991144E+00
  0.7830000E-01  0.4011250E+00
  0.7835000E-01  0.4026788E+00
  0.7840000E-01  0.4034004E+00
  0.7845000E-01  0.4047310E+00
  0.7850000E-01  0.4066084E+00
  0.7855000E-01  0.4085111E+00
  0.7860000E-01  0.4101891E+00
  0.7865000E-01  0.4114086E+00
  0.7870000E-01  0.4121028E+00
  0.7875000E-01  0.4129116E+00
  0.7880000E-01  0.4143701E+00
  0.7885000E-01  0.4159066E+00
  0.7890000E-01  0.4174484E+00
  0.7895000E-01  0.4186943E+00
  0.7900000E-01  0.4190423E+00
  0.7905000E-01  0.4191747E+00
  0.7910000E-01  0.4195066E+00
  0.7915000E-01  0.4201262E+00
  0.7920000E-01  0.4219589E+00
  0.7925000E-01  0.4242000E+00
  0.7930000E-01  0.4257357E+00
  0.7935000E-01  0.4266940E+00
  0.7940000E-01  0.4279007E+00
  0.7945000E-01  0.4296290E+00
  0.7950000E-01  0.4317981E+00
  0.7955000E-01  0.4339258E+00
  0.7960000E-01  0.4352334E+00
  0.7965000E-01  0.4358968E+00
  0.7970000E-01  0.4371314E+00
  0.7975000E-01  0.4391817E+00
  0.7980000E-01  0.4412061E+00
  0.7985000E-01  0.4427133E+00
  0.7990000E-01  0.4440261E+00
  0.7995000E-01  0.4457511E+00
  0.8000000E-01  0.4478051E+00
  0.8005000E-01  0.4495305E+00
  0.8010000E-01  0.4511958E+00
  0.8015000E-01  0.4530617E+00
  0.8020000E-01  0.4549921E+00
  0.8025000E-01  0.4566048E+00
  0.8030000E-01  0.4584059E+00
  0.8035000E-01  0.4605850E+00
  0.8040000E-01  0.4625175E+00
  0.8045000E-01  0.4648565E+00
  0.8050000E-01  0.4675777E+00
  0.8055000E-01  0.4697118E+00
  0.8060000E-01  0.4717011E+00
  0.8065000E-01  0.4738823E+00
  0.8070000E-01  0.4762560E+00
  0.8075000E-01  0.4785548E+00
  0.8080000E-01  0.4806876E+00
  0.8085000E-01  0.4825074E+00
  0.8090000E-01  0.4837694E+00
  0.8095000E-01  0.4853392E+00
  0.8100000E-01  0.4875829E+00
  0.8105000E-01  0.4901287E+00
  0.8110000E-01  0.4923790E+00
  0.8115000E-01  0.4937807E+00
  0.8120000E-01  0.4947399E+00
  0.8125000E-01  0.4963087E+00
  0.8130000E-01  0.4980205E+00
  0.8135000E-01  0.4996181E+00
  0.8140000E-01  0.5019929E+00
  0.8145000E-01  0.5046627E+00
  0.8150000E-01  0.5069960E+00
  0.8155000E-01  0.5089376E+00
  0.8160000E-01  0.5106993E+00
  0.8165000E-01  0.5128165E+00
  0.8170000E-01  0.5156250E+00
  0.8175000E-01  0.5190742E+00
  0.8180000E-01  0.5226615E+00
  0.8185000E-01  0.5262521E+00
  0.8190000E-01  0.5294969E+00
  0.8195000E-01  0.5322265E+00
  0.8200000E-01  0.5349831E+00
  0.8205000E-01  0.5378345E+00
  0.8210000E-01  0.5401440E+00
  0.8215000E-01  0.5422801E+00
  0.8220000E-01  0.5443055E+00
  0.8225000E-01  0.5459617E+00
  0.8230000E-01  0.5470762E+00
  0.8235000E-01  0.5482907E+00
  0.8240000E-01  0.5494233E+00
  0.8245000E-01  0.5505871E+00
  0.8250000E-01  0.5518020E+00
  0.8255000E-01  0.5539851E+00
  0.8260000E-01  0.5563377E+00
  0.8265000E-01  0.5579649E+00
  0.8270000E-01  0.5599908E+00
  0.8275000E-01  0.5628862E+00
  0.8280000E-01  0.5669916E+00
  0.8285000E-01  0.5717207E+00
  0.8290000E-01  0.5755599E+00
  0.8295000E-01  0.5780325E+00
  0.8300000E-01  0.5796157E+00
  0.8305000E-01  0.5807297E+00
  0.8310000E-01  0.5818304E+00
  0.8315000E-01  0.5830260E+00
  0.8320000E-01  0.5840213E+00
  0.8325000E-01  0.5858585E+00
  0.8330000E-01  0.5892809E+00
  0.8335000E-01  0.5928598E+00
  0.8340000E-01  0.5951270E+00
  0.8345000E-01  0.5972075E+00
  0.8350000E-01  0.5996596E+00
  0.8355000E-01  0.6022963E+00
  0.8360000E-01  0.6059711E+00
  0.8365000E-01  0.6102968E+00
  0.8370000E-01  0.6133863E+00
  0.8375000E-01  0.6151993E+00
  0.8380000E-01  0.6161530E+00
  0.8385000E-01  0.6177441E+00
  0.8390000E-01  0.6205619E+00
  0.8395000E-01  0.6235888E+00
  0.8400000E-01  0.6256119E+00
  0.8405000E-01  0.6273384E+00
  0.8410000E-01  0.6297491E+00
  0.8415000E-01  0.6321494E+00
  0.8420000E-01  0.6347605E+00
  0.8425000E-01  0.6382667E+00
  0.8430000E-01  0.6421582E+00
  0.8435000E-01  0.6457285E+00
  0.8440000E-01  0.6489530E+00
  0.8445000E-01  0.6517441E+00
  0.8450000E-01  0.6544281E+00
  0.8455000E-01  0.6568796E+00
  0.8460000E-01  0.6592080E+00
  0.8465000E-01  0.6623230E+00
  0.8470000E-01  0.6662278E+00
  0.8475000E-01  0.6698055E+00
  0.8480000E-01  0.6731372E+00
  0.8485000E-01  0.6764918E+00
  0.8490000E-01  0.6791638E+00
  0.8495000E-01  0.6815297E+00
  0.8500000E-01  0.6828718E+00
  0.8505000E-01  0.6841592E+00
  0.8510000E-01  0.6873744E+00
  0.8515000E-01  0.6914445E+00
  0.8520000E-01  0.6954978E+00
  0.8525000E-01  0.6997679E+00
  0.8530000E-01  0.7035979E+00
  0.8535000E-01  0.7074668E+00
  0.8540000E-01  0.7113432E+00
  0.8545000E-01  0.7146967E+00
  0.8550000E-01  0.7190290E+00
  0.8555000E-01  0.7238341E+00
  0.8560000E-01  0.7282226E+00
  0.8565000E-01  0.7337489E+00
  0.8570000E-01  0.7391547E+00
  0.8575000E-01  0.7439146E+00
  0.8580000E-01  0.7471100E+00
  0.8585000E-01  0.7494144E+00
  0.8590000E-01  0.7524868E+00
  0.8595000E-01  0.7565848E+00
  0.8600000E-01  0.7608921E+00
  0.8605000E-01  0.7648018E+00
  0.8610000E-01  0.7693470E+00
  0.8615000E-01  0.7744720E+00
  0.8620000E-01  0.7786034E+00
  0.8625000E-01  0.7816457E+00
  0.8630000E-01  0.7852060E+00
  0.8635000E-01  0.7894608E+00
  0.8640000E-01  0.7930395E+00
  0.8645000E-01  0.7966868E+00
  0.8650000E-01  0.8005823E+00
  0.8655000E-01  0.8047949E+00
  0.8660000E-01  0.8093399E+00
  0.8665000E-01  0.8132402E+00
  0.8670000E-01  0.8165123E+00
  0.8675000E-01  0.8213371E+00
  0.8680000E-01  0.8268868E+00
  0.8685000E-01  0.8318347E+00
  0.8690000E-01  0.8374228E+00
  0.8695000E-01  0.8436982E+00
  0.8700000E-01  0.8489818E+00
  0.8705000E-01  0.8531964E+00
  0.8710000E-01  0.8582305E+00
  0.8715000E-01  0.8637329E+00
  0.8720000E-01  0.8678668E+00
  0.8725000E-01  0.8712724E+00
  0.8730000E-01  0.8745784E+00
  0.8735000E-01  0.8775441E+00
  0.8740000E-01  0.8813221E+00
  0.8745000E-01  0.8859891E+00
  0.8750000E-01  0.8919992E+00
  0.8755000E-01  0.8986998E+00
  0.8760000E-01  0.9041725E+00
  0.8765000E-01  0.9085407E+00
  0.8770000E-01  0.9138619E+00
  0.8775000E-01  0.9188526E+00
  0.8780000E-01  0.9227868E+00
  0.8785000E-01  0.9269070E+00
  0.8790000E-01  0.9308192E+00
  0.8795000E-01  0.9342627E+00
  0.8800000E-01  0.9377060E+00
  0.8805000E-01  0.9414444E+00
  0.8810000E-01  0.9461604E+00
  0.8815000E-01  0.9522962E+00
  0.8820000E-01  0.9590299E+00
  0.8825000E-01  0.9648246E+00
  0.8830000E-01  0.9705705E+00
  0.8835000E-01  0.9775141E+00
  0.8840000E-01  0.9844314E+00
  0.8845000E-01  0.9903443E+00
  0.8850000E-01  0.9953498E+00
  0.8855000E-01  0.1000242E+01
  0.8860000E-01  0.1006040E+01
  0.8865000E-01  0.1013472E+01
  0.8870000E-01  0.1021298E+01
  0.8875000E-01  0.1029533E+01
  0.8880000E-01  0.1037370E+01
  0.8885000E-01  0.1044543E+01
  0.8890000E-01  0.1051043E+01
  0.8895000E-01  0.1057406E+01
  0.8900000E-01  0.1063274E+01
  0.8905000E-01  0.1068983E+01
  0.8910000E-01  0.1075654E+01
  0.8915000E-01  0.1083817E+01
  0.8920000E-01  0.1092915E+01
  0.8925000E-01  0.1101092E+01
  0.8930000E-01  0.1107673E+01
  0.8935000E-01  0.1112703E+01
  0.8940000E-01  0.1117642E+01
  0.8945000E-01  0.1124033E+01
  0.8950000E-01  0.1130348E+01
  0.8955000E-01  0.1136753E+01
  0.8960000E-01  0.1143122E+01
  0.8965000E-01  0.1149835E+01
  0.8970000E-01  0.1156271E+01
  0.8975000E-01  0.1161415E+01
  0.8980000E-01  0.1167679E+01
  0.8985000E-01  0.1176312E+01
  0.8990000E-01  0.1186457E+01
  0.8995000E-01  0.1195485E+01
  0.9000000E-01  0.1203752E+01
  0.9005000E-01  0.1212493E+01
  0.9010000E-01  0.1222872E+01
  0.9015000E-01  0.1233634E+01
  0.9020000E-01  0.1243092E+01
  0.9025000E-01  0.1252716E+01
  0.9030000E-01  0.1262977E+01
  0.9035000E-01  0.1273110E+01
  0.9040000E-01  0.1281621E+01
  0.9045000E-01  0.1289075E+01
  0.9050000E-01  0.1296584E+01
  0.9055000E-01  0.1305369E+01
  0.9060000E-01  0.1315106E+01
  0.9065000E-01  0.1325559E+01
  0.9070000E-01  0.1336168E+01
  0.9075000E-01  0.1346062E+01
  0.9080000E-01  0.1353593E+01
  0.9085000E-01  0.1360943E+01
  0.9090000E-01  0.1370122E+01
  0.9095000E-01  0.1378990E+01
  0.9100000E-01  0.1387419E+01
  0.9105000E-01  0.1396369E+01
  0.9110000E-01  0.1406493E+01
  0.9115000E-01  0.1417591E+01
  0.9120000E-01  0.1429881E+01
  0.9125000E-01  0.1442313E+01
  0.9130000E-01  0.1454831E+01
  0.9135000E-01  0.1467072E+01
  0.9140000E-01  0.1477379E+01
  0.9145000E-01  0.1487637E+01
  0.9150000E-01  0.1498016E+01
  0.9155000E-01  0.1507523E+01
  0.9160000E-01  0.1517451E+01
  0.9165000E-01  0.1529165E+01
  0.9170000E-01  0.1541738E+01
  0.9175000E-01  0.1554025E+01
  0.9180000E-01  0.1567359E+01
  0.9185000E-01  0.1581346E+01
  0.9190000E-01  0.1594170E+01
  0.9195000E-01  0.1606350E+01
  0.9200000E-01  0.1617940E+01
  0.9205000E-01  0.1629283E+01
  0.9210000E-01  0.1642406E+01
  0.9215000E-01  0.1655948E+01
  0.9220000E-01  0.1668889E+01
  0.9225000E-01  0.1680742E+01
  0.9230000E-01  0.1692485E+01
  0.9235000E-01  0.1706341E+01
  0.9240000E-01  0.1719312E+01
  0.9245000E-01  0.1731911E+01
  0.9250000E-01  0.1745590E+01
  0.9255000E-01  0.1759619E+01
  0.9260000E-01  0.1775976E+01
  0.9265000E-01  0.1792967E+01
  0.9270000E-01  0.1808120E+01
  0.9275000E-01  0.1820552E+01
  0.9280000E-01  0.1833345E+01
  0.9285000E-01  0.1849541E+01
  0.9290000E-01  0.1865364E+01
  0.9295000E-01  0.1881616E+01
  0.9300000E-01  0.1899708E+01
  0.9305000E-01  0.1917923E+01
  0.9310000E-01  0.1936679E+01
  0.9315000E-01  0.1956978E+01
  0.9320000E-01  0.1975757E+01
  0.9325000E-01  0.1991639E+01
  0.9330000E-01  0.2007321E+01
  0.9335000E-01  0.2025452E+01
  0.9340000E-01  0.2047349E+01
  0.9345000E-01  0.2069551E+01
  0.9350000E-01  0.2091002E+01
  0.9355000E-01  0.2112514E+01
  0.9360000E-01  0.2131563E+01
  0.9365000E-01  0.2148977E+01
  0.9370000E-01  0.2168155E+01
  0.9375000E-01  0.2187816E+01
  0.9380000E-01  0.2206004E+01
  0.9385000E-01  0.2225410E+01
  0.9390000E-01  0.2247948E+01
  0.9395000E-01  0.2271391E+01
  0.9400000E-01  0.2294483E+01
  0.9405000E-01  0.2317854E+01
  0.9410000E-01  0.2341021E+01
  0.9415000E-01  0.2363837E+01
  0.9420000E-01  0.2387754E+01
  0.9425000E-01  0.2413701E+01
  0.9430000E-01  0.2439151E+01
  0.9435000E-01  0.2463675E+01
  0.9440000E-01  0.2489336E+01
  0.9445000E-01  0.2513451E+01
  0.9450000E-01  0.2536463E+01
  0.9455000E-01  0.2560704E+01
  0.9460000E-01  0.2587223E+01
  0.9465000E-01  0.2615545E+01
  0.9470000E-01  0.2645887E+01
  0.9475000E-01  0.2679391E+01
  0.9480000E-01  0.2710948E+01
  0.9485000E-01  0.2739472E+01
  0.9490000E-01  0.2766309E+01
  0.9495000E-01  0.2793145E+01
  0.9500000E-01  0.2824187E+01
  0.9505000E-01  0.2859157E+01
  0.9510000E-01  0.2895991E+01
  0.9515000E-01  0.2933457E+01
  0.9520000E-01  0.2972478E+01
  0.9525000E-01  0.3012259E+01
  0.9530000E-01  0.3048829E+01
  0.9535000E-01  0.3083085E+01
  0.9540000E-01  0.3118089E+01
  0.9545000E-01  0.3155881E+01
  0.9550000E-01  0.3195923E+01
  0.9555000E-01  0.3238207E+01
  0.9560000E-01  0.3280912E+01
  0.9565000E-01  0.3324666E+01
  0.9570000E-01  0.3368880E+01
  0.9575000E-01  0.3414418E+01
  0.9580000E-01  0.3458639E+01
  0.9585000E-01  0.3503236E+01
  0.9590000E-01  0.3552189E+01
  0.9595000E-01  0.3604126E+01
  0.9600000E-01  0.3654029E+01
  0.9605000E-01  0.3702509E+01
  0.9610000E-01  0.3754615E+01
  0.9615000E-01  0.3814005E+01
  0.9620000E-01  0.3874788E+01
  0.9625000E-01  0.3931535E+01
  0.9630000E-01  0.3986029E+01
  0.9635000E-01  0.4043142E+01
  0.9640000E-01  0.4101149E+01
  0.9645000E-01  0.4159860E+01
  0.9650000E-01  0.4222155E+01
  0.9655000E-01  0.4289165E+01
  0.9660000E-01  0.4359733E+01
  0.9665000E-01  0.4436398E+01
  0.9670000E-01  0.4517983E+01
  0.9675000E-01  0.4603248E+01
  0.9680000E-01  0.4688539E+01
  0.9685000E-01  0.4768259E+01
  0.9690000E-01  0.4844312E+01
  0.9695000E-01  0.4920495E+01
  0.9700000E-01  0.4995225E+01
  0.9705000E-01  0.5067304E+01
  0.9710000E-01  0.5134879E+01
  0.9715000E-01  0.5201742E+01
  0.9720000E-01  0.5273008E+01
  0.9725000E-01  0.5345046E+01
  0.9730000E-01  0.5414829E+01
  0.9735000E-01  0.5484125E+01
  0.9740000E-01  0.5553079E+01
  0.9745000E-01  0.5620130E+01
  0.9750000E-01  0.5679722E+01
  0.9755000E-01  0.5728482E+01
  0.9760000E-01  0.5766546E+01
  0.9765000E-01  0.5800094E+01
  0.9770000E-01  0.5830738E+01
  0.9775000E-01  0.5856879E+01
  0.9780000E-01  0.5873657E+01
  0.9785000E-01  0.5882324E+01
  0.9790000E-01  0.5883578E+01
  0.9795000E-01  0.5878384E+01
  0.9800000E-01  0.5862552E+01
  0.9805000E-01  0.5837738E+01
  0.9810000E-01  0.5807404E+01
  0.9815000E-01  0.5777072E+01
  0.9820000E-01  0.5744634E+01
  0.9825000E-01  0.5710612E+01
  0.9830000E-01  0.5669886E+01
  0.9835000E-01  0.5625656E+01
  0.9840000E-01  0.5576318E+01
  0.9845000E-01  0.5520867E+01
  0.9850000E-01  0.5445074E+01
  0.9855000E-01  0.5337885E+01
  0.9860000E-01  0.5192630E+01
  0.9865000E-01  0.5014376E+01
  0.9870000E-01  0.4804022E+01
  0.9875000E-01  0.4567086E+01
  0.9880000E-01  0.4309005E+01
  0.9885000E-01  0.4036891E+01
  0.9890000E-01  0.3759730E+01
  0.9895000E-01  0.3489119E+01
  0.9900000E-01  0.3239603E+01
  0.9905000E-01  0.3024810E+01
  0.9910000E-01  0.2855647E+01
  0.9915000E-01  0.2742292E+01
  0.9920000E-01  0.2690730E+01
  0.9925000E-01  0.2709005E+01
  0.9930000E-01  0.2807306E+01
  0.9935000E-01  0.2993581E+01
  0.9940000E-01  0.3274580E+01
  0.9945000E-01  0.3654621E+01
  0.9950000E-01  0.4131939E+01
  0.9955000E-01  0.4694595E+01
  0.9960000E-01  0.5312825E+01
  0.9965000E-01  0.5942178E+01
  0.9970000E-01  0.6527486E+01
  0.9975000E-01  0.7006445E+01
  0.9980000E-01  0.7328658E+01
  0.9985000E-01  0.7480688E+01
  0.9990000E-01  0.7497337E+01
  0.9995000E-01  0.7453484E+01
  0.1000000E+00  0.7453483E+01
