  0.0000000E+00  0.7427343E+01
  0.5000000E-04  0.7448951E+01
  0.1000000E-03  0.7493720E+01
  0.1500000E-03  0.7477776E+01
  0.2000000E-03  0.7322881E+01
  0.2500000E-03  0.6993303E+01
  0.3000000E-03  0.6504689E+01
  0.3500000E-03  0.5909233E+01
  0.4000000E-03  0.5272038E+01
  0.4500000E-03  0.4651038E+01
  0.5000000E-03  0.4089612E+01
  0.5500000E-03  0.3613507E+01
  0.6000000E-03  0.3233885E+01
  0.6500000E-03  0.2953394E+01
  0.7000000E-03  0.2769748E+01
  0.7500000E-03  0.2673121E+01
  0.8000000E-03  0.2655177E+01
  0.8500000E-03  0.2711358E+01
  0.9000000E-03  0.2834693E+01
  0.9500000E-03  0.3013784E+01
  0.1000000E-02  0.3234775E+01
  0.1050000E-02  0.3486197E+01
  0.1100000E-02  0.3758187E+01
  0.1150000E-02  0.4038423E+01
  0.1200000E-02  0.4315656E+01
  0.1250000E-02  0.4580598E+01
  0.1300000E-02  0.4821630E+01
  0.1350000E-02  0.5032541E+01
  0.1400000E-02  0.5206948E+01
  0.1450000E-02  0.5349144E+01
  0.1500000E-02  0.5464642E+01
  0.1550000E-02  0.5559905E+01
  0.1600000E-02  0.5630179E+01
  0.1650000E-02  0.5683562E+01
  0.1700000E-02  0.5728431E+01
  0.1750000E-02  0.5768260E+01
  0.1800000E-02  0.5798603E+01
  0.1850000E-02  0.5824557E+01
  0.1900000E-02  0.5847725E+01
  0.1950000E-02  0.5867662E+01
  0.2000000E-02  0.5881832E+01
  0.2050000E-02  0.5894276E+01
  0.2100000E-02  0.5903651E+01
  0.2150000E-02  0.5909002E+01
  0.2200000E-02  0.5904148E+01
  0.2250000E-02  0.5887202E+01
  0.2300000E-02  0.5859681E+01
  0.2350000E-02  0.5830701E+01
  0.2400000E-02  0.5796684E+01
  0.2450000E-02  0.5756704E+01
  0.2500000E-02  0.5711758E+01
  0.2550000E-02  0.5662242E+01
  0.2600000E-02  0.5606018E+01
  0.2650000E-02  0.5544887E+01
  0.2700000E-02  0.5479831E+01
  0.2750000E-02  0.5409031E+01
  0.2800000E-02  0.5329357E+01
  0.2850000E-02  0.5244298E+01
  0.2900000E-02  0.5157684E+01
  0.2950000E-02  0.5071208E+01
  0.3000000E-02  0.4983854E+01
  0.3050000E-02  0.4900351E+01
  0.3100000E-02  0.4820909E+01
  0.3150000E-02  0.4745851E+01
  0.3200000E-02  0.4672625E+01
  0.3250000E-02  0.4601177E+01
  0.3300000E-02  0.4526281E+01
  0.3350000E-02  0.4452340E+01
  0.3400000E-02  0.4383831E+01
  0.3450000E-02  0.4317980E+01
  0.3500000E-02  0.4251616E+01
  0.3550000E-02  0.4187481E+01
  0.3600000E-02  0.4123224E+01
  0.3650000E-02  0.4056308E+01
  0.3700000E-02  0.3991812E+01
  0.3750000E-02  0.3930264E+01
  0.3800000E-02  0.3869498E+01
  0.3850000E-02  0.3810983E+01
  0.3900000E-02  0.3757979E+01
  0.3950000E-02  0.3709140E+01
  0.4000000E-02  0.3660404E+01
  0.4050000E-02  0.3611258E+01
  0.4100000E-02  0.3562122E+01
  0.4150000E-02  0.3513779E+01
  0.4200000E-02  0.3465707E+01
  0.4250000E-02  0.3418642E+01
  0.4300000E-02  0.3371310E+01
  0.4350000E-02  0.3324060E+01
  0.4400000E-02  0.3278091E+01
  0.4450000E-02  0.3234243E+01
  0.4500000E-02  0.3193830E+01
  0.4550000E-02  0.3158240E+01
  0.4600000E-02  0.3123826E+01
  0.4650000E-02  0.3089192E+01
  0.4700000E-02  0.3054732E+01
  0.4750000E-02  0.3019412E+01
  0.4800000E-02  0.2982552E+01
  0.4850000E-02  0.2947338E+01
  0.4900000E-02  0.2911752E+01
  0.4950000E-02  0.2871550E+01
  0.5000000E-02  0.2830391E+01
  0.5050000E-02  0.2794530E+01
  0.5100000E-02  0.2764163E+01
  0.5150000E-02  0.2736639E+01
  0.5200000E-02  0.2708997E+01
  0.5250000E-02  0.2680797E+01
  0.5300000E-02  0.2653749E+01
  0.5350000E-02  0.2627414E+01
  0.5400000E-02  0.2598657E+01
  0.5450000E-02  0.2568339E+01
  0.5500000E-02  0.2538908E+01
  0.5550000E-02  0.2512132E+01
  0.5600000E-02  0.2486696E+01
  0.5650000E-02  0.2463504E+01
  0.5700000E-02  0.2441835E+01
  0.5750000E-02  0.2418674E+01
  0.5800000E-02  0.2393813E+01
  0.5850000E-02  0.2369757E+01
  0.5900000E-02  0.2346905E+01
  0.5950000E-02  0.2322459E+01
  0.6000000E-02  0.2297220E+01
  0.6050000E-02  0.2274540E+01
  0.6100000E-02  0.2252856E+01
  0.6150000E-02  0.2230967E+01
  0.6200000E-02  0.2208336E+01
  0.6250000E-02  0.2186579E+01
  0.6300000E-02  0.2164708E+01
  0.6350000E-02  0.2143518E+01
  0.6400000E-02  0.2126093E+01
  0.6450000E-02  0.2110266E+01
  0.6500000E-02  0.2092259E+01
  0.6550000E-02  0.2073476E+01
  0.6600000E-02  0.2052962E+01
  0.6650000E-02  0.2030036E+01
  0.6700000E-02  0.2009251E+01
  0.6750000E-02  0.1990539E+01
  0.6800000E-02  0.1973638E+01
  0.6850000E-02  0.1959943E+01
  0.6900000E-02  0.1944165E+01
  0.6950000E-02  0.1925475E+01
  0.7000000E-02  0.1905165E+01
  0.7050000E-02  0.1885388E+01
  0.7100000E-02  0.1868791E+01
  0.7150000E-02  0.1852412E+01
  0.7200000E-02  0.1835908E+01
  0.7250000E-02  0.1820384E+01
  0.7300000E-02  0.1806617E+01
  0.7350000E-02  0.1793421E+01
  0.7400000E-02  0.1778762E+01
  0.7450000E-02  0.1762899E+01
  0.7500000E-02  0.1746635E+01
  0.7550000E-02  0.1732186E+01
  0.7600000E-02  0.1718401E+01
  0.7650000E-02  0.1702936E+01
  0.7700000E-02  0.1686615E+01
  0.7750000E-02  0.1670317E+01
  0.7800000E-02  0.1655259E+01
  0.7850000E-02  0.1641231E+01
  0.7900000E-02  0.1629446E+01
  0.7950000E-02  0.1621723E+01
  0.8000000E-02  0.1615216E+01
  0.8050000E-02  0.1606210E+01
  0.8100000E-02  0.1593327E+01
  0.8150000E-02  0.1579149E+01
  0.8200000E-02  0.1564549E+01
  0.8250000E-02  0.1549047E+01
  0.8300000E-02  0.1534687E+01
  0.8350000E-02  0.1521423E+01
  0.8400000E-02  0.1508896E+01
  0.8450000E-02  0.1497941E+01
  0.8500000E-02  0.1488277E+01
  0.8550000E-02  0.1478411E+01
  0.8600000E-02  0.1466832E+01
  0.8650000E-02  0.1454651E+01
  0.8700000E-02  0.1442617E+01
  0.8750000E-02  0.1431574E+01
  0.8800000E-02  0.1422279E+01
  0.8850000E-02  0.1412306E+01
  0.8900000E-02  0.1401737E+01
  0.8950000E-02  0.1390918E+01
  0.9000000E-02  0.1380534E+01
  0.9050000E-02  0.1370386E+01
  0.9100000E-02  0.1360973E+01
  0.9150000E-02  0.1351254E+01
  0.9200000E-02  0.1341438E+01
  0.9250000E-02  0.1333355E+01
  0.9300000E-02  0.1326643E+01
  0.9350000E-02  0.1320458E+01
  0.9400000E-02  0.1314855E+01
  0.9450000E-02  0.1308328E+01
  0.9500000E-02  0.1299749E+01
  0.9550000E-02  0.1288618E+01
  0.9600000E-02  0.1277065E+01
  0.9650000E-02  0.1266988E+01
  0.9700000E-02  0.1258758E+01
  0.9750000E-02  0.1250697E+01
  0.9800000E-02  0.1242709E+01
  0.9850000E-02  0.1234798E+01
  0.9900000E-02  0.1225986E+01
  0.9950000E-02  0.1216672E+01
  0.1000000E-01  0.1208293E+01
  0.1005000E-01  0.1200741E+01
  0.1010000E-01  0.1194154E+01
  0.1015000E-01  0.1187414E+01
  0.1020000E-01  0.1178590E+01
  0.1025000E-01  0.1168731E+01
  0.1030000E-01  0.1158573E+01
  0.1035000E-01  0.1149446E+01
  0.1040000E-01  0.1143386E+01
  0.1045000E-01  0.1139252E+01
  0.1050000E-01  0.1134135E+01
  0.1055000E-01  0.1128082E+01
  0.1060000E-01  0.1121167E+01
  0.1065000E-01  0.1113977E+01
  0.1070000E-01  0.1106123E+01
  0.1075000E-01  0.1098982E+01
  0.1080000E-01  0.1091975E+01
  0.1085000E-01  0.1083944E+01
  0.1090000E-01  0.1076238E+01
  0.1095000E-01  0.1069107E+01
  0.1100000E-01  0.1061885E+01
  0.1105000E-01  0.1055842E+01
  0.1110000E-01  0.1051084E+01
  0.1115000E-01  0.1046085E+01
  0.1120000E-01  0.1040542E+01
  0.1125000E-01  0.1033887E+01
  0.1130000E-01  0.1028007E+01
  0.1135000E-01  0.1024343E+01
  0.1140000E-01  0.1020805E+01
  0.1145000E-01  0.1016085E+01
  0.1150000E-01  0.1008980E+01
  0.1155000E-01  0.9996457E+00
  0.1160000E-01  0.9913940E+00
  0.1165000E-01  0.9855357E+00
  0.1170000E-01  0.9810426E+00
  0.1175000E-01  0.9756684E+00
  0.1180000E-01  0.9690176E+00
  0.1185000E-01  0.9627387E+00
  0.1190000E-01  0.9569219E+00
  0.1195000E-01  0.9514610E+00
  0.1200000E-01  0.9455038E+00
  0.1205000E-01  0.9395355E+00
  0.1210000E-01  0.9347023E+00
  0.1215000E-01  0.9304766E+00
  0.1220000E-01  0.9256618E+00
  0.1225000E-01  0.9202171E+00
  0.1230000E-01  0.9144282E+00
  0.1235000E-01  0.9084393E+00
  0.1240000E-01  0.9025685E+00
  0.1245000E-01  0.8967416E+00
  0.1250000E-01  0.8904342E+00
  0.1255000E-01  0.8849159E+00
  0.1260000E-01  0.8805400E+00
  0.1265000E-01  0.8762084E+00
  0.1270000E-01  0.8723220E+00
  0.1275000E-01  0.8679581E+00
  0.1280000E-01  0.8636644E+00
  0.1285000E-01  0.8608846E+00
  0.1290000E-01  0.8595049E+00
  0.1295000E-01  0.8576703E+00
  0.1300000E-01  0.8543719E+00
  0.1305000E-01  0.8498719E+00
  0.1310000E-01  0.8449980E+00
  0.1315000E-01  0.8404742E+00
  0.1320000E-01  0.8360623E+00
  0.1325000E-01  0.8319414E+00
  0.1330000E-01  0.8276454E+00
  0.1335000E-01  0.8231900E+00
  0.1340000E-01  0.8184878E+00
  0.1345000E-01  0.8129860E+00
  0.1350000E-01  0.8072327E+00
  0.1355000E-01  0.8018206E+00
  0.1360000E-01  0.7972259E+00
  0.1365000E-01  0.7930002E+00
  0.1370000E-01  0.7889384E+00
  0.1375000E-01  0.7853201E+00
  0.1380000E-01  0.7813380E+00
  0.1385000E-01  0.7773813E+00
  0.1390000E-01  0.7735746E+00
  0.1395000E-01  0.7694759E+00
  0.1400000E-01  0.7651426E+00
  0.1405000E-01  0.7609284E+00
  0.1410000E-01  0.7572747E+00
  0.1415000E-01  0.7531805E+00
  0.1420000E-01  0.7491650E+00
  0.1425000E-01  0.7457931E+00
  0.1430000E-01  0.7421097E+00
  0.1435000E-01  0.7379249E+00
  0.1440000E-01  0.7338239E+00
  0.1445000E-01  0.7303158E+00
  0.1450000E-01  0.7268821E+00
  0.1455000E-01  0.7232038E+00
  0.1460000E-01  0.7195436E+00
  0.1465000E-01  0.7163411E+00
  0.1470000E-01  0.7134846E+00
  0.1475000E-01  0.7103574E+00
  0.1480000E-01  0.7072970E+00
  0.1485000E-01  0.7039304E+00
  0.1490000E-01  0.6996002E+00
  0.1495000E-01  0.6948046E+00
  0.1500000E-01  0.6911923E+00
  0.1505000E-01  0.6886026E+00
  0.1510000E-01  0.6859636E+00
  0.1515000E-01  0.6827871E+00
  0.1520000E-01  0.6794000E+00
  0.1525000E-01  0.6760517E+00
  0.1530000E-01  0.6726051E+00
  0.1535000E-01  0.6685928E+00
  0.1540000E-01  0.6646451E+00
  0.1545000E-01  0.6610680E+00
  0.1550000E-01  0.6571170E+00
  0.1555000E-01  0.6530609E+00
  0.1560000E-01  0.6496795E+00
  0.1565000E-01  0.6468639E+00
  0.1570000E-01  0.6444750E+00
  0.1575000E-01  0.6426067E+00
  0.1580000E-01  0.6408668E+00
  0.1585000E-01  0.6381820E+00
  0.1590000E-01  0.6341846E+00
  0.1595000E-01  0.6303100E+00
  0.1600000E-01  0.6276371E+00
  0.1605000E-01  0.6253856E+00
  0.1610000E-01  0.6226368E+00
  0.1615000E-01  0.6197014E+00
  0.1620000E-01  0.6168161E+00
  0.1625000E-01  0.6137273E+00
  0.1630000E-01  0.6107286E+00
  0.1635000E-01  0.6094218E+00
  0.1640000E-01  0.6090147E+00
  0.1645000E-01  0.6076120E+00
  0.1650000E-01  0.6056478E+00
  0.1655000E-01  0.6037535E+00
  0.1660000E-01  0.6010202E+00
  0.1665000E-01  0.5979406E+00
  0.1670000E-01  0.5947088E+00
  0.1675000E-01  0.5919221E+00
  0.1680000E-01  0.5897321E+00
  0.1685000E-01  0.5879538E+00
  0.1690000E-01  0.5866745E+00
  0.1695000E-01  0.5850508E+00
  0.1700000E-01  0.5835738E+00
  0.1705000E-01  0.5814425E+00
  0.1710000E-01  0.5776136E+00
  0.1715000E-01  0.5744047E+00
  0.1720000E-01  0.5719092E+00
  0.1725000E-01  0.5692318E+00
  0.1730000E-01  0.5676047E+00
  0.1735000E-01  0.5662249E+00
  0.1740000E-01  0.5641608E+00
  0.1745000E-01  0.5621337E+00
  0.1750000E-01  0.5597038E+00
  0.1755000E-01  0.5570087E+00
  0.1760000E-01  0.5536645E+00
  0.1765000E-01  0.5495522E+00
  0.1770000E-01  0.5449528E+00
  0.1775000E-01  0.5405667E+00
  0.1780000E-01  0.5373379E+00
  0.1785000E-01  0.5346912E+00
  0.1790000E-01  0.5322392E+00
  0.1795000E-01  0.5315353E+00
  0.1800000E-01  0.5311320E+00
  0.1805000E-01  0.5294424E+00
  0.1810000E-01  0.5268976E+00
  0.1815000E-01  0.5244859E+00
  0.1820000E-01  0.5226810E+00
  0.1825000E-01  0.5211324E+00
  0.1830000E-01  0.5192558E+00
  0.1835000E-01  0.5173643E+00
  0.1840000E-01  0.5156162E+00
  0.1845000E-01  0.5136450E+00
  0.1850000E-01  0.5118741E+00
  0.1855000E-01  0.5102212E+00
  0.1860000E-01  0.5081025E+00
  0.1865000E-01  0.5061701E+00
  0.1870000E-01  0.5042849E+00
  0.1875000E-01  0.5022847E+00
  0.1880000E-01  0.5003904E+00
  0.1885000E-01  0.4981832E+00
  0.1890000E-01  0.4956779E+00
  0.1895000E-01  0.4933850E+00
  0.1900000E-01  0.4917975E+00
  0.1905000E-01  0.4905058E+00
  0.1910000E-01  0.4889220E+00
  0.1915000E-01  0.4867194E+00
  0.1920000E-01  0.4844679E+00
  0.1925000E-01  0.4827950E+00
  0.1930000E-01  0.4808537E+00
  0.1935000E-01  0.4783218E+00
  0.1940000E-01  0.4756197E+00
  0.1945000E-01  0.4728943E+00
  0.1950000E-01  0.4702976E+00
  0.1955000E-01  0.4680738E+00
  0.1960000E-01  0.4663652E+00
  0.1965000E-01  0.4642001E+00
  0.1970000E-01  0.4619119E+00
  0.1975000E-01  0.4607439E+00
  0.1980000E-01  0.4600755E+00
  0.1985000E-01  0.4586913E+00
  0.1990000E-01  0.4565807E+00
  0.1995000E-01  0.4544810E+00
  0.2000000E-01  0.4527257E+00
  0.2005000E-01  0.4509079E+00
  0.2010000E-01  0.4489612E+00
  0.2015000E-01  0.4470894E+00
  0.2020000E-01  0.4459504E+00
  0.2025000E-01  0.4449071E+00
  0.2030000E-01  0.4434567E+00
  0.2035000E-01  0.4422268E+00
  0.2040000E-01  0.4406274E+00
  0.2045000E-01  0.4385575E+00
  0.2050000E-01  0.4367382E+00
  0.2055000E-01  0.4358465E+00
  0.2060000E-01  0.4351972E+00
  0.2065000E-01  0.4347867E+00
  0.2070000E-01  0.4343880E+00
  0.2075000E-01  0.4330752E+00
  0.2080000E-01  0.4316381E+00
  0.2085000E-01  0.4300830E+00
  0.2090000E-01  0.4274039E+00
  0.2095000E-01  0.4242398E+00
  0.2100000E-01  0.4217397E+00
  0.2105000E-01  0.4197498E+00
  0.2110000E-01  0.4177213E+00
  0.2115000E-01  0.4150176E+00
  0.2120000E-01  0.4128472E+00
  0.2125000E-01  0.4110195E+00
  0.2130000E-01  0.4088776E+00
  0.2135000E-01  0.4066965E+00
  0.2140000E-01  0.4050385E+00
  0.2145000E-01  0.4037558E+00
  0.2150000E-01  0.4025519E+00
  0.2155000E-01  0.4010993E+00
  0.2160000E-01  0.3995748E+00
  0.2165000E-01  0.3982934E+00
  0.2170000E-01  0.3976766E+00
  0.2175000E-01  0.3973558E+00
  0.2180000E-01  0.3967096E+00
  0.2185000E-01  0.3961056E+00
  0.2190000E-01  0.3954817E+00
  0.2195000E-01  0.3949565E+00
  0.2200000E-01  0.3939686E+00
  0.2205000E-01  0.3925364E+00
  0.2210000E-01  0.3910544E+00
  0.2215000E-01  0.3890656E+00
  0.2220000E-01  0.3869419E+00
  0.2225000E-01  0.3859315E+00
  0.2230000E-01  0.3855121E+00
  0.2235000E-01  0.3853221E+00
  0.2240000E-01  0.3849941E+00
  0.2245000E-01  0.3837314E+00
  0.2250000E-01  0.3819096E+00
  0.2255000E-01  0.3801140E+00
  0.2260000E-01  0.3777924E+00
  0.2265000E-01  0.3756912E+00
  0.2270000E-01  0.3741649E+00
  0.2275000E-01  0.3728229E+00
  0.2280000E-01  0.3716920E+00
  0.2285000E-01  0.3707352E+00
  0.2290000E-01  0.3697156E+00
  0.2295000E-01  0.3678623E+00
  0.2300000E-01  0.3662220E+00
  0.2305000E-01  0.3646499E+00
  0.2310000E-01  0.3628829E+00
  0.2315000E-01  0.3617211E+00
  0.2320000E-01  0.3608099E+00
  0.2325000E-01  0.3594256E+00
  0.2330000E-01  0.3579131E+00
  0.2335000E-01  0.3562700E+00
  0.2340000E-01  0.3545731E+00
  0.2345000E-01  0.3532448E+00
  0.2350000E-01  0.3525969E+00
  0.2355000E-01  0.3518138E+00
  0.2360000E-01  0.3508761E+00
  0.2365000E-01  0.3501448E+00
  0.2370000E-01  0.3492219E+00
  0.2375000E-01  0.3478272E+00
  0.2380000E-01  0.3468785E+00
  0.2385000E-01  0.3462966E+00
  0.2390000E-01  0.3451457E+00
  0.2395000E-01  0.3438192E+00
  0.2400000E-01  0.3424478E+00
  0.2405000E-01  0.3414208E+00
  0.2410000E-01  0.3409889E+00
  0.2415000E-01  0.3404962E+00
  0.2420000E-01  0.3397563E+00
  0.2425000E-01  0.3389515E+00
  0.2430000E-01  0.3373457E+00
  0.2435000E-01  0.3347640E+00
  0.2440000E-01  0.3323934E+00
  0.2445000E-01  0.3305222E+00
  0.2450000E-01  0.3292103E+00
  0.2455000E-01  0.3283688E+00
  0.2460000E-01  0.3278720E+00
  0.2465000E-01  0.3271326E+00
  0.2470000E-01  0.3265278E+00
  0.2475000E-01  0.3257990E+00
  0.2480000E-01  0.3249542E+00
  0.2485000E-01  0.3240713E+00
  0.2490000E-01  0.3234958E+00
  0.2495000E-01  0.3231528E+00
  0.2500000E-01  0.3223521E+00
  0.2505000E-01  0.3213254E+00
  0.2510000E-01  0.3207444E+00
  0.2515000E-01  0.3200048E+00
  0.2520000E-01  0.3189227E+00
  0.2525000E-01  0.3181792E+00
  0.2530000E-01  0.3175491E+00
  0.2535000E-01  0.3163790E+00
  0.2540000E-01  0.3150043E+00
  0.2545000E-01  0.3135573E+00
  0.2550000E-01  0.3120795E+00
  0.2555000E-01  0.3108231E+00
  0.2560000E-01  0.3096327E+00
  0.2565000E-01  0.3083340E+00
  0.2570000E-01  0.3071102E+00
  0.2575000E-01  0.3060172E+00
  0.2580000E-01  0.3048549E+00
  0.2585000E-01  0.3038567E+00
  0.2590000E-01  0.3030282E+00
  0.2595000E-01  0.3023630E+00
  0.2600000E-01  0.3019008E+00
  0.2605000E-01  0.3013541E+00
  0.2610000E-01  0.3003145E+00
  0.2615000E-01  0.2994221E+00
  0.2620000E-01  0.2986138E+00
  0.2625000E-01  0.2974964E+00
  0.2630000E-01  0.2962195E+00
  0.2635000E-01  0.2951758E+00
  0.2640000E-01  0.2942437E+00
  0.2645000E-01  0.2932655E+00
  0.2650000E-01  0.2922923E+00
  0.2655000E-01  0.2910467E+00
  0.2660000E-01  0.2897778E+00
  0.2665000E-01  0.2886760E+00
  0.2670000E-01  0.2872978E+00
  0.2675000E-01  0.2859333E+00
  0.2680000E-01  0.2850739E+00
  0.2685000E-01  0.2842827E+00
  0.2690000E-01  0.2835324E+00
  0.2695000E-01  0.2828817E+00
  0.2700000E-01  0.2825906E+00
  0.2705000E-01  0.2823856E+00
  0.2710000E-01  0.2816523E+00
  0.2715000E-01  0.2806140E+00
  0.2720000E-01  0.2796350E+00
  0.2725000E-01  0.2791814E+00
  0.2730000E-01  0.2788244E+00
  0.2735000E-01  0.2779369E+00
  0.2740000E-01  0.2767193E+00
  0.2745000E-01  0.2754655E+00
  0.2750000E-01  0.2744712E+00
  0.2755000E-01  0.2738967E+00
  0.2760000E-01  0.2730871E+00
  0.2765000E-01  0.2717513E+00
  0.2770000E-01  0.2703907E+00
  0.2775000E-01  0.2692790E+00
  0.2780000E-01  0.2687841E+00
  0.2785000E-01  0.2685054E+00
  0.2790000E-01  0.2678922E+00
  0.2795000E-01  0.2669403E+00
  0.2800000E-01  0.2659247E+00
  0.2805000E-01  0.2647771E+00
  0.2810000E-01  0.2635870E+00
  0.2815000E-01  0.2624810E+00
  0.2820000E-01  0.2619049E+00
  0.2825000E-01  0.2617914E+00
  0.2830000E-01  0.2615679E+00
  0.2835000E-01  0.2609594E+00
  0.2840000E-01  0.2603701E+00
  0.2845000E-01  0.2598561E+00
  0.2850000E-01  0.2593071E+00
  0.2855000E-01  0.2591099E+00
  0.2860000E-01  0.2590226E+00
  0.2865000E-01  0.2586683E+00
  0.2870000E-01  0.2582380E+00
  0.2875000E-01  0.2578221E+00
  0.2880000E-01  0.2571326E+00
  0.2885000E-01  0.2559038E+00
  0.2890000E-01  0.2545772E+00
  0.2895000E-01  0.2533011E+00
  0.2900000E-01  0.2519319E+00
  0.2905000E-01  0.2506717E+00
  0.2910000E-01  0.2494041E+00
  0.2915000E-01  0.2482339E+00
  0.2920000E-01  0.2477805E+00
  0.2925000E-01  0.2481848E+00
  0.2930000E-01  0.2486570E+00
  0.2935000E-01  0.2484094E+00
  0.2940000E-01  0.2479077E+00
  0.2945000E-01  0.2477659E+00
  0.2950000E-01  0.2474503E+00
  0.2955000E-01  0.2469843E+00
  0.2960000E-01  0.2467462E+00
  0.2965000E-01  0.2466661E+00
  0.2970000E-01  0.2465489E+00
  0.2975000E-01  0.2461700E+00
  0.2980000E-01  0.2455010E+00
  0.2985000E-01  0.2443771E+00
  0.2990000E-01  0.2427905E+00
  0.2995000E-01  0.2413430E+00
  0.3000000E-01  0.2405326E+00
  0.3005000E-01  0.2399713E+00
  0.3010000E-01  0.2392598E+00
  0.3015000E-01  0.2383683E+00
  0.3020000E-01  0.2375104E+00
  0.3025000E-01  0.2369322E+00
  0.3030000E-01  0.2363975E+00
  0.3035000E-01  0.2357844E+00
  0.3040000E-01  0.2351588E+00
  0.3045000E-01  0.2343957E+00
  0.3050000E-01  0.2334962E+00
  0.3055000E-01  0.2322753E+00
  0.3060000E-01  0.2308055E+00
  0.3065000E-01  0.2294735E+00
  0.3070000E-01  0.2283493E+00
  0.3075000E-01  0.2273380E+00
  0.3080000E-01  0.2261522E+00
  0.3085000E-01  0.2250518E+00
  0.3090000E-01  0.2245018E+00
  0.3095000E-01  0.2242446E+00
  0.3100000E-01  0.2239300E+00
  0.3105000E-01  0.2235590E+00
  0.3110000E-01  0.2230300E+00
  0.3115000E-01  0.2222648E+00
  0.3120000E-01  0.2217344E+00
  0.3125000E-01  0.2217956E+00
  0.3130000E-01  0.2218214E+00
  0.3135000E-01  0.2214523E+00
  0.3140000E-01  0.2208671E+00
  0.3145000E-01  0.2200832E+00
  0.3150000E-01  0.2189410E+00
  0.3155000E-01  0.2182437E+00
  0.3160000E-01  0.2177452E+00
  0.3165000E-01  0.2170080E+00
  0.3170000E-01  0.2163149E+00
  0.3175000E-01  0.2158840E+00
  0.3180000E-01  0.2155444E+00
  0.3185000E-01  0.2150378E+00
  0.3190000E-01  0.2143352E+00
  0.3195000E-01  0.2136999E+00
  0.3200000E-01  0.2131504E+00
  0.3205000E-01  0.2127030E+00
  0.3210000E-01  0.2123161E+00
  0.3215000E-01  0.2117871E+00
  0.3220000E-01  0.2111490E+00
  0.3225000E-01  0.2105283E+00
  0.3230000E-01  0.2098010E+00
  0.3235000E-01  0.2091639E+00
  0.3240000E-01  0.2086453E+00
  0.3245000E-01  0.2081998E+00
  0.3250000E-01  0.2080123E+00
  0.3255000E-01  0.2078365E+00
  0.3260000E-01  0.2075896E+00
  0.3265000E-01  0.2069478E+00
  0.3270000E-01  0.2061339E+00
  0.3275000E-01  0.2055611E+00
  0.3280000E-01  0.2053605E+00
  0.3285000E-01  0.2051690E+00
  0.3290000E-01  0.2048562E+00
  0.3295000E-01  0.2047833E+00
  0.3300000E-01  0.2045606E+00
  0.3305000E-01  0.2040923E+00
  0.3310000E-01  0.2033340E+00
  0.3315000E-01  0.2024738E+00
  0.3320000E-01  0.2014944E+00
  0.3325000E-01  0.2005089E+00
  0.3330000E-01  0.1997535E+00
  0.3335000E-01  0.1990831E+00
  0.3340000E-01  0.1985054E+00
  0.3345000E-01  0.1976441E+00
  0.3350000E-01  0.1967934E+00
  0.3355000E-01  0.1958995E+00
  0.3360000E-01  0.1949791E+00
  0.3365000E-01  0.1943357E+00
  0.3370000E-01  0.1938267E+00
  0.3375000E-01  0.1935953E+00
  0.3380000E-01  0.1935512E+00
  0.3385000E-01  0.1934638E+00
  0.3390000E-01  0.1935173E+00
  0.3395000E-01  0.1939138E+00
  0.3400000E-01  0.1939954E+00
  0.3405000E-01  0.1938793E+00
  0.3410000E-01  0.1936789E+00
  0.3415000E-01  0.1932475E+00
  0.3420000E-01  0.1925421E+00
  0.3425000E-01  0.1915749E+00
  0.3430000E-01  0.1909174E+00
  0.3435000E-01  0.1904997E+00
  0.3440000E-01  0.1898451E+00
  0.3445000E-01  0.1893722E+00
  0.3450000E-01  0.1891409E+00
  0.3455000E-01  0.1888009E+00
  0.3460000E-01  0.1882688E+00
  0.3465000E-01  0.1877388E+00
  0.3470000E-01  0.1871646E+00
  0.3475000E-01  0.1865184E+00
  0.3480000E-01  0.1860810E+00
  0.3485000E-01  0.1857765E+00
  0.3490000E-01  0.1854415E+00
  0.3495000E-01  0.1847900E+00
  0.3500000E-01  0.1839888E+00
  0.3505000E-01  0.1835643E+00
  0.3510000E-01  0.1835979E+00
  0.3515000E-01  0.1833942E+00
  0.3520000E-01  0.1829037E+00
  0.3525000E-01  0.1823919E+00
  0.3530000E-01  0.1817980E+00
  0.3535000E-01  0.1811557E+00
  0.3540000E-01  0.1803673E+00
  0.3545000E-01  0.1796689E+00
  0.3550000E-01  0.1793355E+00
  0.3555000E-01  0.1791475E+00
  0.3560000E-01  0.1790297E+00
  0.3565000E-01  0.1787778E+00
  0.3570000E-01  0.1783404E+00
  0.3575000E-01  0.1781976E+00
  0.3580000E-01  0.1779258E+00
  0.3585000E-01  0.1774665E+00
  0.3590000E-01  0.1770963E+00
  0.3595000E-01  0.1764748E+00
  0.3600000E-01  0.1757840E+00
  0.3605000E-01  0.1751895E+00
  0.3610000E-01  0.1745484E+00
  0.3615000E-01  0.1741706E+00
  0.3620000E-01  0.1741235E+00
  0.3625000E-01  0.1742304E+00
  0.3630000E-01  0.1742384E+00
  0.3635000E-01  0.1745645E+00
  0.3640000E-01  0.1746319E+00
  0.3645000E-01  0.1744958E+00
  0.3650000E-01  0.1742993E+00
  0.3655000E-01  0.1740360E+00
  0.3660000E-01  0.1737435E+00
  0.3665000E-01  0.1728862E+00
  0.3670000E-01  0.1716599E+00
  0.3675000E-01  0.1706830E+00
  0.3680000E-01  0.1700901E+00
  0.3685000E-01  0.1694859E+00
  0.3690000E-01  0.1688677E+00
  0.3695000E-01  0.1685458E+00
  0.3700000E-01  0.1682229E+00
  0.3705000E-01  0.1675287E+00
  0.3710000E-01  0.1666997E+00
  0.3715000E-01  0.1660900E+00
  0.3720000E-01  0.1654819E+00
  0.3725000E-01  0.1647635E+00
  0.3730000E-01  0.1641160E+00
  0.3735000E-01  0.1639005E+00
  0.3740000E-01  0.1639597E+00
  0.3745000E-01  0.1638894E+00
  0.3750000E-01  0.1633886E+00
  0.3755000E-01  0.1628338E+00
  0.3760000E-01  0.1627277E+00
  0.3765000E-01  0.1625067E+00
  0.3770000E-01  0.1620886E+00
  0.3775000E-01  0.1615536E+00
  0.3780000E-01  0.1609447E+00
  0.3785000E-01  0.1604647E+00
  0.3790000E-01  0.1603360E+00
  0.3795000E-01  0.1604024E+00
  0.3800000E-01  0.1605089E+00
  0.3805000E-01  0.1604890E+00
  0.3810000E-01  0.1601297E+00
  0.3815000E-01  0.1595793E+00
  0.3820000E-01  0.1590573E+00
  0.3825000E-01  0.1584686E+00
  0.3830000E-01  0.1579178E+00
  0.3835000E-01  0.1575353E+00
  0.3840000E-01  0.1571159E+00
  0.3845000E-01  0.1567888E+00
  0.3850000E-01  0.1565774E+00
  0.3855000E-01  0.1561627E+00
  0.3860000E-01  0.1555462E+00
  0.3865000E-01  0.1550241E+00
  0.3870000E-01  0.1545562E+00
  0.3875000E-01  0.1540425E+00
  0.3880000E-01  0.1536613E+00
  0.3885000E-01  0.1533736E+00
  0.3890000E-01  0.1529239E+00
  0.3895000E-01  0.1525727E+00
  0.3900000E-01  0.1525123E+00
  0.3905000E-01  0.1525617E+00
  0.3910000E-01  0.1525659E+00
  0.3915000E-01  0.1526569E+00
  0.3920000E-01  0.1527326E+00
  0.3925000E-01  0.1528237E+00
  0.3930000E-01  0.1529059E+00
  0.3935000E-01  0.1528060E+00
  0.3940000E-01  0.1525547E+00
  0.3945000E-01  0.1523148E+00
  0.3950000E-01  0.1521011E+00
  0.3955000E-01  0.1517298E+00
  0.3960000E-01  0.1514020E+00
  0.3965000E-01  0.1511726E+00
  0.3970000E-01  0.1508264E+00
  0.3975000E-01  0.1504526E+00
  0.3980000E-01  0.1500899E+00
  0.3985000E-01  0.1497519E+00
  0.3990000E-01  0.1495943E+00
  0.3995000E-01  0.1493223E+00
  0.4000000E-01  0.1489709E+00
  0.4005000E-01  0.1488519E+00
  0.4010000E-01  0.1486642E+00
  0.4015000E-01  0.1483135E+00
  0.4020000E-01  0.1478762E+00
  0.4025000E-01  0.1475332E+00
  0.4030000E-01  0.1472458E+00
  0.4035000E-01  0.1467288E+00
  0.4040000E-01  0.1459984E+00
  0.4045000E-01  0.1452730E+00
  0.4050000E-01  0.1446695E+00
  0.4055000E-01  0.1442329E+00
  0.4060000E-01  0.1439576E+00
  0.4065000E-01  0.1436471E+00
  0.4070000E-01  0.1434236E+00
  0.4075000E-01  0.1430777E+00
  0.4080000E-01  0.1426217E+00
  0.4085000E-01  0.1421367E+00
  0.4090000E-01  0.1416202E+00
  0.4095000E-01  0.1412709E+00
  0.4100000E-01  0.1413507E+00
  0.4105000E-01  0.1416325E+00
  0.4110000E-01  0.1416879E+00
  0.4115000E-01  0.1418155E+00
  0.4120000E-01  0.1421726E+00
  0.4125000E-01  0.1422555E+00
  0.4130000E-01  0.1423011E+00
  0.4135000E-01  0.1425817E+00
  0.4140000E-01  0.1427319E+00
  0.4145000E-01  0.1427391E+00
  0.4150000E-01  0.1425200E+00
  0.4155000E-01  0.1420957E+00
  0.4160000E-01  0.1418178E+00
  0.4165000E-01  0.1417514E+00
  0.4170000E-01  0.1418505E+00
  0.4175000E-01  0.1419585E+00
  0.4180000E-01  0.1418168E+00
  0.4185000E-01  0.1414454E+00
  0.4190000E-01  0.1409411E+00
  0.4195000E-01  0.1403926E+00
  0.4200000E-01  0.1398777E+00
  0.4205000E-01  0.1395817E+00
  0.4210000E-01  0.1394434E+00
  0.4215000E-01  0.1391890E+00
  0.4220000E-01  0.1390770E+00
  0.4225000E-01  0.1391432E+00
  0.4230000E-01  0.1389063E+00
  0.4235000E-01  0.1384240E+00
  0.4240000E-01  0.1379880E+00
  0.4245000E-01  0.1375123E+00
  0.4250000E-01  0.1369727E+00
  0.4255000E-01  0.1365868E+00
  0.4260000E-01  0.1363054E+00
  0.4265000E-01  0.1360229E+00
  0.4270000E-01  0.1359314E+00
  0.4275000E-01  0.1360486E+00
  0.4280000E-01  0.1362039E+00
  0.4285000E-01  0.1363405E+00
  0.4290000E-01  0.1363203E+00
  0.4295000E-01  0.1361425E+00
  0.4300000E-01  0.1357523E+00
  0.4305000E-01  0.1354339E+00
  0.4310000E-01  0.1352771E+00
  0.4315000E-01  0.1349943E+00
  0.4320000E-01  0.1345751E+00
  0.4325000E-01  0.1341053E+00
  0.4330000E-01  0.1336782E+00
  0.4335000E-01  0.1334827E+00
  0.4340000E-01  0.1333278E+00
  0.4345000E-01  0.1330608E+00
  0.4350000E-01  0.1326488E+00
  0.4355000E-01  0.1323835E+00
  0.4360000E-01  0.1322172E+00
  0.4365000E-01  0.1319532E+00
  0.4370000E-01  0.1315854E+00
  0.4375000E-01  0.1315900E+00
  0.4380000E-01  0.1319880E+00
  0.4385000E-01  0.1323367E+00
  0.4390000E-01  0.1326295E+00
  0.4395000E-01  0.1328241E+00
  0.4400000E-01  0.1328708E+00
  0.4405000E-01  0.1327106E+00
  0.4410000E-01  0.1325318E+00
  0.4415000E-01  0.1325378E+00
  0.4420000E-01  0.1325452E+00
  0.4425000E-01  0.1321940E+00
  0.4430000E-01  0.1315118E+00
  0.4435000E-01  0.1308519E+00
  0.4440000E-01  0.1304132E+00
  0.4445000E-01  0.1301233E+00
  0.4450000E-01  0.1297157E+00
  0.4455000E-01  0.1294758E+00
  0.4460000E-01  0.1293571E+00
  0.4465000E-01  0.1293510E+00
  0.4470000E-01  0.1295317E+00
  0.4475000E-01  0.1297823E+00
  0.4480000E-01  0.1301750E+00
  0.4485000E-01  0.1305511E+00
  0.4490000E-01  0.1307223E+00
  0.4495000E-01  0.1306318E+00
  0.4500000E-01  0.1305928E+00
  0.4505000E-01  0.1308984E+00
  0.4510000E-01  0.1310927E+00
  0.4515000E-01  0.1309079E+00
  0.4520000E-01  0.1305935E+00
  0.4525000E-01  0.1303226E+00
  0.4530000E-01  0.1302545E+00
  0.4535000E-01  0.1303840E+00
  0.4540000E-01  0.1304328E+00
  0.4545000E-01  0.1303950E+00
  0.4550000E-01  0.1302483E+00
  0.4555000E-01  0.1300284E+00
  0.4560000E-01  0.1298480E+00
  0.4565000E-01  0.1296468E+00
  0.4570000E-01  0.1294121E+00
  0.4575000E-01  0.1291347E+00
  0.4580000E-01  0.1287623E+00
  0.4585000E-01  0.1286144E+00
  0.4590000E-01  0.1286871E+00
  0.4595000E-01  0.1286000E+00
  0.4600000E-01  0.1282159E+00
  0.4605000E-01  0.1277702E+00
  0.4610000E-01  0.1274122E+00
  0.4615000E-01  0.1269340E+00
  0.4620000E-01  0.1266065E+00
  0.4625000E-01  0.1264859E+00
  0.4630000E-01  0.1262734E+00
  0.4635000E-01  0.1259362E+00
  0.4640000E-01  0.1255486E+00
  0.4645000E-01  0.1253554E+00
  0.4650000E-01  0.1253680E+00
  0.4655000E-01  0.1253373E+00
  0.4660000E-01  0.1253088E+00
  0.4665000E-01  0.1253934E+00
  0.4670000E-01  0.1253713E+00
  0.4675000E-01  0.1251671E+00
  0.4680000E-01  0.1250351E+00
  0.4685000E-01  0.1249504E+00
  0.4690000E-01  0.1247859E+00
  0.4695000E-01  0.1246809E+00
  0.4700000E-01  0.1246141E+00
  0.4705000E-01  0.1242658E+00
  0.4710000E-01  0.1237121E+00
  0.4715000E-01  0.1232279E+00
  0.4720000E-01  0.1226598E+00
  0.4725000E-01  0.1222816E+00
  0.4730000E-01  0.1222838E+00
  0.4735000E-01  0.1226015E+00
  0.4740000E-01  0.1230423E+00
  0.4745000E-01  0.1236837E+00
  0.4750000E-01  0.1242825E+00
  0.4755000E-01  0.1246964E+00
  0.4760000E-01  0.1248156E+00
  0.4765000E-01  0.1246605E+00
  0.4770000E-01  0.1242369E+00
  0.4775000E-01  0.1239053E+00
  0.4780000E-01  0.1235727E+00
  0.4785000E-01  0.1232194E+00
  0.4790000E-01  0.1230177E+00
  0.4795000E-01  0.1228300E+00
  0.4800000E-01  0.1228113E+00
  0.4805000E-01  0.1229838E+00
  0.4810000E-01  0.1230540E+00
  0.4815000E-01  0.1228744E+00
  0.4820000E-01  0.1225159E+00
  0.4825000E-01  0.1222288E+00
  0.4830000E-01  0.1222668E+00
  0.4835000E-01  0.1222637E+00
  0.4840000E-01  0.1221574E+00
  0.4845000E-01  0.1219432E+00
  0.4850000E-01  0.1219824E+00
  0.4855000E-01  0.1223831E+00
  0.4860000E-01  0.1228667E+00
  0.4865000E-01  0.1228461E+00
  0.4870000E-01  0.1225797E+00
  0.4875000E-01  0.1222824E+00
  0.4880000E-01  0.1222189E+00
  0.4885000E-01  0.1222551E+00
  0.4890000E-01  0.1220543E+00
  0.4895000E-01  0.1218350E+00
  0.4900000E-01  0.1216927E+00
  0.4905000E-01  0.1217248E+00
  0.4910000E-01  0.1218302E+00
  0.4915000E-01  0.1218836E+00
  0.4920000E-01  0.1217748E+00
  0.4925000E-01  0.1215977E+00
  0.4930000E-01  0.1215012E+00
  0.4935000E-01  0.1214871E+00
  0.4940000E-01  0.1216811E+00
  0.4945000E-01  0.1220335E+00
  0.4950000E-01  0.1224216E+00
  0.4955000E-01  0.1227467E+00
  0.4960000E-01  0.1229140E+00
  0.4965000E-01  0.1228538E+00
  0.4970000E-01  0.1226413E+00
  0.4975000E-01  0.1224260E+00
  0.4980000E-01  0.1224300E+00
  0.4985000E-01  0.1224974E+00
  0.4990000E-01  0.1224185E+00
  0.4995000E-01  0.1221717E+00
  0.5000000E-01  0.1217550E+00
  0.5005000E-01  0.1212919E+00
  0.5010000E-01  0.1210253E+00
  0.5015000E-01  0.1210427E+00
  0.5020000E-01  0.1211844E+00
  0.5025000E-01  0.1214561E+00
  0.5030000E-01  0.1219050E+00
  0.5035000E-01  0.1223950E+00
  0.5040000E-01  0.1227643E+00
  0.5045000E-01  0.1228003E+00
  0.5050000E-01  0.1225486E+00
  0.5055000E-01  0.1222857E+00
  0.5060000E-01  0.1221660E+00
  0.5065000E-01  0.1220631E+00
  0.5070000E-01  0.1218569E+00
  0.5075000E-01  0.1215763E+00
  0.5080000E-01  0.1214472E+00
  0.5085000E-01  0.1214548E+00
  0.5090000E-01  0.1214987E+00
  0.5095000E-01  0.1215983E+00
  0.5100000E-01  0.1216958E+00
  0.5105000E-01  0.1219328E+00
  0.5110000E-01  0.1222397E+00
  0.5115000E-01  0.1223752E+00
  0.5120000E-01  0.1222787E+00
  0.5125000E-01  0.1220036E+00
  0.5130000E-01  0.1215548E+00
  0.5135000E-01  0.1210304E+00
  0.5140000E-01  0.1205577E+00
  0.5145000E-01  0.1202838E+00
  0.5150000E-01  0.1203001E+00
  0.5155000E-01  0.1203773E+00
  0.5160000E-01  0.1204350E+00
  0.5165000E-01  0.1206693E+00
  0.5170000E-01  0.1209609E+00
  0.5175000E-01  0.1210859E+00
  0.5180000E-01  0.1210544E+00
  0.5185000E-01  0.1208635E+00
  0.5190000E-01  0.1205673E+00
  0.5195000E-01  0.1205342E+00
  0.5200000E-01  0.1208423E+00
  0.5205000E-01  0.1211512E+00
  0.5210000E-01  0.1213853E+00
  0.5215000E-01  0.1215899E+00
  0.5220000E-01  0.1219087E+00
  0.5225000E-01  0.1223614E+00
  0.5230000E-01  0.1226800E+00
  0.5235000E-01  0.1227272E+00
  0.5240000E-01  0.1224875E+00
  0.5245000E-01  0.1222312E+00
  0.5250000E-01  0.1222104E+00
  0.5255000E-01  0.1223437E+00
  0.5260000E-01  0.1223872E+00
  0.5265000E-01  0.1222986E+00
  0.5270000E-01  0.1224335E+00
  0.5275000E-01  0.1227697E+00
  0.5280000E-01  0.1229924E+00
  0.5285000E-01  0.1230672E+00
  0.5290000E-01  0.1230426E+00
  0.5295000E-01  0.1228802E+00
  0.5300000E-01  0.1227020E+00
  0.5305000E-01  0.1225625E+00
  0.5310000E-01  0.1223059E+00
  0.5315000E-01  0.1219960E+00
  0.5320000E-01  0.1218487E+00
  0.5325000E-01  0.1218320E+00
  0.5330000E-01  0.1218883E+00
  0.5335000E-01  0.1220156E+00
  0.5340000E-01  0.1220187E+00
  0.5345000E-01  0.1218353E+00
  0.5350000E-01  0.1219685E+00
  0.5355000E-01  0.1225737E+00
  0.5360000E-01  0.1230674E+00
  0.5365000E-01  0.1231662E+00
  0.5370000E-01  0.1231560E+00
  0.5375000E-01  0.1231382E+00
  0.5380000E-01  0.1230132E+00
  0.5385000E-01  0.1228963E+00
  0.5390000E-01  0.1228325E+00
  0.5395000E-01  0.1228780E+00
  0.5400000E-01  0.1231134E+00
  0.5405000E-01  0.1234165E+00
  0.5410000E-01  0.1238999E+00
  0.5415000E-01  0.1245903E+00
  0.5420000E-01  0.1250718E+00
  0.5425000E-01  0.1252827E+00
  0.5430000E-01  0.1254894E+00
  0.5435000E-01  0.1255941E+00
  0.5440000E-01  0.1254452E+00
  0.5445000E-01  0.1252036E+00
  0.5450000E-01  0.1251258E+00
  0.5455000E-01  0.1252908E+00
  0.5460000E-01  0.1254531E+00
  0.5465000E-01  0.1255936E+00
  0.5470000E-01  0.1258994E+00
  0.5475000E-01  0.1262259E+00
  0.5480000E-01  0.1264500E+00
  0.5485000E-01  0.1265904E+00
  0.5490000E-01  0.1266640E+00
  0.5495000E-01  0.1268493E+00
  0.5500000E-01  0.1272686E+00
  0.5505000E-01  0.1277179E+00
  0.5510000E-01  0.1280549E+00
  0.5515000E-01  0.1283229E+00
  0.5520000E-01  0.1284401E+00
  0.5525000E-01  0.1285105E+00
  0.5530000E-01  0.1286354E+00
  0.5535000E-01  0.1286596E+00
  0.5540000E-01  0.1285886E+00
  0.5545000E-01  0.1286742E+00
  0.5550000E-01  0.1290048E+00
  0.5555000E-01  0.1294254E+00
  0.5560000E-01  0.1295799E+00
  0.5565000E-01  0.1293828E+00
  0.5570000E-01  0.1292096E+00
  0.5575000E-01  0.1293680E+00
  0.5580000E-01  0.1298854E+00
  0.5585000E-01  0.1303494E+00
  0.5590000E-01  0.1306350E+00
  0.5595000E-01  0.1307008E+00
  0.5600000E-01  0.1306872E+00
  0.5605000E-01  0.1306842E+00
  0.5610000E-01  0.1307430E+00
  0.5615000E-01  0.1308823E+00
  0.5620000E-01  0.1309635E+00
  0.5625000E-01  0.1310563E+00
  0.5630000E-01  0.1313472E+00
  0.5635000E-01  0.1316720E+00
  0.5640000E-01  0.1317997E+00
  0.5645000E-01  0.1320136E+00
  0.5650000E-01  0.1325249E+00
  0.5655000E-01  0.1329976E+00
  0.5660000E-01  0.1334352E+00
  0.5665000E-01  0.1340965E+00
  0.5670000E-01  0.1348937E+00
  0.5675000E-01  0.1353585E+00
  0.5680000E-01  0.1354207E+00
  0.5685000E-01  0.1355454E+00
  0.5690000E-01  0.1355798E+00
  0.5695000E-01  0.1353462E+00
  0.5700000E-01  0.1352295E+00
  0.5705000E-01  0.1353824E+00
  0.5710000E-01  0.1355160E+00
  0.5715000E-01  0.1355717E+00
  0.5720000E-01  0.1356483E+00
  0.5725000E-01  0.1360156E+00
  0.5730000E-01  0.1364155E+00
  0.5735000E-01  0.1365634E+00
  0.5740000E-01  0.1365970E+00
  0.5745000E-01  0.1366051E+00
  0.5750000E-01  0.1365774E+00
  0.5755000E-01  0.1366149E+00
  0.5760000E-01  0.1367250E+00
  0.5765000E-01  0.1367214E+00
  0.5770000E-01  0.1367971E+00
  0.5775000E-01  0.1370452E+00
  0.5780000E-01  0.1372198E+00
  0.5785000E-01  0.1372641E+00
  0.5790000E-01  0.1373430E+00
  0.5795000E-01  0.1375735E+00
  0.5800000E-01  0.1377931E+00
  0.5805000E-01  0.1380180E+00
  0.5810000E-01  0.1380400E+00
  0.5815000E-01  0.1377746E+00
  0.5820000E-01  0.1376387E+00
  0.5825000E-01  0.1378575E+00
  0.5830000E-01  0.1382938E+00
  0.5835000E-01  0.1389762E+00
  0.5840000E-01  0.1397897E+00
  0.5845000E-01  0.1402917E+00
  0.5850000E-01  0.1405892E+00
  0.5855000E-01  0.1407943E+00
  0.5860000E-01  0.1407585E+00
  0.5865000E-01  0.1403592E+00
  0.5870000E-01  0.1401605E+00
  0.5875000E-01  0.1405964E+00
  0.5880000E-01  0.1411013E+00
  0.5885000E-01  0.1414187E+00
  0.5890000E-01  0.1417114E+00
  0.5895000E-01  0.1419160E+00
  0.5900000E-01  0.1421702E+00
  0.5905000E-01  0.1425635E+00
  0.5910000E-01  0.1431661E+00
  0.5915000E-01  0.1440035E+00
  0.5920000E-01  0.1447220E+00
  0.5925000E-01  0.1450930E+00
  0.5930000E-01  0.1450422E+00
  0.5935000E-01  0.1449126E+00
  0.5940000E-01  0.1449278E+00
  0.5945000E-01  0.1451087E+00
  0.5950000E-01  0.1452189E+00
  0.5955000E-01  0.1452052E+00
  0.5960000E-01  0.1454405E+00
  0.5965000E-01  0.1456510E+00
  0.5970000E-01  0.1454906E+00
  0.5975000E-01  0.1453821E+00
  0.5980000E-01  0.1456700E+00
  0.5985000E-01  0.1461828E+00
  0.5990000E-01  0.1466153E+00
  0.5995000E-01  0.1469482E+00
  0.6000000E-01  0.1473121E+00
  0.6005000E-01  0.1477310E+00
  0.6010000E-01  0.1480659E+00
  0.6015000E-01  0.1484287E+00
  0.6020000E-01  0.1489823E+00
  0.6025000E-01  0.1493149E+00
  0.6030000E-01  0.1494330E+00
  0.6035000E-01  0.1494180E+00
  0.6040000E-01  0.1493070E+00
  0.6045000E-01  0.1493631E+00
  0.6050000E-01  0.1496380E+00
  0.6055000E-01  0.1500753E+00
  0.6060000E-01  0.1505833E+00
  0.6065000E-01  0.1508714E+00
  0.6070000E-01  0.1508763E+00
  0.6075000E-01  0.1510973E+00
  0.6080000E-01  0.1517538E+00
  0.6085000E-01  0.1524757E+00
  0.6090000E-01  0.1529773E+00
  0.6095000E-01  0.1533234E+00
  0.6100000E-01  0.1537516E+00
  0.6105000E-01  0.1541097E+00
  0.6110000E-01  0.1543614E+00
  0.6115000E-01  0.1545898E+00
  0.6120000E-01  0.1548784E+00
  0.6125000E-01  0.1552631E+00
  0.6130000E-01  0.1558298E+00
  0.6135000E-01  0.1563950E+00
  0.6140000E-01  0.1566393E+00
  0.6145000E-01  0.1564158E+00
  0.6150000E-01  0.1562137E+00
  0.6155000E-01  0.1562892E+00
  0.6160000E-01  0.1564190E+00
  0.6165000E-01  0.1564349E+00
  0.6170000E-01  0.1564985E+00
  0.6175000E-01  0.1568473E+00
  0.6180000E-01  0.1575771E+00
  0.6185000E-01  0.1583427E+00
  0.6190000E-01  0.1590046E+00
  0.6195000E-01  0.1596810E+00
  0.6200000E-01  0.1602510E+00
  0.6205000E-01  0.1606584E+00
  0.6210000E-01  0.1608110E+00
  0.6215000E-01  0.1609572E+00
  0.6220000E-01  0.1612318E+00
  0.6225000E-01  0.1615574E+00
  0.6230000E-01  0.1620402E+00
  0.6235000E-01  0.1624469E+00
  0.6240000E-01  0.1629572E+00
  0.6245000E-01  0.1636110E+00
  0.6250000E-01  0.1642103E+00
  0.6255000E-01  0.1646899E+00
  0.6260000E-01  0.1652435E+00
  0.6265000E-01  0.1659467E+00
  0.6270000E-01  0.1664693E+00
  0.6275000E-01  0.1669006E+00
  0.6280000E-01  0.1674379E+00
  0.6285000E-01  0.1679019E+00
  0.6290000E-01  0.1681974E+00
  0.6295000E-01  0.1685126E+00
  0.6300000E-01  0.1686919E+00
  0.6305000E-01  0.1686149E+00
  0.6310000E-01  0.1684301E+00
  0.6315000E-01  0.1685977E+00
  0.6320000E-01  0.1690412E+00
  0.6325000E-01  0.1693814E+00
  0.6330000E-01  0.1697318E+00
  0.6335000E-01  0.1700284E+00
  0.6340000E-01  0.1703720E+00
  0.6345000E-01  0.1709861E+00
  0.6350000E-01  0.1716868E+00
  0.6355000E-01  0.1723951E+00
  0.6360000E-01  0.1728735E+00
  0.6365000E-01  0.1732839E+00
  0.6370000E-01  0.1737848E+00
  0.6375000E-01  0.1741140E+00
  0.6380000E-01  0.1744691E+00
  0.6385000E-01  0.1751234E+00
  0.6390000E-01  0.1758775E+00
  0.6395000E-01  0.1764945E+00
  0.6400000E-01  0.1770205E+00
  0.6405000E-01  0.1778477E+00
  0.6410000E-01  0.1786816E+00
  0.6415000E-01  0.1790988E+00
  0.6420000E-01  0.1795263E+00
  0.6425000E-01  0.1801217E+00
  0.6430000E-01  0.1806040E+00
  0.6435000E-01  0.1809025E+00
  0.6440000E-01  0.1812045E+00
  0.6445000E-01  0.1816514E+00
  0.6450000E-01  0.1821984E+00
  0.6455000E-01  0.1825196E+00
  0.6460000E-01  0.1825837E+00
  0.6465000E-01  0.1827533E+00
  0.6470000E-01  0.1834969E+00
  0.6475000E-01  0.1845519E+00
  0.6480000E-01  0.1848765E+00
  0.6485000E-01  0.1846838E+00
  0.6490000E-01  0.1847192E+00
  0.6495000E-01  0.1848648E+00
  0.6500000E-01  0.1851209E+00
  0.6505000E-01  0.1858701E+00
  0.6510000E-01  0.1867874E+00
  0.6515000E-01  0.1872802E+00
  0.6520000E-01  0.1873296E+00
  0.6525000E-01  0.1875224E+00
  0.6530000E-01  0.1880000E+00
  0.6535000E-01  0.1883213E+00
  0.6540000E-01  0.1885048E+00
  0.6545000E-01  0.1888575E+00
  0.6550000E-01  0.1893307E+00
  0.6555000E-01  0.1896462E+00
  0.6560000E-01  0.1899454E+00
  0.6565000E-01  0.1903703E+00
  0.6570000E-01  0.1909574E+00
  0.6575000E-01  0.1915335E+00
  0.6580000E-01  0.1917237E+00
  0.6585000E-01  0.1918134E+00
  0.6590000E-01  0.1920180E+00
  0.6595000E-01  0.1921418E+00
  0.6600000E-01  0.1925462E+00
  0.6605000E-01  0.1932768E+00
  0.6610000E-01  0.1939191E+00
  0.6615000E-01  0.1946190E+00
  0.6620000E-01  0.1954043E+00
  0.6625000E-01  0.1959794E+00
  0.6630000E-01  0.1964682E+00
  0.6635000E-01  0.1968667E+00
  0.6640000E-01  0.1971282E+00
  0.6645000E-01  0.1976036E+00
  0.6650000E-01  0.1983838E+00
  0.6655000E-01  0.1991950E+00
  0.6660000E-01  0.1996674E+00
  0.6665000E-01  0.1996623E+00
  0.6670000E-01  0.1995928E+00
  0.6675000E-01  0.1999800E+00
  0.6680000E-01  0.2005084E+00
  0.6685000E-01  0.2007637E+00
  0.6690000E-01  0.2010160E+00
  0.6695000E-01  0.2013646E+00
  0.6700000E-01  0.2017897E+00
  0.6705000E-01  0.2020909E+00
  0.6710000E-01  0.2023668E+00
  0.6715000E-01  0.2027291E+00
  0.6720000E-01  0.2031043E+00
  0.6725000E-01  0.2034935E+00
  0.6730000E-01  0.2040400E+00
  0.6735000E-01  0.2049038E+00
  0.6740000E-01  0.2058672E+00
  0.6745000E-01  0.2067401E+00
  0.6750000E-01  0.2072800E+00
  0.6755000E-01  0.2075321E+00
  0.6760000E-01  0.2079332E+00
  0.6765000E-01  0.2085426E+00
  0.6770000E-01  0.2094038E+00
  0.6775000E-01  0.2105502E+00
  0.6780000E-01  0.2117207E+00
  0.6785000E-01  0.2127621E+00
  0.6790000E-01  0.2134858E+00
  0.6795000E-01  0.2140708E+00
  0.6800000E-01  0.2143558E+00
  0.6805000E-01  0.2142357E+00
  0.6810000E-01  0.2141452E+00
  0.6815000E-01  0.2142628E+00
  0.6820000E-01  0.2146153E+00
  0.6825000E-01  0.2154439E+00
  0.6830000E-01  0.2165945E+00
  0.6835000E-01  0.2175938E+00
  0.6840000E-01  0.2181014E+00
  0.6845000E-01  0.2182529E+00
  0.6850000E-01  0.2187721E+00
  0.6855000E-01  0.2194382E+00
  0.6860000E-01  0.2201666E+00
  0.6865000E-01  0.2210576E+00
  0.6870000E-01  0.2216731E+00
  0.6875000E-01  0.2225208E+00
  0.6880000E-01  0.2232481E+00
  0.6885000E-01  0.2233725E+00
  0.6890000E-01  0.2232519E+00
  0.6895000E-01  0.2233938E+00
  0.6900000E-01  0.2240196E+00
  0.6905000E-01  0.2243825E+00
  0.6910000E-01  0.2244236E+00
  0.6915000E-01  0.2247359E+00
  0.6920000E-01  0.2251575E+00
  0.6925000E-01  0.2254487E+00
  0.6930000E-01  0.2254639E+00
  0.6935000E-01  0.2254471E+00
  0.6940000E-01  0.2254287E+00
  0.6945000E-01  0.2251974E+00
  0.6950000E-01  0.2250570E+00
  0.6955000E-01  0.2253184E+00
  0.6960000E-01  0.2259675E+00
  0.6965000E-01  0.2270053E+00
  0.6970000E-01  0.2283090E+00
  0.6975000E-01  0.2296505E+00
  0.6980000E-01  0.2306315E+00
  0.6985000E-01  0.2313835E+00
  0.6990000E-01  0.2324938E+00
  0.6995000E-01  0.2341510E+00
  0.7000000E-01  0.2357239E+00
  0.7005000E-01  0.2365157E+00
  0.7010000E-01  0.2370359E+00
  0.7015000E-01  0.2374945E+00
  0.7020000E-01  0.2380129E+00
  0.7025000E-01  0.2387315E+00
  0.7030000E-01  0.2392767E+00
  0.7035000E-01  0.2394578E+00
  0.7040000E-01  0.2395865E+00
  0.7045000E-01  0.2399858E+00
  0.7050000E-01  0.2406993E+00
  0.7055000E-01  0.2416350E+00
  0.7060000E-01  0.2426007E+00
  0.7065000E-01  0.2434775E+00
  0.7070000E-01  0.2442126E+00
  0.7075000E-01  0.2448884E+00
  0.7080000E-01  0.2458967E+00
  0.7085000E-01  0.2472102E+00
  0.7090000E-01  0.2484897E+00
  0.7095000E-01  0.2491958E+00
  0.7100000E-01  0.2495218E+00
  0.7105000E-01  0.2502926E+00
  0.7110000E-01  0.2511162E+00
  0.7115000E-01  0.2514807E+00
  0.7120000E-01  0.2517146E+00
  0.7125000E-01  0.2518998E+00
  0.7130000E-01  0.2522727E+00
  0.7135000E-01  0.2530484E+00
  0.7140000E-01  0.2540788E+00
  0.7145000E-01  0.2551080E+00
  0.7150000E-01  0.2562346E+00
  0.7155000E-01  0.2574300E+00
  0.7160000E-01  0.2586309E+00
  0.7165000E-01  0.2595474E+00
  0.7170000E-01  0.2604180E+00
  0.7175000E-01  0.2612190E+00
  0.7180000E-01  0.2616380E+00
  0.7185000E-01  0.2619306E+00
  0.7190000E-01  0.2624382E+00
  0.7195000E-01  0.2631573E+00
  0.7200000E-01  0.2635773E+00
  0.7205000E-01  0.2640764E+00
  0.7210000E-01  0.2647868E+00
  0.7215000E-01  0.2657153E+00
  0.7220000E-01  0.2669599E+00
  0.7225000E-01  0.2680466E+00
  0.7230000E-01  0.2690568E+00
  0.7235000E-01  0.2701835E+00
  0.7240000E-01  0.2713539E+00
  0.7245000E-01  0.2725830E+00
  0.7250000E-01  0.2735441E+00
  0.7255000E-01  0.2739810E+00
  0.7260000E-01  0.2744012E+00
  0.7265000E-01  0.2748970E+00
  0.7270000E-01  0.2754309E+00
  0.7275000E-01  0.2761481E+00
  0.7280000E-01  0.2772515E+00
  0.7285000E-01  0.2782466E+00
  0.7290000E-01  0.2786700E+00
  0.7295000E-01  0.2788467E+00
  0.7300000E-01  0.2792106E+00
  0.7305000E-01  0.2800935E+00
  0.7310000E-01  0.2813830E+00
  0.7315000E-01  0.2828395E+00
  0.7320000E-01  0.2840848E+00
  0.7325000E-01  0.2849239E+00
  0.7330000E-01  0.2857870E+00
  0.7335000E-01  0.2868624E+00
  0.7340000E-01  0.2879280E+00
  0.7345000E-01  0.2887787E+00
  0.7350000E-01  0.2892029E+00
  0.7355000E-01  0.2891776E+00
  0.7360000E-01  0.2891114E+00
  0.7365000E-01  0.2895117E+00
  0.7370000E-01  0.2903544E+00
  0.7375000E-01  0.2912614E+00
  0.7380000E-01  0.2926097E+00
  0.7385000E-01  0.2943070E+00
  0.7390000E-01  0.2958553E+00
  0.7395000E-01  0.2971794E+00
  0.7400000E-01  0.2984287E+00
  0.7405000E-01  0.2996946E+00
  0.7410000E-01  0.3004271E+00
  0.7415000E-01  0.3003465E+00
  0.7420000E-01  0.3000113E+00
  0.7425000E-01  0.3002811E+00
  0.7430000E-01  0.3014216E+00
  0.7435000E-01  0.3029969E+00
  0.7440000E-01  0.3044668E+00
  0.7445000E-01  0.3060203E+00
  0.7450000E-01  0.3079763E+00
  0.7455000E-01  0.3100220E+00
  0.7460000E-01  0.3116696E+00
  0.7465000E-01  0.3125955E+00
  0.7470000E-01  0.3129354E+00
  0.7475000E-01  0.3132187E+00
  0.7480000E-01  0.3139130E+00
  0.7485000E-01  0.3146258E+00
  0.7490000E-01  0.3152809E+00
  0.7495000E-01  0.3162214E+00
  0.7500000E-01  0.3172829E+00
  0.7505000E-01  0.3182659E+00
  0.7510000E-01  0.3190948E+00
  0.7515000E-01  0.3197278E+00
  0.7520000E-01  0.3205167E+00
  0.7525000E-01  0.3213231E+00
  0.7530000E-01  0.3222507E+00
  0.7535000E-01  0.3234557E+00
  0.7540000E-01  0.3247037E+00
  0.7545000E-01  0.3257955E+00
  0.7550000E-01  0.3271785E+00
  0.7555000E-01  0.3288906E+00
  0.7560000E-01  0.3305532E+00
  0.7565000E-01  0.3316219E+00
  0.7570000E-01  0.3324937E+00
  0.7575000E-01  0.3338139E+00
  0.7580000E-01  0.3350982E+00
  0.7585000E-01  0.3361163E+00
  0.7590000E-01  0.3376498E+00
  0.7595000E-01  0.3393180E+00
  0.7600000E-01  0.3407987E+00
  0.7605000E-01  0.3423287E+00
  0.7610000E-01  0.3432205E+00
  0.7615000E-01  0.3434948E+00
  0.7620000E-01  0.3440068E+00
  0.7625000E-01  0.3451427E+00
  0.7630000E-01  0.3468548E+00
  0.7635000E-01  0.3485435E+00
  0.7640000E-01  0.3497904E+00
  0.7645000E-01  0.3509516E+00
  0.7650000E-01  0.3524698E+00
  0.7655000E-01  0.3539538E+00
  0.7660000E-01  0.3554029E+00
  0.7665000E-01  0.3571859E+00
  0.7670000E-01  0.3588742E+00
  0.7675000E-01  0.3598497E+00
  0.7680000E-01  0.3606625E+00
  0.7685000E-01  0.3616655E+00
  0.7690000E-01  0.3625838E+00
  0.7695000E-01  0.3637257E+00
  0.7700000E-01  0.3648900E+00
  0.7705000E-01  0.3658648E+00
  0.7710000E-01  0.3672208E+00
  0.7715000E-01  0.3685969E+00
  0.7720000E-01  0.3698892E+00
  0.7725000E-01  0.3713412E+00
  0.7730000E-01  0.3733036E+00
  0.7735000E-01  0.3755634E+00
  0.7740000E-01  0.3778425E+00
  0.7745000E-01  0.3799063E+00
  0.7750000E-01  0.3815198E+00
  0.7755000E-01  0.3828065E+00
  0.7760000E-01  0.3841608E+00
  0.7765000E-01  0.3857545E+00
  0.7770000E-01  0.3874866E+00
  0.7775000E-01  0.3887695E+00
  0.7780000E-01  0.3896280E+00
  0.7785000E-01  0.3908972E+00
  0.7790000E-01  0.3927635E+00
  0.7795000E-01  0.3946095E+00
  0.7800000E-01  0.3959313E+00
  0.7805000E-01  0.3968685E+00
  0.7810000E-01  0.3977044E+00
  0.7815000E-01  0.3983726E+00
  0.7820000E-01  0.3985976E+00
  0.7825000E-01  0.3990714E+00
  0.7830000E-01  0.4002330E+00
  0.7835000E-01  0.4013285E+00
  0.7840000E-01  0.4018464E+00
  0.7845000E-01  0.4021586E+00
  0.7850000E-01  0.4032035E+00
  0.7855000E-01  0.4049229E+00
  0.7860000E-01  0.4071159E+00
  0.7865000E-01  0.4093340E+00
  0.7870000E-01  0.4112515E+00
  0.7875000E-01  0.4131494E+00
  0.7880000E-01  0.4153657E+00
  0.7885000E-01  0.4176477E+00
  0.7890000E-01  0.4196159E+00
  0.7895000E-01  0.4209805E+00
  0.7900000E-01  0.4216275E+00
  0.7905000E-01  0.4223734E+00
  0.7910000E-01  0.4236109E+00
  0.7915000E-01  0.4249647E+00
  0.7920000E-01  0.4263058E+00
  0.7925000E-01  0.4277458E+00
  0.7930000E-01  0.4291309E+00
  0.7935000E-01  0.4302471E+00
  0.7940000E-01  0.4314537E+00
  0.7945000E-01  0.4330942E+00
  0.7950000E-01  0.4344925E+00
  0.7955000E-01  0.4358237E+00
  0.7960000E-01  0.4376250E+00
  0.7965000E-01  0.4402412E+00
  0.7970000E-01  0.4433253E+00
  0.7975000E-01  0.4462366E+00
  0.7980000E-01  0.4489881E+00
  0.7985000E-01  0.4515586E+00
  0.7990000E-01  0.4539044E+00
  0.7995000E-01  0.4557637E+00
  0.8000000E-01  0.4572063E+00
  0.8005000E-01  0.4586834E+00
  0.8010000E-01  0.4605478E+00
  0.8015000E-01  0.4628272E+00
  0.8020000E-01  0.4649038E+00
  0.8025000E-01  0.4664333E+00
  0.8030000E-01  0.4680690E+00
  0.8035000E-01  0.4696627E+00
  0.8040000E-01  0.4714028E+00
  0.8045000E-01  0.4727231E+00
  0.8050000E-01  0.4735528E+00
  0.8055000E-01  0.4742994E+00
  0.8060000E-01  0.4749131E+00
  0.8065000E-01  0.4763453E+00
  0.8070000E-01  0.4786960E+00
  0.8075000E-01  0.4809158E+00
  0.8080000E-01  0.4830559E+00
  0.8085000E-01  0.4849366E+00
  0.8090000E-01  0.4866331E+00
  0.8095000E-01  0.4879746E+00
  0.8100000E-01  0.4890399E+00
  0.8105000E-01  0.4904432E+00
  0.8110000E-01  0.4920760E+00
  0.8115000E-01  0.4939308E+00
  0.8120000E-01  0.4956141E+00
  0.8125000E-01  0.4977287E+00
  0.8130000E-01  0.5003718E+00
  0.8135000E-01  0.5036234E+00
  0.8140000E-01  0.5071930E+00
  0.8145000E-01  0.5099310E+00
  0.8150000E-01  0.5110491E+00
  0.8155000E-01  0.5114949E+00
  0.8160000E-01  0.5128261E+00
  0.8165000E-01  0.5152450E+00
  0.8170000E-01  0.5177576E+00
  0.8175000E-01  0.5197737E+00
  0.8180000E-01  0.5214340E+00
  0.8185000E-01  0.5233112E+00
  0.8190000E-01  0.5252061E+00
  0.8195000E-01  0.5273532E+00
  0.8200000E-01  0.5299390E+00
  0.8205000E-01  0.5328576E+00
  0.8210000E-01  0.5351316E+00
  0.8215000E-01  0.5367522E+00
  0.8220000E-01  0.5383750E+00
  0.8225000E-01  0.5403340E+00
  0.8230000E-01  0.5425091E+00
  0.8235000E-01  0.5446487E+00
  0.8240000E-01  0.5467496E+00
  0.8245000E-01  0.5486276E+00
  0.8250000E-01  0.5504391E+00
  0.8255000E-01  0.5520051E+00
  0.8260000E-01  0.5540187E+00
  0.8265000E-01  0.5564821E+00
  0.8270000E-01  0.5589920E+00
  0.8275000E-01  0.5621250E+00
  0.8280000E-01  0.5658164E+00
  0.8285000E-01  0.5691636E+00
  0.8290000E-01  0.5719992E+00
  0.8295000E-01  0.5748690E+00
  0.8300000E-01  0.5779267E+00
  0.8305000E-01  0.5807635E+00
  0.8310000E-01  0.5829962E+00
  0.8315000E-01  0.5844092E+00
  0.8320000E-01  0.5854513E+00
  0.8325000E-01  0.5863096E+00
  0.8330000E-01  0.5870147E+00
  0.8335000E-01  0.5884334E+00
  0.8340000E-01  0.5901299E+00
  0.8345000E-01  0.5920127E+00
  0.8350000E-01  0.5952704E+00
  0.8355000E-01  0.5990823E+00
  0.8360000E-01  0.6025315E+00
  0.8365000E-01  0.6061473E+00
  0.8370000E-01  0.6104250E+00
  0.8375000E-01  0.6146343E+00
  0.8380000E-01  0.6184248E+00
  0.8385000E-01  0.6213523E+00
  0.8390000E-01  0.6237684E+00
  0.8395000E-01  0.6263851E+00
  0.8400000E-01  0.6289267E+00
  0.8405000E-01  0.6314948E+00
  0.8410000E-01  0.6339279E+00
  0.8415000E-01  0.6362477E+00
  0.8420000E-01  0.6389665E+00
  0.8425000E-01  0.6417710E+00
  0.8430000E-01  0.6431206E+00
  0.8435000E-01  0.6437387E+00
  0.8440000E-01  0.6457163E+00
  0.8445000E-01  0.6484449E+00
  0.8450000E-01  0.6513820E+00
  0.8455000E-01  0.6545290E+00
  0.8460000E-01  0.6577346E+00
  0.8465000E-01  0.6613190E+00
  0.8470000E-01  0.6654494E+00
  0.8475000E-01  0.6690628E+00
  0.8480000E-01  0.6724380E+00
  0.8485000E-01  0.6764135E+00
  0.8490000E-01  0.6796283E+00
  0.8495000E-01  0.6830606E+00
  0.8500000E-01  0.6871151E+00
  0.8505000E-01  0.6900573E+00
  0.8510000E-01  0.6923155E+00
  0.8515000E-01  0.6942845E+00
  0.8520000E-01  0.6963467E+00
  0.8525000E-01  0.6992859E+00
  0.8530000E-01  0.7021913E+00
  0.8535000E-01  0.7049470E+00
  0.8540000E-01  0.7091235E+00
  0.8545000E-01  0.7144403E+00
  0.8550000E-01  0.7201759E+00
  0.8555000E-01  0.7256270E+00
  0.8560000E-01  0.7298958E+00
  0.8565000E-01  0.7337015E+00
  0.8570000E-01  0.7372904E+00
  0.8575000E-01  0.7412303E+00
  0.8580000E-01  0.7458757E+00
  0.8585000E-01  0.7508780E+00
  0.8590000E-01  0.7547721E+00
  0.8595000E-01  0.7581279E+00
  0.8600000E-01  0.7614783E+00
  0.8605000E-01  0.7645801E+00
  0.8610000E-01  0.7680316E+00
  0.8615000E-01  0.7717185E+00
  0.8620000E-01  0.7749572E+00
  0.8625000E-01  0.7782725E+00
  0.8630000E-01  0.7821130E+00
  0.8635000E-01  0.7862749E+00
  0.8640000E-01  0.7911536E+00
  0.8645000E-01  0.7967296E+00
  0.8650000E-01  0.8028522E+00
  0.8655000E-01  0.8083489E+00
  0.8660000E-01  0.8131566E+00
  0.8665000E-01  0.8183536E+00
  0.8670000E-01  0.8243257E+00
  0.8675000E-01  0.8298858E+00
  0.8680000E-01  0.8335091E+00
  0.8685000E-01  0.8366941E+00
  0.8690000E-01  0.8414589E+00
  0.8695000E-01  0.8469437E+00
  0.8700000E-01  0.8520280E+00
  0.8705000E-01  0.8559961E+00
  0.8710000E-01  0.8601858E+00
  0.8715000E-01  0.8648614E+00
  0.8720000E-01  0.8688245E+00
  0.8725000E-01  0.8723250E+00
  0.8730000E-01  0.8756075E+00
  0.8735000E-01  0.8788045E+00
  0.8740000E-01  0.8828624E+00
  0.8745000E-01  0.8876712E+00
  0.8750000E-01  0.8914516E+00
  0.8755000E-01  0.8954107E+00
  0.8760000E-01  0.9005901E+00
  0.8765000E-01  0.9056973E+00
  0.8770000E-01  0.9108223E+00
  0.8775000E-01  0.9160979E+00
  0.8780000E-01  0.9212995E+00
  0.8785000E-01  0.9272550E+00
  0.8790000E-01  0.9333520E+00
  0.8795000E-01  0.9378502E+00
  0.8800000E-01  0.9411683E+00
  0.8805000E-01  0.9456787E+00
  0.8810000E-01  0.9511237E+00
  0.8815000E-01  0.9577483E+00
  0.8820000E-01  0.9650619E+00
  0.8825000E-01  0.9717059E+00
  0.8830000E-01  0.9780974E+00
  0.8835000E-01  0.9833260E+00
  0.8840000E-01  0.9878794E+00
  0.8845000E-01  0.9932686E+00
  0.8850000E-01  0.1000280E+01
  0.8855000E-01  0.1007199E+01
  0.8860000E-01  0.1013018E+01
  0.8865000E-01  0.1018861E+01
  0.8870000E-01  0.1024552E+01
  0.8875000E-01  0.1030223E+01
  0.8880000E-01  0.1037708E+01
  0.8885000E-01  0.1044696E+01
  0.8890000E-01  0.1049952E+01
  0.8895000E-01  0.1055797E+01
  0.8900000E-01  0.1062449E+01
  0.8905000E-01  0.1070181E+01
  0.8910000E-01  0.1078704E+01
  0.8915000E-01  0.1086509E+01
  0.8920000E-01  0.1094171E+01
  0.8925000E-01  0.1102390E+01
  0.8930000E-01  0.1109247E+01
  0.8935000E-01  0.1115152E+01
  0.8940000E-01  0.1121738E+01
  0.8945000E-01  0.1128890E+01
  0.8950000E-01  0.1136273E+01
  0.8955000E-01  0.1144489E+01
  0.8960000E-01  0.1152694E+01
  0.8965000E-01  0.1160677E+01
  0.8970000E-01  0.1168213E+01
  0.8975000E-01  0.1174993E+01
  0.8980000E-01  0.1181905E+01
  0.8985000E-01  0.1189463E+01
  0.8990000E-01  0.1197069E+01
  0.8995000E-01  0.1205523E+01
  0.9000000E-01  0.1213753E+01
  0.9005000E-01  0.1221780E+01
  0.9010000E-01  0.1230113E+01
  0.9015000E-01  0.1238117E+01
  0.9020000E-01  0.1245063E+01
  0.9025000E-01  0.1253056E+01
  0.9030000E-01  0.1262440E+01
  0.9035000E-01  0.1270890E+01
  0.9040000E-01  0.1278309E+01
  0.9045000E-01  0.1285825E+01
  0.9050000E-01  0.1294303E+01
  0.9055000E-01  0.1304192E+01
  0.9060000E-01  0.1313512E+01
  0.9065000E-01  0.1320745E+01
  0.9070000E-01  0.1326645E+01
  0.9075000E-01  0.1332990E+01
  0.9080000E-01  0.1341784E+01
  0.9085000E-01  0.1351421E+01
  0.9090000E-01  0.1360686E+01
  0.9095000E-01  0.1372240E+01
  0.9100000E-01  0.1385356E+01
  0.9105000E-01  0.1398871E+01
  0.9110000E-01  0.1412364E+01
  0.9115000E-01  0.1424638E+01
  0.9120000E-01  0.1436539E+01
  0.9125000E-01  0.1446913E+01
  0.9130000E-01  0.1454606E+01
  0.9135000E-01  0.1462717E+01
  0.9140000E-01  0.1472401E+01
  0.9145000E-01  0.1483831E+01
  0.9150000E-01  0.1495768E+01
  0.9155000E-01  0.1506861E+01
  0.9160000E-01  0.1517511E+01
  0.9165000E-01  0.1527338E+01
  0.9170000E-01  0.1539008E+01
  0.9175000E-01  0.1553174E+01
  0.9180000E-01  0.1567635E+01
  0.9185000E-01  0.1581071E+01
  0.9190000E-01  0.1593060E+01
  0.9195000E-01  0.1605328E+01
  0.9200000E-01  0.1616694E+01
  0.9205000E-01  0.1629036E+01
  0.9210000E-01  0.1643905E+01
  0.9215000E-01  0.1659640E+01
  0.9220000E-01  0.1675296E+01
  0.9225000E-01  0.1690562E+01
  0.9230000E-01  0.1705486E+01
  0.9235000E-01  0.1720282E+01
  0.9240000E-01  0.1734246E+01
  0.9245000E-01  0.1746621E+01
  0.9250000E-01  0.1758762E+01
  0.9255000E-01  0.1770985E+01
  0.9260000E-01  0.1783114E+01
  0.9265000E-01  0.1795747E+01
  0.9270000E-01  0.1808748E+01
  0.9275000E-01  0.1820900E+01
  0.9280000E-01  0.1834344E+01
  0.9285000E-01  0.1850315E+01
  0.9290000E-01  0.1868056E+01
  0.9295000E-01  0.1887049E+01
  0.9300000E-01  0.1904671E+01
  0.9305000E-01  0.1919928E+01
  0.9310000E-01  0.1936606E+01
  0.9315000E-01  0.1956068E+01
  0.9320000E-01  0.1978498E+01
  0.9325000E-01  0.2001338E+01
  0.9330000E-01  0.2021284E+01
  0.9335000E-01  0.2038886E+01
  0.9340000E-01  0.2057299E+01
  0.9345000E-01  0.2077037E+01
  0.9350000E-01  0.2096505E+01
  0.9355000E-01  0.2114909E+01
  0.9360000E-01  0.2132879E+01
  0.9365000E-01  0.2151707E+01
  0.9370000E-01  0.2171245E+01
  0.9375000E-01  0.2191544E+01
  0.9380000E-01  0.2212337E+01
  0.9385000E-01  0.2233754E+01
  0.9390000E-01  0.2254271E+01
  0.9395000E-01  0.2274425E+01
  0.9400000E-01  0.2295655E+01
  0.9405000E-01  0.2317940E+01
  0.9410000E-01  0.2342038E+01
  0.9415000E-01  0.2365856E+01
  0.9420000E-01  0.2388567E+01
  0.9425000E-01  0.2413194E+01
  0.9430000E-01  0.2439624E+01
  0.9435000E-01  0.2464788E+01
  0.9440000E-01  0.2489410E+01
  0.9445000E-01  0.2515848E+01
  0.9450000E-01  0.2542194E+01
  0.9455000E-01  0.2569349E+01
  0.9460000E-01  0.2598132E+01
  0.9465000E-01  0.2626678E+01
  0.9470000E-01  0.2654136E+01
  0.9475000E-01  0.2683741E+01
  0.9480000E-01  0.2714656E+01
  0.9485000E-01  0.2743931E+01
  0.9490000E-01  0.2771446E+01
  0.9495000E-01  0.2802788E+01
  0.9500000E-01  0.2835486E+01
  0.9505000E-01  0.2866872E+01
  0.9510000E-01  0.2899986E+01
  0.9515000E-01  0.2934058E+01
  0.9520000E-01  0.2967920E+01
  0.9525000E-01  0.3000770E+01
  0.9530000E-01  0.3034647E+01
  0.9535000E-01  0.3071466E+01
  0.9540000E-01  0.3110304E+01
  0.9545000E-01  0.3152528E+01
  0.9550000E-01  0.3196740E+01
  0.9555000E-01  0.3241887E+01
  0.9560000E-01  0.3288276E+01
  0.9565000E-01  0.3334605E+01
  0.9570000E-01  0.3381257E+01
  0.9575000E-01  0.3429690E+01
  0.9580000E-01  0.3476556E+01
  0.9585000E-01  0.3518951E+01
  0.9590000E-01  0.3559689E+01
  0.9595000E-01  0.3606346E+01
  0.9600000E-01  0.3661872E+01
  0.9605000E-01  0.3723381E+01
  0.9610000E-01  0.3784052E+01
  0.9615000E-01  0.3840249E+01
  0.9620000E-01  0.3893516E+01
  0.9625000E-01  0.3948439E+01
  0.9630000E-01  0.4004716E+01
  0.9635000E-01  0.4064620E+01
  0.9640000E-01  0.4129287E+01
  0.9645000E-01  0.4195555E+01
  0.9650000E-01  0.4262203E+01
  0.9655000E-01  0.4330907E+01
  0.9660000E-01  0.4403590E+01
  0.9665000E-01  0.4479787E+01
  0.9670000E-01  0.4555588E+01
  0.9675000E-01  0.4631118E+01
  0.9680000E-01  0.4705485E+01
  0.9685000E-01  0.4779105E+01
  0.9690000E-01  0.4851403E+01
  0.9695000E-01  0.4922553E+01
  0.9700000E-01  0.4994591E+01
  0.9705000E-01  0.5070677E+01
  0.9710000E-01  0.5151694E+01
  0.9715000E-01  0.5237799E+01
  0.9720000E-01  0.5326849E+01
  0.9725000E-01  0.5413064E+01
  0.9730000E-01  0.5490265E+01
  0.9735000E-01  0.5560550E+01
  0.9740000E-01  0.5625242E+01
  0.9745000E-01  0.5689283E+01
  0.9750000E-01  0.5749051E+01
  0.9755000E-01  0.5802570E+01
  0.9760000E-01  0.5851258E+01
  0.9765000E-01  0.5892379E+01
  0.9770000E-01  0.5918141E+01
  0.9775000E-01  0.5931013E+01
  0.9780000E-01  0.5937396E+01
  0.9785000E-01  0.5942059E+01
  0.9790000E-01  0.5938720E+01
  0.9795000E-01  0.5925263E+01
  0.9800000E-01  0.5903514E+01
  0.9805000E-01  0.5881354E+01
  0.9810000E-01  0.5857684E+01
  0.9815000E-01  0.5832505E+01
  0.9820000E-01  0.5804978E+01
  0.9825000E-01  0.5778444E+01
  0.9830000E-01  0.5748335E+01
  0.9835000E-01  0.5712944E+01
  0.9840000E-01  0.5666287E+01
  0.9845000E-01  0.5606592E+01
  0.9850000E-01  0.5522303E+01
  0.9855000E-01  0.5407396E+01
  0.9860000E-01  0.5254493E+01
  0.9865000E-01  0.5066531E+01
  0.9870000E-01  0.4846250E+01
  0.9875000E-01  0.4596121E+01
  0.9880000E-01  0.4323188E+01
  0.9885000E-01  0.4039407E+01
  0.9890000E-01  0.3753578E+01
  0.9895000E-01  0.3478233E+01
  0.9900000E-01  0.3228580E+01
  0.9905000E-01  0.3013509E+01
  0.9910000E-01  0.2839546E+01
  0.9915000E-01  0.2718398E+01
  0.9920000E-01  0.2663874E+01
  0.9925000E-01  0.2684411E+01
  0.9930000E-01  0.2785210E+01
  0.9935000E-01  0.2974319E+01
  0.9940000E-01  0.3256778E+01
  0.9945000E-01  0.3633752E+01
  0.9950000E-01  0.4104819E+01
  0.9955000E-01  0.4661023E+01
  0.9960000E-01  0.5276068E+01
  0.9965000E-01  0.5906302E+01
  0.9970000E-01  0.6493800E+01
  0.9975000E-01  0.6975059E+01
  0.9980000E-01  0.7300317E+01
  0.9985000E-01  0.7454668E+01
  0.9990000E-01  0.7471657E+01
  0.9995000E-01  0.7427344E+01
  0.1000000E+00  0.7427343E+01
