  0.0000000E+00  0.7461087E+01
  0.5000000E-04  0.7484736E+01
  0.1000000E-03  0.7529848E+01
  0.1500000E-03  0.7512742E+01
  0.2000000E-03  0.7356388E+01
  0.2500000E-03  0.7027863E+01
  0.3000000E-03  0.6539879E+01
  0.3500000E-03  0.5941477E+01
  0.4000000E-03  0.5299255E+01
  0.4500000E-03  0.4672999E+01
  0.5000000E-03  0.4106818E+01
  0.5500000E-03  0.3626866E+01
  0.6000000E-03  0.3244574E+01
  0.6500000E-03  0.2960754E+01
  0.7000000E-03  0.2773139E+01
  0.7500000E-03  0.2676273E+01
  0.8000000E-03  0.2660339E+01
  0.8500000E-03  0.2716682E+01
  0.9000000E-03  0.2838677E+01
  0.9500000E-03  0.3017012E+01
  0.1000000E-02  0.3242399E+01
  0.1050000E-02  0.3503705E+01
  0.1100000E-02  0.3786042E+01
  0.1150000E-02  0.4076181E+01
  0.1200000E-02  0.4362167E+01
  0.1250000E-02  0.4635252E+01
  0.1300000E-02  0.4885616E+01
  0.1350000E-02  0.5103751E+01
  0.1400000E-02  0.5281086E+01
  0.1450000E-02  0.5419772E+01
  0.1500000E-02  0.5523622E+01
  0.1550000E-02  0.5601772E+01
  0.1600000E-02  0.5656616E+01
  0.1650000E-02  0.5697079E+01
  0.1700000E-02  0.5728694E+01
  0.1750000E-02  0.5759225E+01
  0.1800000E-02  0.5787929E+01
  0.1850000E-02  0.5818650E+01
  0.1900000E-02  0.5847327E+01
  0.1950000E-02  0.5870908E+01
  0.2000000E-02  0.5886159E+01
  0.2050000E-02  0.5896514E+01
  0.2100000E-02  0.5903405E+01
  0.2150000E-02  0.5911457E+01
  0.2200000E-02  0.5917320E+01
  0.2250000E-02  0.5915893E+01
  0.2300000E-02  0.5901579E+01
  0.2350000E-02  0.5873483E+01
  0.2400000E-02  0.5833391E+01
  0.2450000E-02  0.5784690E+01
  0.2500000E-02  0.5728441E+01
  0.2550000E-02  0.5669000E+01
  0.2600000E-02  0.5605869E+01
  0.2650000E-02  0.5539821E+01
  0.2700000E-02  0.5468705E+01
  0.2750000E-02  0.5394547E+01
  0.2800000E-02  0.5315022E+01
  0.2850000E-02  0.5233057E+01
  0.2900000E-02  0.5150375E+01
  0.2950000E-02  0.5069033E+01
  0.3000000E-02  0.4988503E+01
  0.3050000E-02  0.4908740E+01
  0.3100000E-02  0.4829121E+01
  0.3150000E-02  0.4750812E+01
  0.3200000E-02  0.4673150E+01
  0.3250000E-02  0.4598001E+01
  0.3300000E-02  0.4524257E+01
  0.3350000E-02  0.4450343E+01
  0.3400000E-02  0.4377178E+01
  0.3450000E-02  0.4309769E+01
  0.3500000E-02  0.4246051E+01
  0.3550000E-02  0.4184103E+01
  0.3600000E-02  0.4124564E+01
  0.3650000E-02  0.4066506E+01
  0.3700000E-02  0.4010650E+01
  0.3750000E-02  0.3956349E+01
  0.3800000E-02  0.3897548E+01
  0.3850000E-02  0.3833844E+01
  0.3900000E-02  0.3767149E+01
  0.3950000E-02  0.3702312E+01
  0.4000000E-02  0.3643847E+01
  0.4050000E-02  0.3591900E+01
  0.4100000E-02  0.3543981E+01
  0.4150000E-02  0.3497374E+01
  0.4200000E-02  0.3450208E+01
  0.4250000E-02  0.3402384E+01
  0.4300000E-02  0.3356520E+01
  0.4350000E-02  0.3312972E+01
  0.4400000E-02  0.3270125E+01
  0.4450000E-02  0.3229175E+01
  0.4500000E-02  0.3189921E+01
  0.4550000E-02  0.3152088E+01
  0.4600000E-02  0.3112058E+01
  0.4650000E-02  0.3072332E+01
  0.4700000E-02  0.3035002E+01
  0.4750000E-02  0.2999375E+01
  0.4800000E-02  0.2966503E+01
  0.4850000E-02  0.2933623E+01
  0.4900000E-02  0.2898589E+01
  0.4950000E-02  0.2864050E+01
  0.5000000E-02  0.2830288E+01
  0.5050000E-02  0.2797118E+01
  0.5100000E-02  0.2765192E+01
  0.5150000E-02  0.2732036E+01
  0.5200000E-02  0.2699934E+01
  0.5250000E-02  0.2669979E+01
  0.5300000E-02  0.2640385E+01
  0.5350000E-02  0.2612465E+01
  0.5400000E-02  0.2586043E+01
  0.5450000E-02  0.2559200E+01
  0.5500000E-02  0.2532659E+01
  0.5550000E-02  0.2508965E+01
  0.5600000E-02  0.2487634E+01
  0.5650000E-02  0.2463831E+01
  0.5700000E-02  0.2438739E+01
  0.5750000E-02  0.2413024E+01
  0.5800000E-02  0.2385299E+01
  0.5850000E-02  0.2358437E+01
  0.5900000E-02  0.2335179E+01
  0.5950000E-02  0.2315232E+01
  0.6000000E-02  0.2296465E+01
  0.6050000E-02  0.2279882E+01
  0.6100000E-02  0.2264600E+01
  0.6150000E-02  0.2249728E+01
  0.6200000E-02  0.2233935E+01
  0.6250000E-02  0.2215095E+01
  0.6300000E-02  0.2192670E+01
  0.6350000E-02  0.2169695E+01
  0.6400000E-02  0.2148426E+01
  0.6450000E-02  0.2128856E+01
  0.6500000E-02  0.2108515E+01
  0.6550000E-02  0.2086079E+01
  0.6600000E-02  0.2064885E+01
  0.6650000E-02  0.2046760E+01
  0.6700000E-02  0.2028321E+01
  0.6750000E-02  0.2007907E+01
  0.6800000E-02  0.1987351E+01
  0.6850000E-02  0.1967091E+01
  0.6900000E-02  0.1946357E+01
  0.6950000E-02  0.1926498E+01
  0.7000000E-02  0.1907807E+01
  0.7050000E-02  0.1889445E+01
  0.7100000E-02  0.1870645E+01
  0.7150000E-02  0.1852512E+01
  0.7200000E-02  0.1836135E+01
  0.7250000E-02  0.1821225E+01
  0.7300000E-02  0.1807779E+01
  0.7350000E-02  0.1794066E+01
  0.7400000E-02  0.1777622E+01
  0.7450000E-02  0.1761732E+01
  0.7500000E-02  0.1749030E+01
  0.7550000E-02  0.1736444E+01
  0.7600000E-02  0.1722240E+01
  0.7650000E-02  0.1708512E+01
  0.7700000E-02  0.1695677E+01
  0.7750000E-02  0.1681543E+01
  0.7800000E-02  0.1667034E+01
  0.7850000E-02  0.1654862E+01
  0.7900000E-02  0.1642818E+01
  0.7950000E-02  0.1629557E+01
  0.8000000E-02  0.1614681E+01
  0.8050000E-02  0.1601210E+01
  0.8100000E-02  0.1590156E+01
  0.8150000E-02  0.1578854E+01
  0.8200000E-02  0.1567939E+01
  0.8250000E-02  0.1556538E+01
  0.8300000E-02  0.1544588E+01
  0.8350000E-02  0.1533437E+01
  0.8400000E-02  0.1522752E+01
  0.8450000E-02  0.1511904E+01
  0.8500000E-02  0.1500617E+01
  0.8550000E-02  0.1489435E+01
  0.8600000E-02  0.1478565E+01
  0.8650000E-02  0.1467952E+01
  0.8700000E-02  0.1457068E+01
  0.8750000E-02  0.1445830E+01
  0.8800000E-02  0.1434750E+01
  0.8850000E-02  0.1423194E+01
  0.8900000E-02  0.1410823E+01
  0.8950000E-02  0.1398124E+01
  0.9000000E-02  0.1386315E+01
  0.9050000E-02  0.1376632E+01
  0.9100000E-02  0.1368370E+01
  0.9150000E-02  0.1360174E+01
  0.9200000E-02  0.1352321E+01
  0.9250000E-02  0.1344655E+01
  0.9300000E-02  0.1336764E+01
  0.9350000E-02  0.1327460E+01
  0.9400000E-02  0.1318765E+01
  0.9450000E-02  0.1311869E+01
  0.9500000E-02  0.1304783E+01
  0.9550000E-02  0.1296294E+01
  0.9600000E-02  0.1287770E+01
  0.9650000E-02  0.1279866E+01
  0.9700000E-02  0.1269414E+01
  0.9750000E-02  0.1256819E+01
  0.9800000E-02  0.1245034E+01
  0.9850000E-02  0.1236347E+01
  0.9900000E-02  0.1230974E+01
  0.9950000E-02  0.1224914E+01
  0.1000000E-01  0.1216883E+01
  0.1005000E-01  0.1209182E+01
  0.1010000E-01  0.1202186E+01
  0.1015000E-01  0.1194977E+01
  0.1020000E-01  0.1187720E+01
  0.1025000E-01  0.1178650E+01
  0.1030000E-01  0.1169054E+01
  0.1035000E-01  0.1160763E+01
  0.1040000E-01  0.1152302E+01
  0.1045000E-01  0.1143674E+01
  0.1050000E-01  0.1135729E+01
  0.1055000E-01  0.1128375E+01
  0.1060000E-01  0.1121230E+01
  0.1065000E-01  0.1113540E+01
  0.1070000E-01  0.1105616E+01
  0.1075000E-01  0.1098972E+01
  0.1080000E-01  0.1092655E+01
  0.1085000E-01  0.1087477E+01
  0.1090000E-01  0.1082968E+01
  0.1095000E-01  0.1077302E+01
  0.1100000E-01  0.1070020E+01
  0.1105000E-01  0.1062079E+01
  0.1110000E-01  0.1054897E+01
  0.1115000E-01  0.1047401E+01
  0.1120000E-01  0.1040133E+01
  0.1125000E-01  0.1032874E+01
  0.1130000E-01  0.1026151E+01
  0.1135000E-01  0.1020194E+01
  0.1140000E-01  0.1013415E+01
  0.1145000E-01  0.1005207E+01
  0.1150000E-01  0.9978419E+00
  0.1155000E-01  0.9925792E+00
  0.1160000E-01  0.9881759E+00
  0.1165000E-01  0.9842374E+00
  0.1170000E-01  0.9791720E+00
  0.1175000E-01  0.9725865E+00
  0.1180000E-01  0.9653324E+00
  0.1185000E-01  0.9592516E+00
  0.1190000E-01  0.9543230E+00
  0.1195000E-01  0.9491931E+00
  0.1200000E-01  0.9437133E+00
  0.1205000E-01  0.9380964E+00
  0.1210000E-01  0.9329675E+00
  0.1215000E-01  0.9281582E+00
  0.1220000E-01  0.9234735E+00
  0.1225000E-01  0.9193616E+00
  0.1230000E-01  0.9158548E+00
  0.1235000E-01  0.9127650E+00
  0.1240000E-01  0.9085857E+00
  0.1245000E-01  0.9030780E+00
  0.1250000E-01  0.8967246E+00
  0.1255000E-01  0.8896959E+00
  0.1260000E-01  0.8828123E+00
  0.1265000E-01  0.8767983E+00
  0.1270000E-01  0.8715541E+00
  0.1275000E-01  0.8675214E+00
  0.1280000E-01  0.8646640E+00
  0.1285000E-01  0.8625414E+00
  0.1290000E-01  0.8595464E+00
  0.1295000E-01  0.8552510E+00
  0.1300000E-01  0.8495774E+00
  0.1305000E-01  0.8428815E+00
  0.1310000E-01  0.8358454E+00
  0.1315000E-01  0.8301154E+00
  0.1320000E-01  0.8267015E+00
  0.1325000E-01  0.8233219E+00
  0.1330000E-01  0.8188366E+00
  0.1335000E-01  0.8143954E+00
  0.1340000E-01  0.8098193E+00
  0.1345000E-01  0.8039928E+00
  0.1350000E-01  0.7978317E+00
  0.1355000E-01  0.7923287E+00
  0.1360000E-01  0.7860757E+00
  0.1365000E-01  0.7784840E+00
  0.1370000E-01  0.7720571E+00
  0.1375000E-01  0.7680297E+00
  0.1380000E-01  0.7655032E+00
  0.1385000E-01  0.7647199E+00
  0.1390000E-01  0.7638632E+00
  0.1395000E-01  0.7617189E+00
  0.1400000E-01  0.7587201E+00
  0.1405000E-01  0.7556156E+00
  0.1410000E-01  0.7526430E+00
  0.1415000E-01  0.7496137E+00
  0.1420000E-01  0.7468812E+00
  0.1425000E-01  0.7437638E+00
  0.1430000E-01  0.7394292E+00
  0.1435000E-01  0.7343892E+00
  0.1440000E-01  0.7299011E+00
  0.1445000E-01  0.7261456E+00
  0.1450000E-01  0.7232153E+00
  0.1455000E-01  0.7204681E+00
  0.1460000E-01  0.7178759E+00
  0.1465000E-01  0.7147291E+00
  0.1470000E-01  0.7103963E+00
  0.1475000E-01  0.7055875E+00
  0.1480000E-01  0.7014674E+00
  0.1485000E-01  0.6980541E+00
  0.1490000E-01  0.6950272E+00
  0.1495000E-01  0.6920153E+00
  0.1500000E-01  0.6894162E+00
  0.1505000E-01  0.6866188E+00
  0.1510000E-01  0.6827863E+00
  0.1515000E-01  0.6794035E+00
  0.1520000E-01  0.6773453E+00
  0.1525000E-01  0.6745702E+00
  0.1530000E-01  0.6709940E+00
  0.1535000E-01  0.6679709E+00
  0.1540000E-01  0.6650090E+00
  0.1545000E-01  0.6613379E+00
  0.1550000E-01  0.6572913E+00
  0.1555000E-01  0.6534827E+00
  0.1560000E-01  0.6504239E+00
  0.1565000E-01  0.6479861E+00
  0.1570000E-01  0.6456525E+00
  0.1575000E-01  0.6433719E+00
  0.1580000E-01  0.6410693E+00
  0.1585000E-01  0.6381379E+00
  0.1590000E-01  0.6351597E+00
  0.1595000E-01  0.6325685E+00
  0.1600000E-01  0.6303618E+00
  0.1605000E-01  0.6290870E+00
  0.1610000E-01  0.6275248E+00
  0.1615000E-01  0.6245461E+00
  0.1620000E-01  0.6212468E+00
  0.1625000E-01  0.6185255E+00
  0.1630000E-01  0.6155967E+00
  0.1635000E-01  0.6121839E+00
  0.1640000E-01  0.6088730E+00
  0.1645000E-01  0.6052961E+00
  0.1650000E-01  0.6020198E+00
  0.1655000E-01  0.5996071E+00
  0.1660000E-01  0.5976623E+00
  0.1665000E-01  0.5955690E+00
  0.1670000E-01  0.5935341E+00
  0.1675000E-01  0.5923856E+00
  0.1680000E-01  0.5911357E+00
  0.1685000E-01  0.5895790E+00
  0.1690000E-01  0.5877469E+00
  0.1695000E-01  0.5850156E+00
  0.1700000E-01  0.5817738E+00
  0.1705000E-01  0.5782871E+00
  0.1710000E-01  0.5746770E+00
  0.1715000E-01  0.5711630E+00
  0.1720000E-01  0.5680789E+00
  0.1725000E-01  0.5655384E+00
  0.1730000E-01  0.5632553E+00
  0.1735000E-01  0.5613195E+00
  0.1740000E-01  0.5595201E+00
  0.1745000E-01  0.5579510E+00
  0.1750000E-01  0.5562657E+00
  0.1755000E-01  0.5543050E+00
  0.1760000E-01  0.5528314E+00
  0.1765000E-01  0.5509056E+00
  0.1770000E-01  0.5484370E+00
  0.1775000E-01  0.5458361E+00
  0.1780000E-01  0.5433365E+00
  0.1785000E-01  0.5411541E+00
  0.1790000E-01  0.5390687E+00
  0.1795000E-01  0.5375618E+00
  0.1800000E-01  0.5357484E+00
  0.1805000E-01  0.5333966E+00
  0.1810000E-01  0.5310269E+00
  0.1815000E-01  0.5289408E+00
  0.1820000E-01  0.5266829E+00
  0.1825000E-01  0.5237790E+00
  0.1830000E-01  0.5210827E+00
  0.1835000E-01  0.5192350E+00
  0.1840000E-01  0.5176317E+00
  0.1845000E-01  0.5156108E+00
  0.1850000E-01  0.5129475E+00
  0.1855000E-01  0.5105939E+00
  0.1860000E-01  0.5090528E+00
  0.1865000E-01  0.5075574E+00
  0.1870000E-01  0.5054682E+00
  0.1875000E-01  0.5025960E+00
  0.1880000E-01  0.5004248E+00
  0.1885000E-01  0.4988946E+00
  0.1890000E-01  0.4971598E+00
  0.1895000E-01  0.4950259E+00
  0.1900000E-01  0.4923975E+00
  0.1905000E-01  0.4899659E+00
  0.1910000E-01  0.4878406E+00
  0.1915000E-01  0.4861259E+00
  0.1920000E-01  0.4851606E+00
  0.1925000E-01  0.4839653E+00
  0.1930000E-01  0.4822395E+00
  0.1935000E-01  0.4804086E+00
  0.1940000E-01  0.4783864E+00
  0.1945000E-01  0.4766577E+00
  0.1950000E-01  0.4750173E+00
  0.1955000E-01  0.4732246E+00
  0.1960000E-01  0.4715524E+00
  0.1965000E-01  0.4700195E+00
  0.1970000E-01  0.4680289E+00
  0.1975000E-01  0.4658298E+00
  0.1980000E-01  0.4632318E+00
  0.1985000E-01  0.4599972E+00
  0.1990000E-01  0.4570799E+00
  0.1995000E-01  0.4547682E+00
  0.2000000E-01  0.4531992E+00
  0.2005000E-01  0.4519182E+00
  0.2010000E-01  0.4498768E+00
  0.2015000E-01  0.4474461E+00
  0.2020000E-01  0.4453473E+00
  0.2025000E-01  0.4437027E+00
  0.2030000E-01  0.4416065E+00
  0.2035000E-01  0.4397854E+00
  0.2040000E-01  0.4388309E+00
  0.2045000E-01  0.4380337E+00
  0.2050000E-01  0.4369050E+00
  0.2055000E-01  0.4354980E+00
  0.2060000E-01  0.4340963E+00
  0.2065000E-01  0.4322445E+00
  0.2070000E-01  0.4302877E+00
  0.2075000E-01  0.4292092E+00
  0.2080000E-01  0.4279821E+00
  0.2085000E-01  0.4262614E+00
  0.2090000E-01  0.4244909E+00
  0.2095000E-01  0.4226598E+00
  0.2100000E-01  0.4207204E+00
  0.2105000E-01  0.4186878E+00
  0.2110000E-01  0.4163686E+00
  0.2115000E-01  0.4143694E+00
  0.2120000E-01  0.4127181E+00
  0.2125000E-01  0.4113963E+00
  0.2130000E-01  0.4108269E+00
  0.2135000E-01  0.4105180E+00
  0.2140000E-01  0.4094009E+00
  0.2145000E-01  0.4077675E+00
  0.2150000E-01  0.4059524E+00
  0.2155000E-01  0.4041429E+00
  0.2160000E-01  0.4029246E+00
  0.2165000E-01  0.4018521E+00
  0.2170000E-01  0.4005038E+00
  0.2175000E-01  0.3984426E+00
  0.2180000E-01  0.3966580E+00
  0.2185000E-01  0.3958525E+00
  0.2190000E-01  0.3952321E+00
  0.2195000E-01  0.3944240E+00
  0.2200000E-01  0.3936947E+00
  0.2205000E-01  0.3927312E+00
  0.2210000E-01  0.3918994E+00
  0.2215000E-01  0.3912015E+00
  0.2220000E-01  0.3903093E+00
  0.2225000E-01  0.3886737E+00
  0.2230000E-01  0.3864120E+00
  0.2235000E-01  0.3844824E+00
  0.2240000E-01  0.3832746E+00
  0.2245000E-01  0.3821598E+00
  0.2250000E-01  0.3804617E+00
  0.2255000E-01  0.3789665E+00
  0.2260000E-01  0.3777299E+00
  0.2265000E-01  0.3768121E+00
  0.2270000E-01  0.3757463E+00
  0.2275000E-01  0.3746663E+00
  0.2280000E-01  0.3739247E+00
  0.2285000E-01  0.3728295E+00
  0.2290000E-01  0.3716131E+00
  0.2295000E-01  0.3703363E+00
  0.2300000E-01  0.3688843E+00
  0.2305000E-01  0.3675384E+00
  0.2310000E-01  0.3664091E+00
  0.2315000E-01  0.3651275E+00
  0.2320000E-01  0.3633927E+00
  0.2325000E-01  0.3617054E+00
  0.2330000E-01  0.3602574E+00
  0.2335000E-01  0.3589472E+00
  0.2340000E-01  0.3576315E+00
  0.2345000E-01  0.3562178E+00
  0.2350000E-01  0.3547095E+00
  0.2355000E-01  0.3529037E+00
  0.2360000E-01  0.3512475E+00
  0.2365000E-01  0.3495586E+00
  0.2370000E-01  0.3480645E+00
  0.2375000E-01  0.3471218E+00
  0.2380000E-01  0.3464003E+00
  0.2385000E-01  0.3457213E+00
  0.2390000E-01  0.3449854E+00
  0.2395000E-01  0.3439635E+00
  0.2400000E-01  0.3430806E+00
  0.2405000E-01  0.3424365E+00
  0.2410000E-01  0.3421594E+00
  0.2415000E-01  0.3419598E+00
  0.2420000E-01  0.3410327E+00
  0.2425000E-01  0.3398586E+00
  0.2430000E-01  0.3391055E+00
  0.2435000E-01  0.3386779E+00
  0.2440000E-01  0.3377439E+00
  0.2445000E-01  0.3367587E+00
  0.2450000E-01  0.3355609E+00
  0.2455000E-01  0.3338494E+00
  0.2460000E-01  0.3322593E+00
  0.2465000E-01  0.3306365E+00
  0.2470000E-01  0.3291458E+00
  0.2475000E-01  0.3281555E+00
  0.2480000E-01  0.3272296E+00
  0.2485000E-01  0.3256984E+00
  0.2490000E-01  0.3236381E+00
  0.2495000E-01  0.3216936E+00
  0.2500000E-01  0.3201895E+00
  0.2505000E-01  0.3186539E+00
  0.2510000E-01  0.3173452E+00
  0.2515000E-01  0.3162733E+00
  0.2520000E-01  0.3150626E+00
  0.2525000E-01  0.3138919E+00
  0.2530000E-01  0.3129783E+00
  0.2535000E-01  0.3122463E+00
  0.2540000E-01  0.3114820E+00
  0.2545000E-01  0.3104791E+00
  0.2550000E-01  0.3093060E+00
  0.2555000E-01  0.3083928E+00
  0.2560000E-01  0.3081344E+00
  0.2565000E-01  0.3080597E+00
  0.2570000E-01  0.3078784E+00
  0.2575000E-01  0.3076272E+00
  0.2580000E-01  0.3070894E+00
  0.2585000E-01  0.3060127E+00
  0.2590000E-01  0.3046979E+00
  0.2595000E-01  0.3036998E+00
  0.2600000E-01  0.3025401E+00
  0.2605000E-01  0.3012854E+00
  0.2610000E-01  0.3000232E+00
  0.2615000E-01  0.2987385E+00
  0.2620000E-01  0.2974346E+00
  0.2625000E-01  0.2960540E+00
  0.2630000E-01  0.2949356E+00
  0.2635000E-01  0.2944134E+00
  0.2640000E-01  0.2945139E+00
  0.2645000E-01  0.2947136E+00
  0.2650000E-01  0.2944262E+00
  0.2655000E-01  0.2935760E+00
  0.2660000E-01  0.2929144E+00
  0.2665000E-01  0.2927394E+00
  0.2670000E-01  0.2926348E+00
  0.2675000E-01  0.2922517E+00
  0.2680000E-01  0.2917760E+00
  0.2685000E-01  0.2906504E+00
  0.2690000E-01  0.2895556E+00
  0.2695000E-01  0.2879920E+00
  0.2700000E-01  0.2862750E+00
  0.2705000E-01  0.2843747E+00
  0.2710000E-01  0.2822997E+00
  0.2715000E-01  0.2806795E+00
  0.2720000E-01  0.2794431E+00
  0.2725000E-01  0.2780372E+00
  0.2730000E-01  0.2768287E+00
  0.2735000E-01  0.2758068E+00
  0.2740000E-01  0.2749032E+00
  0.2745000E-01  0.2741477E+00
  0.2750000E-01  0.2729157E+00
  0.2755000E-01  0.2720946E+00
  0.2760000E-01  0.2719119E+00
  0.2765000E-01  0.2711149E+00
  0.2770000E-01  0.2702734E+00
  0.2775000E-01  0.2695228E+00
  0.2780000E-01  0.2691798E+00
  0.2785000E-01  0.2688003E+00
  0.2790000E-01  0.2680435E+00
  0.2795000E-01  0.2671725E+00
  0.2800000E-01  0.2665648E+00
  0.2805000E-01  0.2662258E+00
  0.2810000E-01  0.2657133E+00
  0.2815000E-01  0.2648899E+00
  0.2820000E-01  0.2638974E+00
  0.2825000E-01  0.2631754E+00
  0.2830000E-01  0.2627228E+00
  0.2835000E-01  0.2622559E+00
  0.2840000E-01  0.2617305E+00
  0.2845000E-01  0.2612413E+00
  0.2850000E-01  0.2607024E+00
  0.2855000E-01  0.2601530E+00
  0.2860000E-01  0.2597184E+00
  0.2865000E-01  0.2592672E+00
  0.2870000E-01  0.2584766E+00
  0.2875000E-01  0.2576114E+00
  0.2880000E-01  0.2565339E+00
  0.2885000E-01  0.2557608E+00
  0.2890000E-01  0.2551700E+00
  0.2895000E-01  0.2542558E+00
  0.2900000E-01  0.2525282E+00
  0.2905000E-01  0.2511878E+00
  0.2910000E-01  0.2510100E+00
  0.2915000E-01  0.2509081E+00
  0.2920000E-01  0.2501583E+00
  0.2925000E-01  0.2497389E+00
  0.2930000E-01  0.2497099E+00
  0.2935000E-01  0.2495603E+00
  0.2940000E-01  0.2489514E+00
  0.2945000E-01  0.2477746E+00
  0.2950000E-01  0.2461168E+00
  0.2955000E-01  0.2445162E+00
  0.2960000E-01  0.2437957E+00
  0.2965000E-01  0.2435499E+00
  0.2970000E-01  0.2430787E+00
  0.2975000E-01  0.2426413E+00
  0.2980000E-01  0.2421039E+00
  0.2985000E-01  0.2412510E+00
  0.2990000E-01  0.2402277E+00
  0.2995000E-01  0.2396053E+00
  0.3000000E-01  0.2390087E+00
  0.3005000E-01  0.2384306E+00
  0.3010000E-01  0.2381865E+00
  0.3015000E-01  0.2380574E+00
  0.3020000E-01  0.2379405E+00
  0.3025000E-01  0.2374278E+00
  0.3030000E-01  0.2362084E+00
  0.3035000E-01  0.2351982E+00
  0.3040000E-01  0.2344071E+00
  0.3045000E-01  0.2341249E+00
  0.3050000E-01  0.2339185E+00
  0.3055000E-01  0.2333139E+00
  0.3060000E-01  0.2321795E+00
  0.3065000E-01  0.2307334E+00
  0.3070000E-01  0.2293860E+00
  0.3075000E-01  0.2285192E+00
  0.3080000E-01  0.2278077E+00
  0.3085000E-01  0.2272437E+00
  0.3090000E-01  0.2268835E+00
  0.3095000E-01  0.2267116E+00
  0.3100000E-01  0.2266480E+00
  0.3105000E-01  0.2260428E+00
  0.3110000E-01  0.2249257E+00
  0.3115000E-01  0.2240692E+00
  0.3120000E-01  0.2236137E+00
  0.3125000E-01  0.2233101E+00
  0.3130000E-01  0.2227163E+00
  0.3135000E-01  0.2217668E+00
  0.3140000E-01  0.2209993E+00
  0.3145000E-01  0.2205965E+00
  0.3150000E-01  0.2201112E+00
  0.3155000E-01  0.2196374E+00
  0.3160000E-01  0.2191282E+00
  0.3165000E-01  0.2185553E+00
  0.3170000E-01  0.2182144E+00
  0.3175000E-01  0.2180138E+00
  0.3180000E-01  0.2174944E+00
  0.3185000E-01  0.2166962E+00
  0.3190000E-01  0.2162472E+00
  0.3195000E-01  0.2161890E+00
  0.3200000E-01  0.2160836E+00
  0.3205000E-01  0.2158698E+00
  0.3210000E-01  0.2152191E+00
  0.3215000E-01  0.2144975E+00
  0.3220000E-01  0.2138721E+00
  0.3225000E-01  0.2131362E+00
  0.3230000E-01  0.2121025E+00
  0.3235000E-01  0.2107478E+00
  0.3240000E-01  0.2093621E+00
  0.3245000E-01  0.2081610E+00
  0.3250000E-01  0.2072005E+00
  0.3255000E-01  0.2063343E+00
  0.3260000E-01  0.2055472E+00
  0.3265000E-01  0.2046359E+00
  0.3270000E-01  0.2038944E+00
  0.3275000E-01  0.2035788E+00
  0.3280000E-01  0.2033521E+00
  0.3285000E-01  0.2030193E+00
  0.3290000E-01  0.2026236E+00
  0.3295000E-01  0.2022663E+00
  0.3300000E-01  0.2018742E+00
  0.3305000E-01  0.2016920E+00
  0.3310000E-01  0.2014882E+00
  0.3315000E-01  0.2009098E+00
  0.3320000E-01  0.2001302E+00
  0.3325000E-01  0.1992276E+00
  0.3330000E-01  0.1984827E+00
  0.3335000E-01  0.1977003E+00
  0.3340000E-01  0.1969222E+00
  0.3345000E-01  0.1963061E+00
  0.3350000E-01  0.1958427E+00
  0.3355000E-01  0.1956606E+00
  0.3360000E-01  0.1953535E+00
  0.3365000E-01  0.1947496E+00
  0.3370000E-01  0.1942318E+00
  0.3375000E-01  0.1941472E+00
  0.3380000E-01  0.1944648E+00
  0.3385000E-01  0.1946035E+00
  0.3390000E-01  0.1943942E+00
  0.3395000E-01  0.1940397E+00
  0.3400000E-01  0.1934238E+00
  0.3405000E-01  0.1924928E+00
  0.3410000E-01  0.1916580E+00
  0.3415000E-01  0.1910787E+00
  0.3420000E-01  0.1906904E+00
  0.3425000E-01  0.1902236E+00
  0.3430000E-01  0.1897652E+00
  0.3435000E-01  0.1893435E+00
  0.3440000E-01  0.1887139E+00
  0.3445000E-01  0.1878964E+00
  0.3450000E-01  0.1870346E+00
  0.3455000E-01  0.1860672E+00
  0.3460000E-01  0.1853777E+00
  0.3465000E-01  0.1851439E+00
  0.3470000E-01  0.1851965E+00
  0.3475000E-01  0.1855225E+00
  0.3480000E-01  0.1853074E+00
  0.3485000E-01  0.1847510E+00
  0.3490000E-01  0.1842430E+00
  0.3495000E-01  0.1835936E+00
  0.3500000E-01  0.1831682E+00
  0.3505000E-01  0.1825785E+00
  0.3510000E-01  0.1815651E+00
  0.3515000E-01  0.1807078E+00
  0.3520000E-01  0.1801742E+00
  0.3525000E-01  0.1794592E+00
  0.3530000E-01  0.1787052E+00
  0.3535000E-01  0.1780788E+00
  0.3540000E-01  0.1773565E+00
  0.3545000E-01  0.1767167E+00
  0.3550000E-01  0.1762490E+00
  0.3555000E-01  0.1759475E+00
  0.3560000E-01  0.1756574E+00
  0.3565000E-01  0.1750936E+00
  0.3570000E-01  0.1744466E+00
  0.3575000E-01  0.1740889E+00
  0.3580000E-01  0.1738978E+00
  0.3585000E-01  0.1736188E+00
  0.3590000E-01  0.1732632E+00
  0.3595000E-01  0.1731369E+00
  0.3600000E-01  0.1732694E+00
  0.3605000E-01  0.1730115E+00
  0.3610000E-01  0.1722594E+00
  0.3615000E-01  0.1717986E+00
  0.3620000E-01  0.1716769E+00
  0.3625000E-01  0.1715964E+00
  0.3630000E-01  0.1715379E+00
  0.3635000E-01  0.1715727E+00
  0.3640000E-01  0.1716782E+00
  0.3645000E-01  0.1717483E+00
  0.3650000E-01  0.1718163E+00
  0.3655000E-01  0.1719731E+00
  0.3660000E-01  0.1720907E+00
  0.3665000E-01  0.1717209E+00
  0.3670000E-01  0.1711120E+00
  0.3675000E-01  0.1703972E+00
  0.3680000E-01  0.1696389E+00
  0.3685000E-01  0.1687384E+00
  0.3690000E-01  0.1679747E+00
  0.3695000E-01  0.1674754E+00
  0.3700000E-01  0.1670519E+00
  0.3705000E-01  0.1667380E+00
  0.3710000E-01  0.1665534E+00
  0.3715000E-01  0.1664328E+00
  0.3720000E-01  0.1662820E+00
  0.3725000E-01  0.1657613E+00
  0.3730000E-01  0.1649343E+00
  0.3735000E-01  0.1642442E+00
  0.3740000E-01  0.1636496E+00
  0.3745000E-01  0.1634305E+00
  0.3750000E-01  0.1632960E+00
  0.3755000E-01  0.1631488E+00
  0.3760000E-01  0.1630016E+00
  0.3765000E-01  0.1625397E+00
  0.3770000E-01  0.1622033E+00
  0.3775000E-01  0.1617553E+00
  0.3780000E-01  0.1611508E+00
  0.3785000E-01  0.1608976E+00
  0.3790000E-01  0.1604881E+00
  0.3795000E-01  0.1600899E+00
  0.3800000E-01  0.1595980E+00
  0.3805000E-01  0.1586340E+00
  0.3810000E-01  0.1578842E+00
  0.3815000E-01  0.1575154E+00
  0.3820000E-01  0.1574547E+00
  0.3825000E-01  0.1576467E+00
  0.3830000E-01  0.1578486E+00
  0.3835000E-01  0.1579583E+00
  0.3840000E-01  0.1577107E+00
  0.3845000E-01  0.1572202E+00
  0.3850000E-01  0.1567380E+00
  0.3855000E-01  0.1565810E+00
  0.3860000E-01  0.1567086E+00
  0.3865000E-01  0.1567974E+00
  0.3870000E-01  0.1564689E+00
  0.3875000E-01  0.1558292E+00
  0.3880000E-01  0.1550177E+00
  0.3885000E-01  0.1543388E+00
  0.3890000E-01  0.1538288E+00
  0.3895000E-01  0.1532899E+00
  0.3900000E-01  0.1530530E+00
  0.3905000E-01  0.1532832E+00
  0.3910000E-01  0.1534329E+00
  0.3915000E-01  0.1533025E+00
  0.3920000E-01  0.1533415E+00
  0.3925000E-01  0.1536421E+00
  0.3930000E-01  0.1538959E+00
  0.3935000E-01  0.1538922E+00
  0.3940000E-01  0.1538819E+00
  0.3945000E-01  0.1536989E+00
  0.3950000E-01  0.1531364E+00
  0.3955000E-01  0.1524719E+00
  0.3960000E-01  0.1518679E+00
  0.3965000E-01  0.1511454E+00
  0.3970000E-01  0.1506221E+00
  0.3975000E-01  0.1503745E+00
  0.3980000E-01  0.1504885E+00
  0.3985000E-01  0.1508570E+00
  0.3990000E-01  0.1511085E+00
  0.3995000E-01  0.1508857E+00
  0.4000000E-01  0.1505504E+00
  0.4005000E-01  0.1501769E+00
  0.4010000E-01  0.1496857E+00
  0.4015000E-01  0.1492424E+00
  0.4020000E-01  0.1487169E+00
  0.4025000E-01  0.1483192E+00
  0.4030000E-01  0.1483089E+00
  0.4035000E-01  0.1487771E+00
  0.4040000E-01  0.1496155E+00
  0.4045000E-01  0.1503775E+00
  0.4050000E-01  0.1506137E+00
  0.4055000E-01  0.1505109E+00
  0.4060000E-01  0.1501384E+00
  0.4065000E-01  0.1493510E+00
  0.4070000E-01  0.1486482E+00
  0.4075000E-01  0.1482407E+00
  0.4080000E-01  0.1478712E+00
  0.4085000E-01  0.1475998E+00
  0.4090000E-01  0.1472332E+00
  0.4095000E-01  0.1466824E+00
  0.4100000E-01  0.1461484E+00
  0.4105000E-01  0.1457466E+00
  0.4110000E-01  0.1453151E+00
  0.4115000E-01  0.1448254E+00
  0.4120000E-01  0.1444921E+00
  0.4125000E-01  0.1442682E+00
  0.4130000E-01  0.1438061E+00
  0.4135000E-01  0.1430901E+00
  0.4140000E-01  0.1422669E+00
  0.4145000E-01  0.1414578E+00
  0.4150000E-01  0.1408317E+00
  0.4155000E-01  0.1404392E+00
  0.4160000E-01  0.1401950E+00
  0.4165000E-01  0.1400836E+00
  0.4170000E-01  0.1402066E+00
  0.4175000E-01  0.1403265E+00
  0.4180000E-01  0.1406433E+00
  0.4185000E-01  0.1408366E+00
  0.4190000E-01  0.1408827E+00
  0.4195000E-01  0.1408791E+00
  0.4200000E-01  0.1407531E+00
  0.4205000E-01  0.1404002E+00
  0.4210000E-01  0.1397427E+00
  0.4215000E-01  0.1388536E+00
  0.4220000E-01  0.1380736E+00
  0.4225000E-01  0.1375773E+00
  0.4230000E-01  0.1369431E+00
  0.4235000E-01  0.1363615E+00
  0.4240000E-01  0.1359817E+00
  0.4245000E-01  0.1356791E+00
  0.4250000E-01  0.1355685E+00
  0.4255000E-01  0.1356146E+00
  0.4260000E-01  0.1356934E+00
  0.4265000E-01  0.1355803E+00
  0.4270000E-01  0.1353027E+00
  0.4275000E-01  0.1349286E+00
  0.4280000E-01  0.1345932E+00
  0.4285000E-01  0.1342681E+00
  0.4290000E-01  0.1339064E+00
  0.4295000E-01  0.1336704E+00
  0.4300000E-01  0.1334681E+00
  0.4305000E-01  0.1332240E+00
  0.4310000E-01  0.1330644E+00
  0.4315000E-01  0.1331032E+00
  0.4320000E-01  0.1331866E+00
  0.4325000E-01  0.1333674E+00
  0.4330000E-01  0.1336539E+00
  0.4335000E-01  0.1337322E+00
  0.4340000E-01  0.1336354E+00
  0.4345000E-01  0.1335529E+00
  0.4350000E-01  0.1334954E+00
  0.4355000E-01  0.1334694E+00
  0.4360000E-01  0.1335110E+00
  0.4365000E-01  0.1333830E+00
  0.4370000E-01  0.1329415E+00
  0.4375000E-01  0.1324435E+00
  0.4380000E-01  0.1320339E+00
  0.4385000E-01  0.1315909E+00
  0.4390000E-01  0.1311712E+00
  0.4395000E-01  0.1310108E+00
  0.4400000E-01  0.1311995E+00
  0.4405000E-01  0.1314269E+00
  0.4410000E-01  0.1313946E+00
  0.4415000E-01  0.1311728E+00
  0.4420000E-01  0.1307305E+00
  0.4425000E-01  0.1303037E+00
  0.4430000E-01  0.1300809E+00
  0.4435000E-01  0.1299070E+00
  0.4440000E-01  0.1296096E+00
  0.4445000E-01  0.1292041E+00
  0.4450000E-01  0.1287489E+00
  0.4455000E-01  0.1283077E+00
  0.4460000E-01  0.1280583E+00
  0.4465000E-01  0.1279586E+00
  0.4470000E-01  0.1277411E+00
  0.4475000E-01  0.1277802E+00
  0.4480000E-01  0.1280105E+00
  0.4485000E-01  0.1284143E+00
  0.4490000E-01  0.1287994E+00
  0.4495000E-01  0.1289327E+00
  0.4500000E-01  0.1289524E+00
  0.4505000E-01  0.1288625E+00
  0.4510000E-01  0.1287202E+00
  0.4515000E-01  0.1285558E+00
  0.4520000E-01  0.1283334E+00
  0.4525000E-01  0.1279989E+00
  0.4530000E-01  0.1275599E+00
  0.4535000E-01  0.1270942E+00
  0.4540000E-01  0.1267007E+00
  0.4545000E-01  0.1262645E+00
  0.4550000E-01  0.1258621E+00
  0.4555000E-01  0.1254990E+00
  0.4560000E-01  0.1254399E+00
  0.4565000E-01  0.1255830E+00
  0.4570000E-01  0.1257775E+00
  0.4575000E-01  0.1257608E+00
  0.4580000E-01  0.1254379E+00
  0.4585000E-01  0.1252319E+00
  0.4590000E-01  0.1252445E+00
  0.4595000E-01  0.1252942E+00
  0.4600000E-01  0.1253094E+00
  0.4605000E-01  0.1253382E+00
  0.4610000E-01  0.1254527E+00
  0.4615000E-01  0.1254164E+00
  0.4620000E-01  0.1253309E+00
  0.4625000E-01  0.1253700E+00
  0.4630000E-01  0.1252601E+00
  0.4635000E-01  0.1249971E+00
  0.4640000E-01  0.1249261E+00
  0.4645000E-01  0.1250536E+00
  0.4650000E-01  0.1250895E+00
  0.4655000E-01  0.1249366E+00
  0.4660000E-01  0.1248823E+00
  0.4665000E-01  0.1248877E+00
  0.4670000E-01  0.1248217E+00
  0.4675000E-01  0.1247372E+00
  0.4680000E-01  0.1244684E+00
  0.4685000E-01  0.1240946E+00
  0.4690000E-01  0.1240016E+00
  0.4695000E-01  0.1240657E+00
  0.4700000E-01  0.1239429E+00
  0.4705000E-01  0.1237102E+00
  0.4710000E-01  0.1234209E+00
  0.4715000E-01  0.1231798E+00
  0.4720000E-01  0.1231860E+00
  0.4725000E-01  0.1232420E+00
  0.4730000E-01  0.1232747E+00
  0.4735000E-01  0.1233122E+00
  0.4740000E-01  0.1231760E+00
  0.4745000E-01  0.1229012E+00
  0.4750000E-01  0.1228071E+00
  0.4755000E-01  0.1228302E+00
  0.4760000E-01  0.1229967E+00
  0.4765000E-01  0.1232666E+00
  0.4770000E-01  0.1234563E+00
  0.4775000E-01  0.1234584E+00
  0.4780000E-01  0.1232802E+00
  0.4785000E-01  0.1232453E+00
  0.4790000E-01  0.1234608E+00
  0.4795000E-01  0.1238034E+00
  0.4800000E-01  0.1240640E+00
  0.4805000E-01  0.1241130E+00
  0.4810000E-01  0.1237740E+00
  0.4815000E-01  0.1231002E+00
  0.4820000E-01  0.1223941E+00
  0.4825000E-01  0.1218286E+00
  0.4830000E-01  0.1214414E+00
  0.4835000E-01  0.1210484E+00
  0.4840000E-01  0.1207964E+00
  0.4845000E-01  0.1207781E+00
  0.4850000E-01  0.1207619E+00
  0.4855000E-01  0.1206630E+00
  0.4860000E-01  0.1205187E+00
  0.4865000E-01  0.1205377E+00
  0.4870000E-01  0.1207188E+00
  0.4875000E-01  0.1208700E+00
  0.4880000E-01  0.1210118E+00
  0.4885000E-01  0.1211634E+00
  0.4890000E-01  0.1209749E+00
  0.4895000E-01  0.1204318E+00
  0.4900000E-01  0.1201075E+00
  0.4905000E-01  0.1200357E+00
  0.4910000E-01  0.1198386E+00
  0.4915000E-01  0.1198886E+00
  0.4920000E-01  0.1201611E+00
  0.4925000E-01  0.1200510E+00
  0.4930000E-01  0.1197671E+00
  0.4935000E-01  0.1193108E+00
  0.4940000E-01  0.1189970E+00
  0.4945000E-01  0.1189439E+00
  0.4950000E-01  0.1190310E+00
  0.4955000E-01  0.1189257E+00
  0.4960000E-01  0.1187295E+00
  0.4965000E-01  0.1185155E+00
  0.4970000E-01  0.1185857E+00
  0.4975000E-01  0.1189920E+00
  0.4980000E-01  0.1193291E+00
  0.4985000E-01  0.1198348E+00
  0.4990000E-01  0.1202977E+00
  0.4995000E-01  0.1204219E+00
  0.5000000E-01  0.1200883E+00
  0.5005000E-01  0.1196110E+00
  0.5010000E-01  0.1192730E+00
  0.5015000E-01  0.1190277E+00
  0.5020000E-01  0.1190496E+00
  0.5025000E-01  0.1193054E+00
  0.5030000E-01  0.1196806E+00
  0.5035000E-01  0.1201168E+00
  0.5040000E-01  0.1204552E+00
  0.5045000E-01  0.1207050E+00
  0.5050000E-01  0.1208704E+00
  0.5055000E-01  0.1208303E+00
  0.5060000E-01  0.1207166E+00
  0.5065000E-01  0.1206405E+00
  0.5070000E-01  0.1205644E+00
  0.5075000E-01  0.1204138E+00
  0.5080000E-01  0.1200780E+00
  0.5085000E-01  0.1196122E+00
  0.5090000E-01  0.1191751E+00
  0.5095000E-01  0.1188922E+00
  0.5100000E-01  0.1187605E+00
  0.5105000E-01  0.1186368E+00
  0.5110000E-01  0.1184936E+00
  0.5115000E-01  0.1183786E+00
  0.5120000E-01  0.1182268E+00
  0.5125000E-01  0.1183681E+00
  0.5130000E-01  0.1189259E+00
  0.5135000E-01  0.1194595E+00
  0.5140000E-01  0.1198781E+00
  0.5145000E-01  0.1201852E+00
  0.5150000E-01  0.1202427E+00
  0.5155000E-01  0.1200711E+00
  0.5160000E-01  0.1199377E+00
  0.5165000E-01  0.1200391E+00
  0.5170000E-01  0.1201650E+00
  0.5175000E-01  0.1201190E+00
  0.5180000E-01  0.1199963E+00
  0.5185000E-01  0.1200637E+00
  0.5190000E-01  0.1203216E+00
  0.5195000E-01  0.1204594E+00
  0.5200000E-01  0.1202558E+00
  0.5205000E-01  0.1199138E+00
  0.5210000E-01  0.1198297E+00
  0.5215000E-01  0.1196736E+00
  0.5220000E-01  0.1193571E+00
  0.5225000E-01  0.1192850E+00
  0.5230000E-01  0.1195539E+00
  0.5235000E-01  0.1198367E+00
  0.5240000E-01  0.1200314E+00
  0.5245000E-01  0.1205282E+00
  0.5250000E-01  0.1212118E+00
  0.5255000E-01  0.1216291E+00
  0.5260000E-01  0.1218121E+00
  0.5265000E-01  0.1219450E+00
  0.5270000E-01  0.1219746E+00
  0.5275000E-01  0.1220790E+00
  0.5280000E-01  0.1220459E+00
  0.5285000E-01  0.1218593E+00
  0.5290000E-01  0.1216465E+00
  0.5295000E-01  0.1216349E+00
  0.5300000E-01  0.1215077E+00
  0.5305000E-01  0.1213224E+00
  0.5310000E-01  0.1212337E+00
  0.5315000E-01  0.1212918E+00
  0.5320000E-01  0.1213821E+00
  0.5325000E-01  0.1214785E+00
  0.5330000E-01  0.1216045E+00
  0.5335000E-01  0.1218153E+00
  0.5340000E-01  0.1219929E+00
  0.5345000E-01  0.1219483E+00
  0.5350000E-01  0.1216611E+00
  0.5355000E-01  0.1213301E+00
  0.5360000E-01  0.1207679E+00
  0.5365000E-01  0.1203926E+00
  0.5370000E-01  0.1203317E+00
  0.5375000E-01  0.1204455E+00
  0.5380000E-01  0.1207120E+00
  0.5385000E-01  0.1210162E+00
  0.5390000E-01  0.1214438E+00
  0.5395000E-01  0.1219732E+00
  0.5400000E-01  0.1223752E+00
  0.5405000E-01  0.1226347E+00
  0.5410000E-01  0.1228968E+00
  0.5415000E-01  0.1233001E+00
  0.5420000E-01  0.1235340E+00
  0.5425000E-01  0.1235285E+00
  0.5430000E-01  0.1235345E+00
  0.5435000E-01  0.1238298E+00
  0.5440000E-01  0.1241688E+00
  0.5445000E-01  0.1245532E+00
  0.5450000E-01  0.1250560E+00
  0.5455000E-01  0.1254948E+00
  0.5460000E-01  0.1258163E+00
  0.5465000E-01  0.1258440E+00
  0.5470000E-01  0.1254758E+00
  0.5475000E-01  0.1250513E+00
  0.5480000E-01  0.1249610E+00
  0.5485000E-01  0.1252341E+00
  0.5490000E-01  0.1258141E+00
  0.5495000E-01  0.1263716E+00
  0.5500000E-01  0.1265695E+00
  0.5505000E-01  0.1263542E+00
  0.5510000E-01  0.1259789E+00
  0.5515000E-01  0.1256720E+00
  0.5520000E-01  0.1256473E+00
  0.5525000E-01  0.1258426E+00
  0.5530000E-01  0.1259787E+00
  0.5535000E-01  0.1260315E+00
  0.5540000E-01  0.1260878E+00
  0.5545000E-01  0.1262130E+00
  0.5550000E-01  0.1263088E+00
  0.5555000E-01  0.1266112E+00
  0.5560000E-01  0.1271072E+00
  0.5565000E-01  0.1273958E+00
  0.5570000E-01  0.1275359E+00
  0.5575000E-01  0.1276472E+00
  0.5580000E-01  0.1279010E+00
  0.5585000E-01  0.1282165E+00
  0.5590000E-01  0.1285123E+00
  0.5595000E-01  0.1287692E+00
  0.5600000E-01  0.1289724E+00
  0.5605000E-01  0.1292545E+00
  0.5610000E-01  0.1295690E+00
  0.5615000E-01  0.1298178E+00
  0.5620000E-01  0.1301949E+00
  0.5625000E-01  0.1305139E+00
  0.5630000E-01  0.1305950E+00
  0.5635000E-01  0.1307491E+00
  0.5640000E-01  0.1311050E+00
  0.5645000E-01  0.1315618E+00
  0.5650000E-01  0.1320022E+00
  0.5655000E-01  0.1324230E+00
  0.5660000E-01  0.1327664E+00
  0.5665000E-01  0.1329183E+00
  0.5670000E-01  0.1328077E+00
  0.5675000E-01  0.1325381E+00
  0.5680000E-01  0.1323421E+00
  0.5685000E-01  0.1322559E+00
  0.5690000E-01  0.1323243E+00
  0.5695000E-01  0.1324966E+00
  0.5700000E-01  0.1327400E+00
  0.5705000E-01  0.1328807E+00
  0.5710000E-01  0.1326928E+00
  0.5715000E-01  0.1323604E+00
  0.5720000E-01  0.1320528E+00
  0.5725000E-01  0.1317873E+00
  0.5730000E-01  0.1317022E+00
  0.5735000E-01  0.1318717E+00
  0.5740000E-01  0.1322360E+00
  0.5745000E-01  0.1328934E+00
  0.5750000E-01  0.1336752E+00
  0.5755000E-01  0.1341758E+00
  0.5760000E-01  0.1343799E+00
  0.5765000E-01  0.1347053E+00
  0.5770000E-01  0.1352386E+00
  0.5775000E-01  0.1355879E+00
  0.5780000E-01  0.1355415E+00
  0.5785000E-01  0.1352317E+00
  0.5790000E-01  0.1350395E+00
  0.5795000E-01  0.1352395E+00
  0.5800000E-01  0.1356149E+00
  0.5805000E-01  0.1360963E+00
  0.5810000E-01  0.1364679E+00
  0.5815000E-01  0.1366755E+00
  0.5820000E-01  0.1369471E+00
  0.5825000E-01  0.1372683E+00
  0.5830000E-01  0.1375643E+00
  0.5835000E-01  0.1378990E+00
  0.5840000E-01  0.1382783E+00
  0.5845000E-01  0.1386189E+00
  0.5850000E-01  0.1390227E+00
  0.5855000E-01  0.1396089E+00
  0.5860000E-01  0.1403222E+00
  0.5865000E-01  0.1408332E+00
  0.5870000E-01  0.1410390E+00
  0.5875000E-01  0.1411588E+00
  0.5880000E-01  0.1412321E+00
  0.5885000E-01  0.1414562E+00
  0.5890000E-01  0.1418333E+00
  0.5895000E-01  0.1422094E+00
  0.5900000E-01  0.1424423E+00
  0.5905000E-01  0.1425704E+00
  0.5910000E-01  0.1427067E+00
  0.5915000E-01  0.1428088E+00
  0.5920000E-01  0.1428970E+00
  0.5925000E-01  0.1429899E+00
  0.5930000E-01  0.1431509E+00
  0.5935000E-01  0.1435899E+00
  0.5940000E-01  0.1440519E+00
  0.5945000E-01  0.1443317E+00
  0.5950000E-01  0.1444738E+00
  0.5955000E-01  0.1447195E+00
  0.5960000E-01  0.1452267E+00
  0.5965000E-01  0.1457055E+00
  0.5970000E-01  0.1460939E+00
  0.5975000E-01  0.1465239E+00
  0.5980000E-01  0.1469748E+00
  0.5985000E-01  0.1473875E+00
  0.5990000E-01  0.1476449E+00
  0.5995000E-01  0.1479456E+00
  0.6000000E-01  0.1486473E+00
  0.6005000E-01  0.1492929E+00
  0.6010000E-01  0.1495687E+00
  0.6015000E-01  0.1497062E+00
  0.6020000E-01  0.1498725E+00
  0.6025000E-01  0.1501094E+00
  0.6030000E-01  0.1505188E+00
  0.6035000E-01  0.1509194E+00
  0.6040000E-01  0.1510250E+00
  0.6045000E-01  0.1510658E+00
  0.6050000E-01  0.1512505E+00
  0.6055000E-01  0.1512442E+00
  0.6060000E-01  0.1513204E+00
  0.6065000E-01  0.1514250E+00
  0.6070000E-01  0.1513869E+00
  0.6075000E-01  0.1514622E+00
  0.6080000E-01  0.1517296E+00
  0.6085000E-01  0.1522769E+00
  0.6090000E-01  0.1529749E+00
  0.6095000E-01  0.1535120E+00
  0.6100000E-01  0.1537996E+00
  0.6105000E-01  0.1540988E+00
  0.6110000E-01  0.1547794E+00
  0.6115000E-01  0.1556616E+00
  0.6120000E-01  0.1564957E+00
  0.6125000E-01  0.1571401E+00
  0.6130000E-01  0.1575028E+00
  0.6135000E-01  0.1574840E+00
  0.6140000E-01  0.1575760E+00
  0.6145000E-01  0.1577697E+00
  0.6150000E-01  0.1579220E+00
  0.6155000E-01  0.1585001E+00
  0.6160000E-01  0.1590482E+00
  0.6165000E-01  0.1594394E+00
  0.6170000E-01  0.1600145E+00
  0.6175000E-01  0.1605681E+00
  0.6180000E-01  0.1608149E+00
  0.6185000E-01  0.1609140E+00
  0.6190000E-01  0.1610342E+00
  0.6195000E-01  0.1613105E+00
  0.6200000E-01  0.1616896E+00
  0.6205000E-01  0.1621426E+00
  0.6210000E-01  0.1625551E+00
  0.6215000E-01  0.1631086E+00
  0.6220000E-01  0.1638844E+00
  0.6225000E-01  0.1644369E+00
  0.6230000E-01  0.1644243E+00
  0.6235000E-01  0.1641670E+00
  0.6240000E-01  0.1640750E+00
  0.6245000E-01  0.1643775E+00
  0.6250000E-01  0.1649760E+00
  0.6255000E-01  0.1653422E+00
  0.6260000E-01  0.1655987E+00
  0.6265000E-01  0.1658537E+00
  0.6270000E-01  0.1660506E+00
  0.6275000E-01  0.1662974E+00
  0.6280000E-01  0.1668628E+00
  0.6285000E-01  0.1674631E+00
  0.6290000E-01  0.1676298E+00
  0.6295000E-01  0.1676095E+00
  0.6300000E-01  0.1677545E+00
  0.6305000E-01  0.1680093E+00
  0.6310000E-01  0.1683446E+00
  0.6315000E-01  0.1687083E+00
  0.6320000E-01  0.1690406E+00
  0.6325000E-01  0.1693158E+00
  0.6330000E-01  0.1694784E+00
  0.6335000E-01  0.1699910E+00
  0.6340000E-01  0.1706851E+00
  0.6345000E-01  0.1710796E+00
  0.6350000E-01  0.1714373E+00
  0.6355000E-01  0.1717363E+00
  0.6360000E-01  0.1716816E+00
  0.6365000E-01  0.1714881E+00
  0.6370000E-01  0.1715151E+00
  0.6375000E-01  0.1720128E+00
  0.6380000E-01  0.1727563E+00
  0.6385000E-01  0.1736259E+00
  0.6390000E-01  0.1742730E+00
  0.6395000E-01  0.1745635E+00
  0.6400000E-01  0.1748075E+00
  0.6405000E-01  0.1754703E+00
  0.6410000E-01  0.1765015E+00
  0.6415000E-01  0.1776455E+00
  0.6420000E-01  0.1786826E+00
  0.6425000E-01  0.1793072E+00
  0.6430000E-01  0.1795598E+00
  0.6435000E-01  0.1797904E+00
  0.6440000E-01  0.1801396E+00
  0.6445000E-01  0.1806026E+00
  0.6450000E-01  0.1809019E+00
  0.6455000E-01  0.1809949E+00
  0.6460000E-01  0.1811518E+00
  0.6465000E-01  0.1817816E+00
  0.6470000E-01  0.1826327E+00
  0.6475000E-01  0.1828659E+00
  0.6480000E-01  0.1827425E+00
  0.6485000E-01  0.1827067E+00
  0.6490000E-01  0.1829473E+00
  0.6495000E-01  0.1835762E+00
  0.6500000E-01  0.1843491E+00
  0.6505000E-01  0.1848928E+00
  0.6510000E-01  0.1851190E+00
  0.6515000E-01  0.1851031E+00
  0.6520000E-01  0.1850797E+00
  0.6525000E-01  0.1848401E+00
  0.6530000E-01  0.1847013E+00
  0.6535000E-01  0.1850361E+00
  0.6540000E-01  0.1855840E+00
  0.6545000E-01  0.1861744E+00
  0.6550000E-01  0.1867061E+00
  0.6555000E-01  0.1871875E+00
  0.6560000E-01  0.1876357E+00
  0.6565000E-01  0.1882197E+00
  0.6570000E-01  0.1889570E+00
  0.6575000E-01  0.1897534E+00
  0.6580000E-01  0.1904481E+00
  0.6585000E-01  0.1907999E+00
  0.6590000E-01  0.1907600E+00
  0.6595000E-01  0.1907478E+00
  0.6600000E-01  0.1909486E+00
  0.6605000E-01  0.1912328E+00
  0.6610000E-01  0.1915919E+00
  0.6615000E-01  0.1921009E+00
  0.6620000E-01  0.1927008E+00
  0.6625000E-01  0.1931514E+00
  0.6630000E-01  0.1934806E+00
  0.6635000E-01  0.1939007E+00
  0.6640000E-01  0.1944243E+00
  0.6645000E-01  0.1948994E+00
  0.6650000E-01  0.1952291E+00
  0.6655000E-01  0.1955156E+00
  0.6660000E-01  0.1958106E+00
  0.6665000E-01  0.1964733E+00
  0.6670000E-01  0.1972446E+00
  0.6675000E-01  0.1977511E+00
  0.6680000E-01  0.1979828E+00
  0.6685000E-01  0.1983569E+00
  0.6690000E-01  0.1991109E+00
  0.6695000E-01  0.1998667E+00
  0.6700000E-01  0.2003843E+00
  0.6705000E-01  0.2010674E+00
  0.6710000E-01  0.2018989E+00
  0.6715000E-01  0.2024395E+00
  0.6720000E-01  0.2025510E+00
  0.6725000E-01  0.2026479E+00
  0.6730000E-01  0.2030865E+00
  0.6735000E-01  0.2039054E+00
  0.6740000E-01  0.2047983E+00
  0.6745000E-01  0.2055095E+00
  0.6750000E-01  0.2062320E+00
  0.6755000E-01  0.2069784E+00
  0.6760000E-01  0.2074760E+00
  0.6765000E-01  0.2080645E+00
  0.6770000E-01  0.2086728E+00
  0.6775000E-01  0.2091599E+00
  0.6780000E-01  0.2094600E+00
  0.6785000E-01  0.2097858E+00
  0.6790000E-01  0.2104091E+00
  0.6795000E-01  0.2108743E+00
  0.6800000E-01  0.2109696E+00
  0.6805000E-01  0.2108801E+00
  0.6810000E-01  0.2111842E+00
  0.6815000E-01  0.2118871E+00
  0.6820000E-01  0.2125381E+00
  0.6825000E-01  0.2129466E+00
  0.6830000E-01  0.2135070E+00
  0.6835000E-01  0.2139731E+00
  0.6840000E-01  0.2145048E+00
  0.6845000E-01  0.2153127E+00
  0.6850000E-01  0.2162673E+00
  0.6855000E-01  0.2171985E+00
  0.6860000E-01  0.2183345E+00
  0.6865000E-01  0.2195553E+00
  0.6870000E-01  0.2205460E+00
  0.6875000E-01  0.2212663E+00
  0.6880000E-01  0.2219834E+00
  0.6885000E-01  0.2227319E+00
  0.6890000E-01  0.2235357E+00
  0.6895000E-01  0.2245732E+00
  0.6900000E-01  0.2256235E+00
  0.6905000E-01  0.2262335E+00
  0.6910000E-01  0.2264290E+00
  0.6915000E-01  0.2268463E+00
  0.6920000E-01  0.2277498E+00
  0.6925000E-01  0.2286027E+00
  0.6930000E-01  0.2292328E+00
  0.6935000E-01  0.2299946E+00
  0.6940000E-01  0.2306597E+00
  0.6945000E-01  0.2310874E+00
  0.6950000E-01  0.2314487E+00
  0.6955000E-01  0.2318462E+00
  0.6960000E-01  0.2322914E+00
  0.6965000E-01  0.2327625E+00
  0.6970000E-01  0.2330601E+00
  0.6975000E-01  0.2331903E+00
  0.6980000E-01  0.2336044E+00
  0.6985000E-01  0.2343808E+00
  0.6990000E-01  0.2353063E+00
  0.6995000E-01  0.2361232E+00
  0.7000000E-01  0.2364452E+00
  0.7005000E-01  0.2366460E+00
  0.7010000E-01  0.2370898E+00
  0.7015000E-01  0.2376688E+00
  0.7020000E-01  0.2386403E+00
  0.7025000E-01  0.2402418E+00
  0.7030000E-01  0.2418545E+00
  0.7035000E-01  0.2432496E+00
  0.7040000E-01  0.2441359E+00
  0.7045000E-01  0.2445932E+00
  0.7050000E-01  0.2451684E+00
  0.7055000E-01  0.2457992E+00
  0.7060000E-01  0.2465563E+00
  0.7065000E-01  0.2471550E+00
  0.7070000E-01  0.2475281E+00
  0.7075000E-01  0.2477524E+00
  0.7080000E-01  0.2479347E+00
  0.7085000E-01  0.2482575E+00
  0.7090000E-01  0.2486629E+00
  0.7095000E-01  0.2491505E+00
  0.7100000E-01  0.2497666E+00
  0.7105000E-01  0.2504439E+00
  0.7110000E-01  0.2512459E+00
  0.7115000E-01  0.2522883E+00
  0.7120000E-01  0.2535906E+00
  0.7125000E-01  0.2546967E+00
  0.7130000E-01  0.2556685E+00
  0.7135000E-01  0.2567482E+00
  0.7140000E-01  0.2576302E+00
  0.7145000E-01  0.2580062E+00
  0.7150000E-01  0.2584680E+00
  0.7155000E-01  0.2590377E+00
  0.7160000E-01  0.2601100E+00
  0.7165000E-01  0.2617399E+00
  0.7170000E-01  0.2631800E+00
  0.7175000E-01  0.2640430E+00
  0.7180000E-01  0.2647333E+00
  0.7185000E-01  0.2652139E+00
  0.7190000E-01  0.2655177E+00
  0.7195000E-01  0.2656676E+00
  0.7200000E-01  0.2661468E+00
  0.7205000E-01  0.2668795E+00
  0.7210000E-01  0.2676610E+00
  0.7215000E-01  0.2687333E+00
  0.7220000E-01  0.2695449E+00
  0.7225000E-01  0.2702579E+00
  0.7230000E-01  0.2713630E+00
  0.7235000E-01  0.2725251E+00
  0.7240000E-01  0.2734324E+00
  0.7245000E-01  0.2734728E+00
  0.7250000E-01  0.2729273E+00
  0.7255000E-01  0.2724304E+00
  0.7260000E-01  0.2722828E+00
  0.7265000E-01  0.2728297E+00
  0.7270000E-01  0.2741925E+00
  0.7275000E-01  0.2757494E+00
  0.7280000E-01  0.2770640E+00
  0.7285000E-01  0.2781119E+00
  0.7290000E-01  0.2792929E+00
  0.7295000E-01  0.2803305E+00
  0.7300000E-01  0.2810672E+00
  0.7305000E-01  0.2813611E+00
  0.7310000E-01  0.2816477E+00
  0.7315000E-01  0.2824931E+00
  0.7320000E-01  0.2838680E+00
  0.7325000E-01  0.2855779E+00
  0.7330000E-01  0.2874772E+00
  0.7335000E-01  0.2893859E+00
  0.7340000E-01  0.2912982E+00
  0.7345000E-01  0.2930140E+00
  0.7350000E-01  0.2940532E+00
  0.7355000E-01  0.2945234E+00
  0.7360000E-01  0.2950604E+00
  0.7365000E-01  0.2959952E+00
  0.7370000E-01  0.2969291E+00
  0.7375000E-01  0.2976275E+00
  0.7380000E-01  0.2982000E+00
  0.7385000E-01  0.2987848E+00
  0.7390000E-01  0.2996063E+00
  0.7395000E-01  0.3006927E+00
  0.7400000E-01  0.3018242E+00
  0.7405000E-01  0.3029140E+00
  0.7410000E-01  0.3037976E+00
  0.7415000E-01  0.3047491E+00
  0.7420000E-01  0.3054928E+00
  0.7425000E-01  0.3065950E+00
  0.7430000E-01  0.3079690E+00
  0.7435000E-01  0.3089554E+00
  0.7440000E-01  0.3097812E+00
  0.7445000E-01  0.3108004E+00
  0.7450000E-01  0.3118428E+00
  0.7455000E-01  0.3125196E+00
  0.7460000E-01  0.3130956E+00
  0.7465000E-01  0.3142154E+00
  0.7470000E-01  0.3151458E+00
  0.7475000E-01  0.3155986E+00
  0.7480000E-01  0.3164091E+00
  0.7485000E-01  0.3175928E+00
  0.7490000E-01  0.3188837E+00
  0.7495000E-01  0.3203635E+00
  0.7500000E-01  0.3215100E+00
  0.7505000E-01  0.3225364E+00
  0.7510000E-01  0.3234675E+00
  0.7515000E-01  0.3240403E+00
  0.7520000E-01  0.3246810E+00
  0.7525000E-01  0.3253246E+00
  0.7530000E-01  0.3260463E+00
  0.7535000E-01  0.3267915E+00
  0.7540000E-01  0.3274062E+00
  0.7545000E-01  0.3279690E+00
  0.7550000E-01  0.3286598E+00
  0.7555000E-01  0.3294343E+00
  0.7560000E-01  0.3306785E+00
  0.7565000E-01  0.3321882E+00
  0.7570000E-01  0.3334751E+00
  0.7575000E-01  0.3346740E+00
  0.7580000E-01  0.3354693E+00
  0.7585000E-01  0.3359043E+00
  0.7590000E-01  0.3362007E+00
  0.7595000E-01  0.3371692E+00
  0.7600000E-01  0.3386000E+00
  0.7605000E-01  0.3402713E+00
  0.7610000E-01  0.3415368E+00
  0.7615000E-01  0.3423318E+00
  0.7620000E-01  0.3431127E+00
  0.7625000E-01  0.3445030E+00
  0.7630000E-01  0.3461006E+00
  0.7635000E-01  0.3469250E+00
  0.7640000E-01  0.3474285E+00
  0.7645000E-01  0.3489392E+00
  0.7650000E-01  0.3508173E+00
  0.7655000E-01  0.3523317E+00
  0.7660000E-01  0.3543610E+00
  0.7665000E-01  0.3562974E+00
  0.7670000E-01  0.3576529E+00
  0.7675000E-01  0.3586519E+00
  0.7680000E-01  0.3588678E+00
  0.7685000E-01  0.3591986E+00
  0.7690000E-01  0.3601881E+00
  0.7695000E-01  0.3612244E+00
  0.7700000E-01  0.3621694E+00
  0.7705000E-01  0.3633275E+00
  0.7710000E-01  0.3642503E+00
  0.7715000E-01  0.3646392E+00
  0.7720000E-01  0.3650487E+00
  0.7725000E-01  0.3660989E+00
  0.7730000E-01  0.3675753E+00
  0.7735000E-01  0.3689590E+00
  0.7740000E-01  0.3705120E+00
  0.7745000E-01  0.3725255E+00
  0.7750000E-01  0.3747522E+00
  0.7755000E-01  0.3765282E+00
  0.7760000E-01  0.3780987E+00
  0.7765000E-01  0.3802165E+00
  0.7770000E-01  0.3822854E+00
  0.7775000E-01  0.3834113E+00
  0.7780000E-01  0.3839522E+00
  0.7785000E-01  0.3843943E+00
  0.7790000E-01  0.3852839E+00
  0.7795000E-01  0.3867741E+00
  0.7800000E-01  0.3882618E+00
  0.7805000E-01  0.3896240E+00
  0.7810000E-01  0.3909154E+00
  0.7815000E-01  0.3919372E+00
  0.7820000E-01  0.3930437E+00
  0.7825000E-01  0.3951983E+00
  0.7830000E-01  0.3975669E+00
  0.7835000E-01  0.3991546E+00
  0.7840000E-01  0.4001013E+00
  0.7845000E-01  0.4011037E+00
  0.7850000E-01  0.4027404E+00
  0.7855000E-01  0.4048818E+00
  0.7860000E-01  0.4073835E+00
  0.7865000E-01  0.4093849E+00
  0.7870000E-01  0.4104108E+00
  0.7875000E-01  0.4108845E+00
  0.7880000E-01  0.4114489E+00
  0.7885000E-01  0.4128790E+00
  0.7890000E-01  0.4153816E+00
  0.7895000E-01  0.4179823E+00
  0.7900000E-01  0.4194573E+00
  0.7905000E-01  0.4203634E+00
  0.7910000E-01  0.4215658E+00
  0.7915000E-01  0.4227733E+00
  0.7920000E-01  0.4235858E+00
  0.7925000E-01  0.4244262E+00
  0.7930000E-01  0.4259238E+00
  0.7935000E-01  0.4279275E+00
  0.7940000E-01  0.4301650E+00
  0.7945000E-01  0.4324296E+00
  0.7950000E-01  0.4343128E+00
  0.7955000E-01  0.4360297E+00
  0.7960000E-01  0.4377836E+00
  0.7965000E-01  0.4397096E+00
  0.7970000E-01  0.4418395E+00
  0.7975000E-01  0.4440835E+00
  0.7980000E-01  0.4462525E+00
  0.7985000E-01  0.4477675E+00
  0.7990000E-01  0.4483883E+00
  0.7995000E-01  0.4491034E+00
  0.8000000E-01  0.4503339E+00
  0.8005000E-01  0.4515952E+00
  0.8010000E-01  0.4532776E+00
  0.8015000E-01  0.4557741E+00
  0.8020000E-01  0.4582598E+00
  0.8025000E-01  0.4603185E+00
  0.8030000E-01  0.4631373E+00
  0.8035000E-01  0.4667215E+00
  0.8040000E-01  0.4698036E+00
  0.8045000E-01  0.4723023E+00
  0.8050000E-01  0.4746587E+00
  0.8055000E-01  0.4764267E+00
  0.8060000E-01  0.4777674E+00
  0.8065000E-01  0.4788479E+00
  0.8070000E-01  0.4794010E+00
  0.8075000E-01  0.4801533E+00
  0.8080000E-01  0.4816823E+00
  0.8085000E-01  0.4832631E+00
  0.8090000E-01  0.4845475E+00
  0.8095000E-01  0.4860102E+00
  0.8100000E-01  0.4882113E+00
  0.8105000E-01  0.4911379E+00
  0.8110000E-01  0.4936278E+00
  0.8115000E-01  0.4958259E+00
  0.8120000E-01  0.4979401E+00
  0.8125000E-01  0.4993783E+00
  0.8130000E-01  0.5007823E+00
  0.8135000E-01  0.5032369E+00
  0.8140000E-01  0.5066079E+00
  0.8145000E-01  0.5094517E+00
  0.8150000E-01  0.5123547E+00
  0.8155000E-01  0.5155641E+00
  0.8160000E-01  0.5179450E+00
  0.8165000E-01  0.5194532E+00
  0.8170000E-01  0.5212338E+00
  0.8175000E-01  0.5232364E+00
  0.8180000E-01  0.5251585E+00
  0.8185000E-01  0.5268454E+00
  0.8190000E-01  0.5281942E+00
  0.8195000E-01  0.5297506E+00
  0.8200000E-01  0.5316376E+00
  0.8205000E-01  0.5336171E+00
  0.8210000E-01  0.5354302E+00
  0.8215000E-01  0.5370913E+00
  0.8220000E-01  0.5391076E+00
  0.8225000E-01  0.5410752E+00
  0.8230000E-01  0.5429246E+00
  0.8235000E-01  0.5449631E+00
  0.8240000E-01  0.5473624E+00
  0.8245000E-01  0.5499737E+00
  0.8250000E-01  0.5524984E+00
  0.8255000E-01  0.5550716E+00
  0.8260000E-01  0.5579469E+00
  0.8265000E-01  0.5611457E+00
  0.8270000E-01  0.5647817E+00
  0.8275000E-01  0.5688154E+00
  0.8280000E-01  0.5722709E+00
  0.8285000E-01  0.5752807E+00
  0.8290000E-01  0.5774409E+00
  0.8295000E-01  0.5792341E+00
  0.8300000E-01  0.5818918E+00
  0.8305000E-01  0.5847158E+00
  0.8310000E-01  0.5866556E+00
  0.8315000E-01  0.5891302E+00
  0.8320000E-01  0.5924981E+00
  0.8325000E-01  0.5952889E+00
  0.8330000E-01  0.5979282E+00
  0.8335000E-01  0.6007094E+00
  0.8340000E-01  0.6031869E+00
  0.8345000E-01  0.6060373E+00
  0.8350000E-01  0.6099617E+00
  0.8355000E-01  0.6136672E+00
  0.8360000E-01  0.6160703E+00
  0.8365000E-01  0.6184182E+00
  0.8370000E-01  0.6207570E+00
  0.8375000E-01  0.6232361E+00
  0.8380000E-01  0.6262894E+00
  0.8385000E-01  0.6292024E+00
  0.8390000E-01  0.6310170E+00
  0.8395000E-01  0.6325173E+00
  0.8400000E-01  0.6350519E+00
  0.8405000E-01  0.6375053E+00
  0.8410000E-01  0.6405547E+00
  0.8415000E-01  0.6443989E+00
  0.8420000E-01  0.6482143E+00
  0.8425000E-01  0.6510204E+00
  0.8430000E-01  0.6539266E+00
  0.8435000E-01  0.6577618E+00
  0.8440000E-01  0.6619325E+00
  0.8445000E-01  0.6657844E+00
  0.8450000E-01  0.6683321E+00
  0.8455000E-01  0.6714896E+00
  0.8460000E-01  0.6748962E+00
  0.8465000E-01  0.6778114E+00
  0.8470000E-01  0.6802772E+00
  0.8475000E-01  0.6833523E+00
  0.8480000E-01  0.6866965E+00
  0.8485000E-01  0.6892432E+00
  0.8490000E-01  0.6913774E+00
  0.8495000E-01  0.6938669E+00
  0.8500000E-01  0.6973110E+00
  0.8505000E-01  0.7006720E+00
  0.8510000E-01  0.7029743E+00
  0.8515000E-01  0.7051186E+00
  0.8520000E-01  0.7082132E+00
  0.8525000E-01  0.7116264E+00
  0.8530000E-01  0.7150447E+00
  0.8535000E-01  0.7188668E+00
  0.8540000E-01  0.7216067E+00
  0.8545000E-01  0.7234600E+00
  0.8550000E-01  0.7259723E+00
  0.8555000E-01  0.7287400E+00
  0.8560000E-01  0.7314185E+00
  0.8565000E-01  0.7350876E+00
  0.8570000E-01  0.7397269E+00
  0.8575000E-01  0.7439891E+00
  0.8580000E-01  0.7474548E+00
  0.8585000E-01  0.7506365E+00
  0.8590000E-01  0.7540801E+00
  0.8595000E-01  0.7586116E+00
  0.8600000E-01  0.7631162E+00
  0.8605000E-01  0.7665521E+00
  0.8610000E-01  0.7708749E+00
  0.8615000E-01  0.7767893E+00
  0.8620000E-01  0.7832889E+00
  0.8625000E-01  0.7890929E+00
  0.8630000E-01  0.7938457E+00
  0.8635000E-01  0.7988365E+00
  0.8640000E-01  0.8033115E+00
  0.8645000E-01  0.8069405E+00
  0.8650000E-01  0.8106895E+00
  0.8655000E-01  0.8150272E+00
  0.8660000E-01  0.8192685E+00
  0.8665000E-01  0.8236687E+00
  0.8670000E-01  0.8290626E+00
  0.8675000E-01  0.8348872E+00
  0.8680000E-01  0.8397734E+00
  0.8685000E-01  0.8441450E+00
  0.8690000E-01  0.8487463E+00
  0.8695000E-01  0.8529761E+00
  0.8700000E-01  0.8576959E+00
  0.8705000E-01  0.8634105E+00
  0.8710000E-01  0.8683463E+00
  0.8715000E-01  0.8722841E+00
  0.8720000E-01  0.8755883E+00
  0.8725000E-01  0.8787369E+00
  0.8730000E-01  0.8818506E+00
  0.8735000E-01  0.8852547E+00
  0.8740000E-01  0.8892536E+00
  0.8745000E-01  0.8927238E+00
  0.8750000E-01  0.8965703E+00
  0.8755000E-01  0.9023262E+00
  0.8760000E-01  0.9094007E+00
  0.8765000E-01  0.9175295E+00
  0.8770000E-01  0.9242789E+00
  0.8775000E-01  0.9291800E+00
  0.8780000E-01  0.9338042E+00
  0.8785000E-01  0.9381273E+00
  0.8790000E-01  0.9418322E+00
  0.8795000E-01  0.9458581E+00
  0.8800000E-01  0.9496988E+00
  0.8805000E-01  0.9533171E+00
  0.8810000E-01  0.9573016E+00
  0.8815000E-01  0.9618437E+00
  0.8820000E-01  0.9681074E+00
  0.8825000E-01  0.9761141E+00
  0.8830000E-01  0.9843514E+00
  0.8835000E-01  0.9905779E+00
  0.8840000E-01  0.9951911E+00
  0.8845000E-01  0.9991786E+00
  0.8850000E-01  0.1003083E+01
  0.8855000E-01  0.1008481E+01
  0.8860000E-01  0.1016107E+01
  0.8865000E-01  0.1024376E+01
  0.8870000E-01  0.1030930E+01
  0.8875000E-01  0.1035003E+01
  0.8880000E-01  0.1038328E+01
  0.8885000E-01  0.1043893E+01
  0.8890000E-01  0.1050838E+01
  0.8895000E-01  0.1056814E+01
  0.8900000E-01  0.1062381E+01
  0.8905000E-01  0.1067562E+01
  0.8910000E-01  0.1074137E+01
  0.8915000E-01  0.1082316E+01
  0.8920000E-01  0.1090749E+01
  0.8925000E-01  0.1099556E+01
  0.8930000E-01  0.1108770E+01
  0.8935000E-01  0.1116899E+01
  0.8940000E-01  0.1124014E+01
  0.8945000E-01  0.1130801E+01
  0.8950000E-01  0.1137166E+01
  0.8955000E-01  0.1144206E+01
  0.8960000E-01  0.1151529E+01
  0.8965000E-01  0.1158891E+01
  0.8970000E-01  0.1166577E+01
  0.8975000E-01  0.1174201E+01
  0.8980000E-01  0.1180465E+01
  0.8985000E-01  0.1185449E+01
  0.8990000E-01  0.1191594E+01
  0.8995000E-01  0.1199540E+01
  0.9000000E-01  0.1208347E+01
  0.9005000E-01  0.1216411E+01
  0.9010000E-01  0.1224550E+01
  0.9015000E-01  0.1234217E+01
  0.9020000E-01  0.1242780E+01
  0.9025000E-01  0.1250608E+01
  0.9030000E-01  0.1258677E+01
  0.9035000E-01  0.1266843E+01
  0.9040000E-01  0.1275673E+01
  0.9045000E-01  0.1284650E+01
  0.9050000E-01  0.1292736E+01
  0.9055000E-01  0.1300782E+01
  0.9060000E-01  0.1310491E+01
  0.9065000E-01  0.1321696E+01
  0.9070000E-01  0.1332723E+01
  0.9075000E-01  0.1342831E+01
  0.9080000E-01  0.1352978E+01
  0.9085000E-01  0.1363086E+01
  0.9090000E-01  0.1373223E+01
  0.9095000E-01  0.1383075E+01
  0.9100000E-01  0.1391265E+01
  0.9105000E-01  0.1398334E+01
  0.9110000E-01  0.1405909E+01
  0.9115000E-01  0.1415199E+01
  0.9120000E-01  0.1425475E+01
  0.9125000E-01  0.1435058E+01
  0.9130000E-01  0.1443226E+01
  0.9135000E-01  0.1450731E+01
  0.9140000E-01  0.1458041E+01
  0.9145000E-01  0.1467147E+01
  0.9150000E-01  0.1478703E+01
  0.9155000E-01  0.1491249E+01
  0.9160000E-01  0.1502655E+01
  0.9165000E-01  0.1513370E+01
  0.9170000E-01  0.1526706E+01
  0.9175000E-01  0.1542429E+01
  0.9180000E-01  0.1558662E+01
  0.9185000E-01  0.1575427E+01
  0.9190000E-01  0.1589403E+01
  0.9195000E-01  0.1600164E+01
  0.9200000E-01  0.1612222E+01
  0.9205000E-01  0.1626327E+01
  0.9210000E-01  0.1641440E+01
  0.9215000E-01  0.1655401E+01
  0.9220000E-01  0.1668083E+01
  0.9225000E-01  0.1681330E+01
  0.9230000E-01  0.1695566E+01
  0.9235000E-01  0.1710809E+01
  0.9240000E-01  0.1726781E+01
  0.9245000E-01  0.1743140E+01
  0.9250000E-01  0.1759517E+01
  0.9255000E-01  0.1775739E+01
  0.9260000E-01  0.1789822E+01
  0.9265000E-01  0.1801781E+01
  0.9270000E-01  0.1814348E+01
  0.9275000E-01  0.1828151E+01
  0.9280000E-01  0.1843526E+01
  0.9285000E-01  0.1862226E+01
  0.9290000E-01  0.1880787E+01
  0.9295000E-01  0.1897285E+01
  0.9300000E-01  0.1911870E+01
  0.9305000E-01  0.1925888E+01
  0.9310000E-01  0.1939394E+01
  0.9315000E-01  0.1955182E+01
  0.9320000E-01  0.1973749E+01
  0.9325000E-01  0.1993296E+01
  0.9330000E-01  0.2012850E+01
  0.9335000E-01  0.2029436E+01
  0.9340000E-01  0.2043679E+01
  0.9345000E-01  0.2057633E+01
  0.9350000E-01  0.2071876E+01
  0.9355000E-01  0.2088200E+01
  0.9360000E-01  0.2108607E+01
  0.9365000E-01  0.2131647E+01
  0.9370000E-01  0.2153495E+01
  0.9375000E-01  0.2173294E+01
  0.9380000E-01  0.2192726E+01
  0.9385000E-01  0.2213590E+01
  0.9390000E-01  0.2234910E+01
  0.9395000E-01  0.2256312E+01
  0.9400000E-01  0.2279708E+01
  0.9405000E-01  0.2306738E+01
  0.9410000E-01  0.2334903E+01
  0.9415000E-01  0.2361051E+01
  0.9420000E-01  0.2383634E+01
  0.9425000E-01  0.2402877E+01
  0.9430000E-01  0.2422949E+01
  0.9435000E-01  0.2449243E+01
  0.9440000E-01  0.2479182E+01
  0.9445000E-01  0.2508109E+01
  0.9450000E-01  0.2536065E+01
  0.9455000E-01  0.2564905E+01
  0.9460000E-01  0.2594088E+01
  0.9465000E-01  0.2621527E+01
  0.9470000E-01  0.2648333E+01
  0.9475000E-01  0.2679137E+01
  0.9480000E-01  0.2713777E+01
  0.9485000E-01  0.2748355E+01
  0.9490000E-01  0.2780582E+01
  0.9495000E-01  0.2808174E+01
  0.9500000E-01  0.2834071E+01
  0.9505000E-01  0.2863714E+01
  0.9510000E-01  0.2897068E+01
  0.9515000E-01  0.2932092E+01
  0.9520000E-01  0.2968462E+01
  0.9525000E-01  0.3003091E+01
  0.9530000E-01  0.3038306E+01
  0.9535000E-01  0.3078141E+01
  0.9540000E-01  0.3119466E+01
  0.9545000E-01  0.3162107E+01
  0.9550000E-01  0.3205336E+01
  0.9555000E-01  0.3247728E+01
  0.9560000E-01  0.3292043E+01
  0.9565000E-01  0.3338708E+01
  0.9570000E-01  0.3384751E+01
  0.9575000E-01  0.3431944E+01
  0.9580000E-01  0.3481316E+01
  0.9585000E-01  0.3529971E+01
  0.9590000E-01  0.3574969E+01
  0.9595000E-01  0.3618138E+01
  0.9600000E-01  0.3662144E+01
  0.9605000E-01  0.3707697E+01
  0.9610000E-01  0.3757482E+01
  0.9615000E-01  0.3812752E+01
  0.9620000E-01  0.3870014E+01
  0.9625000E-01  0.3927160E+01
  0.9630000E-01  0.3984317E+01
  0.9635000E-01  0.4046721E+01
  0.9640000E-01  0.4114290E+01
  0.9645000E-01  0.4186065E+01
  0.9650000E-01  0.4255979E+01
  0.9655000E-01  0.4321448E+01
  0.9660000E-01  0.4385685E+01
  0.9665000E-01  0.4452637E+01
  0.9670000E-01  0.4520787E+01
  0.9675000E-01  0.4587316E+01
  0.9680000E-01  0.4654797E+01
  0.9685000E-01  0.4727795E+01
  0.9690000E-01  0.4806634E+01
  0.9695000E-01  0.4888362E+01
  0.9700000E-01  0.4971714E+01
  0.9705000E-01  0.5055559E+01
  0.9710000E-01  0.5136135E+01
  0.9715000E-01  0.5212540E+01
  0.9720000E-01  0.5284160E+01
  0.9725000E-01  0.5355307E+01
  0.9730000E-01  0.5427506E+01
  0.9735000E-01  0.5501574E+01
  0.9740000E-01  0.5573747E+01
  0.9745000E-01  0.5642757E+01
  0.9750000E-01  0.5701576E+01
  0.9755000E-01  0.5749436E+01
  0.9760000E-01  0.5788813E+01
  0.9765000E-01  0.5824507E+01
  0.9770000E-01  0.5854089E+01
  0.9775000E-01  0.5876716E+01
  0.9780000E-01  0.5890030E+01
  0.9785000E-01  0.5897631E+01
  0.9790000E-01  0.5896918E+01
  0.9795000E-01  0.5886808E+01
  0.9800000E-01  0.5868159E+01
  0.9805000E-01  0.5844075E+01
  0.9810000E-01  0.5813642E+01
  0.9815000E-01  0.5781453E+01
  0.9820000E-01  0.5749422E+01
  0.9825000E-01  0.5719348E+01
  0.9830000E-01  0.5686182E+01
  0.9835000E-01  0.5648966E+01
  0.9840000E-01  0.5603113E+01
  0.9845000E-01  0.5546340E+01
  0.9850000E-01  0.5472400E+01
  0.9855000E-01  0.5375225E+01
  0.9860000E-01  0.5244511E+01
  0.9865000E-01  0.5079940E+01
  0.9870000E-01  0.4877189E+01
  0.9875000E-01  0.4640019E+01
  0.9880000E-01  0.4374944E+01
  0.9885000E-01  0.4090703E+01
  0.9890000E-01  0.3800642E+01
  0.9895000E-01  0.3521662E+01
  0.9900000E-01  0.3265621E+01
  0.9905000E-01  0.3044378E+01
  0.9910000E-01  0.2866368E+01
  0.9915000E-01  0.2739561E+01
  0.9920000E-01  0.2677325E+01
  0.9925000E-01  0.2686944E+01
  0.9930000E-01  0.2775748E+01
  0.9935000E-01  0.2954144E+01
  0.9940000E-01  0.3229989E+01
  0.9945000E-01  0.3609435E+01
  0.9950000E-01  0.4090086E+01
  0.9955000E-01  0.4657920E+01
  0.9960000E-01  0.5286095E+01
  0.9965000E-01  0.5928525E+01
  0.9970000E-01  0.6524070E+01
  0.9975000E-01  0.7008282E+01
  0.9980000E-01  0.7333669E+01
  0.9985000E-01  0.7488279E+01
  0.9990000E-01  0.7505516E+01
  0.9995000E-01  0.7461087E+01
  0.1000000E+00  0.7461087E+01
