  0.0000000E+00  0.7433689E+01
  0.5000000E-04  0.7464052E+01
  0.1000000E-03  0.7509147E+01
  0.1500000E-03  0.7493412E+01
  0.2000000E-03  0.7338297E+01
  0.2500000E-03  0.7008685E+01
  0.3000000E-03  0.6521544E+01
  0.3500000E-03  0.5925454E+01
  0.4000000E-03  0.5283565E+01
  0.4500000E-03  0.4658307E+01
  0.5000000E-03  0.4095698E+01
  0.5500000E-03  0.3621318E+01
  0.6000000E-03  0.3245195E+01
  0.6500000E-03  0.2967127E+01
  0.7000000E-03  0.2782044E+01
  0.7500000E-03  0.2684033E+01
  0.8000000E-03  0.2668283E+01
  0.8500000E-03  0.2726892E+01
  0.9000000E-03  0.2850119E+01
  0.9500000E-03  0.3029500E+01
  0.1000000E-02  0.3255818E+01
  0.1050000E-02  0.3515912E+01
  0.1100000E-02  0.3796272E+01
  0.1150000E-02  0.4083200E+01
  0.1200000E-02  0.4363225E+01
  0.1250000E-02  0.4627161E+01
  0.1300000E-02  0.4867392E+01
  0.1350000E-02  0.5076090E+01
  0.1400000E-02  0.5247350E+01
  0.1450000E-02  0.5382406E+01
  0.1500000E-02  0.5482075E+01
  0.1550000E-02  0.5557814E+01
  0.1600000E-02  0.5611294E+01
  0.1650000E-02  0.5647877E+01
  0.1700000E-02  0.5674830E+01
  0.1750000E-02  0.5704851E+01
  0.1800000E-02  0.5738643E+01
  0.1850000E-02  0.5776701E+01
  0.1900000E-02  0.5815376E+01
  0.1950000E-02  0.5850716E+01
  0.2000000E-02  0.5877888E+01
  0.2050000E-02  0.5896478E+01
  0.2100000E-02  0.5906113E+01
  0.2150000E-02  0.5911583E+01
  0.2200000E-02  0.5909339E+01
  0.2250000E-02  0.5897566E+01
  0.2300000E-02  0.5875460E+01
  0.2350000E-02  0.5845400E+01
  0.2400000E-02  0.5806395E+01
  0.2450000E-02  0.5760200E+01
  0.2500000E-02  0.5708384E+01
  0.2550000E-02  0.5653456E+01
  0.2600000E-02  0.5590024E+01
  0.2650000E-02  0.5521196E+01
  0.2700000E-02  0.5448808E+01
  0.2750000E-02  0.5373393E+01
  0.2800000E-02  0.5295221E+01
  0.2850000E-02  0.5218379E+01
  0.2900000E-02  0.5141598E+01
  0.2950000E-02  0.5064922E+01
  0.3000000E-02  0.4985622E+01
  0.3050000E-02  0.4903446E+01
  0.3100000E-02  0.4821574E+01
  0.3150000E-02  0.4744600E+01
  0.3200000E-02  0.4670770E+01
  0.3250000E-02  0.4602155E+01
  0.3300000E-02  0.4536645E+01
  0.3350000E-02  0.4468752E+01
  0.3400000E-02  0.4397019E+01
  0.3450000E-02  0.4325828E+01
  0.3500000E-02  0.4257224E+01
  0.3550000E-02  0.4190188E+01
  0.3600000E-02  0.4124825E+01
  0.3650000E-02  0.4065898E+01
  0.3700000E-02  0.4009583E+01
  0.3750000E-02  0.3955336E+01
  0.3800000E-02  0.3903847E+01
  0.3850000E-02  0.3848566E+01
  0.3900000E-02  0.3786705E+01
  0.3950000E-02  0.3724493E+01
  0.4000000E-02  0.3665512E+01
  0.4050000E-02  0.3612817E+01
  0.4100000E-02  0.3563304E+01
  0.4150000E-02  0.3514787E+01
  0.4200000E-02  0.3466984E+01
  0.4250000E-02  0.3421560E+01
  0.4300000E-02  0.3376928E+01
  0.4350000E-02  0.3331481E+01
  0.4400000E-02  0.3285717E+01
  0.4450000E-02  0.3240365E+01
  0.4500000E-02  0.3196397E+01
  0.4550000E-02  0.3155285E+01
  0.4600000E-02  0.3116048E+01
  0.4650000E-02  0.3079535E+01
  0.4700000E-02  0.3044824E+01
  0.4750000E-02  0.3008793E+01
  0.4800000E-02  0.2970702E+01
  0.4850000E-02  0.2932303E+01
  0.4900000E-02  0.2898346E+01
  0.4950000E-02  0.2868225E+01
  0.5000000E-02  0.2837956E+01
  0.5050000E-02  0.2805774E+01
  0.5100000E-02  0.2770640E+01
  0.5150000E-02  0.2734728E+01
  0.5200000E-02  0.2700453E+01
  0.5250000E-02  0.2669291E+01
  0.5300000E-02  0.2638084E+01
  0.5350000E-02  0.2609699E+01
  0.5400000E-02  0.2584637E+01
  0.5450000E-02  0.2559994E+01
  0.5500000E-02  0.2538141E+01
  0.5550000E-02  0.2517633E+01
  0.5600000E-02  0.2494400E+01
  0.5650000E-02  0.2468979E+01
  0.5700000E-02  0.2445193E+01
  0.5750000E-02  0.2423642E+01
  0.5800000E-02  0.2400080E+01
  0.5850000E-02  0.2375146E+01
  0.5900000E-02  0.2350445E+01
  0.5950000E-02  0.2326417E+01
  0.6000000E-02  0.2302563E+01
  0.6050000E-02  0.2279797E+01
  0.6100000E-02  0.2256706E+01
  0.6150000E-02  0.2234786E+01
  0.6200000E-02  0.2214769E+01
  0.6250000E-02  0.2194769E+01
  0.6300000E-02  0.2173957E+01
  0.6350000E-02  0.2153691E+01
  0.6400000E-02  0.2133482E+01
  0.6450000E-02  0.2113600E+01
  0.6500000E-02  0.2096109E+01
  0.6550000E-02  0.2080508E+01
  0.6600000E-02  0.2063300E+01
  0.6650000E-02  0.2045282E+01
  0.6700000E-02  0.2026503E+01
  0.6750000E-02  0.2007713E+01
  0.6800000E-02  0.1989889E+01
  0.6850000E-02  0.1973335E+01
  0.6900000E-02  0.1954829E+01
  0.6950000E-02  0.1934603E+01
  0.7000000E-02  0.1915558E+01
  0.7050000E-02  0.1897399E+01
  0.7100000E-02  0.1878898E+01
  0.7150000E-02  0.1861833E+01
  0.7200000E-02  0.1845644E+01
  0.7250000E-02  0.1829609E+01
  0.7300000E-02  0.1814912E+01
  0.7350000E-02  0.1798894E+01
  0.7400000E-02  0.1780548E+01
  0.7450000E-02  0.1761316E+01
  0.7500000E-02  0.1745043E+01
  0.7550000E-02  0.1732310E+01
  0.7600000E-02  0.1720264E+01
  0.7650000E-02  0.1708117E+01
  0.7700000E-02  0.1694908E+01
  0.7750000E-02  0.1681250E+01
  0.7800000E-02  0.1669709E+01
  0.7850000E-02  0.1660054E+01
  0.7900000E-02  0.1650736E+01
  0.7950000E-02  0.1639219E+01
  0.8000000E-02  0.1626730E+01
  0.8050000E-02  0.1614784E+01
  0.8100000E-02  0.1602832E+01
  0.8150000E-02  0.1590111E+01
  0.8200000E-02  0.1575291E+01
  0.8250000E-02  0.1558449E+01
  0.8300000E-02  0.1542513E+01
  0.8350000E-02  0.1529117E+01
  0.8400000E-02  0.1517756E+01
  0.8450000E-02  0.1507385E+01
  0.8500000E-02  0.1496963E+01
  0.8550000E-02  0.1487150E+01
  0.8600000E-02  0.1477302E+01
  0.8650000E-02  0.1467395E+01
  0.8700000E-02  0.1459115E+01
  0.8750000E-02  0.1450812E+01
  0.8800000E-02  0.1440427E+01
  0.8850000E-02  0.1428993E+01
  0.8900000E-02  0.1418518E+01
  0.8950000E-02  0.1408960E+01
  0.9000000E-02  0.1399954E+01
  0.9050000E-02  0.1389598E+01
  0.9100000E-02  0.1377357E+01
  0.9150000E-02  0.1365103E+01
  0.9200000E-02  0.1353830E+01
  0.9250000E-02  0.1343595E+01
  0.9300000E-02  0.1334555E+01
  0.9350000E-02  0.1324880E+01
  0.9400000E-02  0.1314400E+01
  0.9450000E-02  0.1303472E+01
  0.9500000E-02  0.1292792E+01
  0.9550000E-02  0.1283824E+01
  0.9600000E-02  0.1277103E+01
  0.9650000E-02  0.1269818E+01
  0.9700000E-02  0.1261195E+01
  0.9750000E-02  0.1252360E+01
  0.9800000E-02  0.1242557E+01
  0.9850000E-02  0.1233078E+01
  0.9900000E-02  0.1223922E+01
  0.9950000E-02  0.1215318E+01
  0.1000000E-01  0.1206189E+01
  0.1005000E-01  0.1196312E+01
  0.1010000E-01  0.1186233E+01
  0.1015000E-01  0.1176166E+01
  0.1020000E-01  0.1166961E+01
  0.1025000E-01  0.1159645E+01
  0.1030000E-01  0.1154416E+01
  0.1035000E-01  0.1150642E+01
  0.1040000E-01  0.1146771E+01
  0.1045000E-01  0.1139988E+01
  0.1050000E-01  0.1131048E+01
  0.1055000E-01  0.1121472E+01
  0.1060000E-01  0.1112487E+01
  0.1065000E-01  0.1104433E+01
  0.1070000E-01  0.1097241E+01
  0.1075000E-01  0.1089903E+01
  0.1080000E-01  0.1081742E+01
  0.1085000E-01  0.1073493E+01
  0.1090000E-01  0.1067141E+01
  0.1095000E-01  0.1062071E+01
  0.1100000E-01  0.1056371E+01
  0.1105000E-01  0.1049822E+01
  0.1110000E-01  0.1043117E+01
  0.1115000E-01  0.1036873E+01
  0.1120000E-01  0.1030621E+01
  0.1125000E-01  0.1023805E+01
  0.1130000E-01  0.1016876E+01
  0.1135000E-01  0.1011179E+01
  0.1140000E-01  0.1006495E+01
  0.1145000E-01  0.1001074E+01
  0.1150000E-01  0.9954400E+00
  0.1155000E-01  0.9904879E+00
  0.1160000E-01  0.9859064E+00
  0.1165000E-01  0.9810060E+00
  0.1170000E-01  0.9766087E+00
  0.1175000E-01  0.9721100E+00
  0.1180000E-01  0.9660920E+00
  0.1185000E-01  0.9593907E+00
  0.1190000E-01  0.9527055E+00
  0.1195000E-01  0.9470603E+00
  0.1200000E-01  0.9431233E+00
  0.1205000E-01  0.9393132E+00
  0.1210000E-01  0.9356709E+00
  0.1215000E-01  0.9297918E+00
  0.1220000E-01  0.9217517E+00
  0.1225000E-01  0.9151452E+00
  0.1230000E-01  0.9096734E+00
  0.1235000E-01  0.9039773E+00
  0.1240000E-01  0.8982463E+00
  0.1245000E-01  0.8933761E+00
  0.1250000E-01  0.8894375E+00
  0.1255000E-01  0.8851400E+00
  0.1260000E-01  0.8798385E+00
  0.1265000E-01  0.8742975E+00
  0.1270000E-01  0.8696343E+00
  0.1275000E-01  0.8655361E+00
  0.1280000E-01  0.8619359E+00
  0.1285000E-01  0.8596428E+00
  0.1290000E-01  0.8575855E+00
  0.1295000E-01  0.8544071E+00
  0.1300000E-01  0.8501544E+00
  0.1305000E-01  0.8456882E+00
  0.1310000E-01  0.8413870E+00
  0.1315000E-01  0.8367374E+00
  0.1320000E-01  0.8313402E+00
  0.1325000E-01  0.8249392E+00
  0.1330000E-01  0.8197305E+00
  0.1335000E-01  0.8161102E+00
  0.1340000E-01  0.8121277E+00
  0.1345000E-01  0.8069742E+00
  0.1350000E-01  0.8012936E+00
  0.1355000E-01  0.7958828E+00
  0.1360000E-01  0.7905585E+00
  0.1365000E-01  0.7855456E+00
  0.1370000E-01  0.7812845E+00
  0.1375000E-01  0.7787260E+00
  0.1380000E-01  0.7769744E+00
  0.1385000E-01  0.7749271E+00
  0.1390000E-01  0.7717874E+00
  0.1395000E-01  0.7677196E+00
  0.1400000E-01  0.7621659E+00
  0.1405000E-01  0.7573308E+00
  0.1410000E-01  0.7550529E+00
  0.1415000E-01  0.7540399E+00
  0.1420000E-01  0.7523844E+00
  0.1425000E-01  0.7495327E+00
  0.1430000E-01  0.7459541E+00
  0.1435000E-01  0.7418546E+00
  0.1440000E-01  0.7377126E+00
  0.1445000E-01  0.7339245E+00
  0.1450000E-01  0.7303174E+00
  0.1455000E-01  0.7263957E+00
  0.1460000E-01  0.7211993E+00
  0.1465000E-01  0.7159523E+00
  0.1470000E-01  0.7113002E+00
  0.1475000E-01  0.7072018E+00
  0.1480000E-01  0.7035556E+00
  0.1485000E-01  0.7001268E+00
  0.1490000E-01  0.6964585E+00
  0.1495000E-01  0.6921279E+00
  0.1500000E-01  0.6889704E+00
  0.1505000E-01  0.6872299E+00
  0.1510000E-01  0.6859241E+00
  0.1515000E-01  0.6844284E+00
  0.1520000E-01  0.6830852E+00
  0.1525000E-01  0.6813288E+00
  0.1530000E-01  0.6781019E+00
  0.1535000E-01  0.6735871E+00
  0.1540000E-01  0.6681402E+00
  0.1545000E-01  0.6627646E+00
  0.1550000E-01  0.6587806E+00
  0.1555000E-01  0.6556913E+00
  0.1560000E-01  0.6523720E+00
  0.1565000E-01  0.6493517E+00
  0.1570000E-01  0.6470374E+00
  0.1575000E-01  0.6444199E+00
  0.1580000E-01  0.6412374E+00
  0.1585000E-01  0.6379693E+00
  0.1590000E-01  0.6351803E+00
  0.1595000E-01  0.6321921E+00
  0.1600000E-01  0.6294764E+00
  0.1605000E-01  0.6276449E+00
  0.1610000E-01  0.6268095E+00
  0.1615000E-01  0.6257443E+00
  0.1620000E-01  0.6229867E+00
  0.1625000E-01  0.6191357E+00
  0.1630000E-01  0.6160967E+00
  0.1635000E-01  0.6146176E+00
  0.1640000E-01  0.6135199E+00
  0.1645000E-01  0.6117338E+00
  0.1650000E-01  0.6090328E+00
  0.1655000E-01  0.6057068E+00
  0.1660000E-01  0.6014946E+00
  0.1665000E-01  0.5978853E+00
  0.1670000E-01  0.5953628E+00
  0.1675000E-01  0.5939187E+00
  0.1680000E-01  0.5922412E+00
  0.1685000E-01  0.5897823E+00
  0.1690000E-01  0.5863799E+00
  0.1695000E-01  0.5825579E+00
  0.1700000E-01  0.5787089E+00
  0.1705000E-01  0.5748519E+00
  0.1710000E-01  0.5717054E+00
  0.1715000E-01  0.5696902E+00
  0.1720000E-01  0.5678544E+00
  0.1725000E-01  0.5662080E+00
  0.1730000E-01  0.5646439E+00
  0.1735000E-01  0.5634938E+00
  0.1740000E-01  0.5620768E+00
  0.1745000E-01  0.5596296E+00
  0.1750000E-01  0.5573379E+00
  0.1755000E-01  0.5548277E+00
  0.1760000E-01  0.5520361E+00
  0.1765000E-01  0.5499638E+00
  0.1770000E-01  0.5475427E+00
  0.1775000E-01  0.5442828E+00
  0.1780000E-01  0.5411303E+00
  0.1785000E-01  0.5379484E+00
  0.1790000E-01  0.5346883E+00
  0.1795000E-01  0.5322270E+00
  0.1800000E-01  0.5302878E+00
  0.1805000E-01  0.5284160E+00
  0.1810000E-01  0.5268231E+00
  0.1815000E-01  0.5251214E+00
  0.1820000E-01  0.5224594E+00
  0.1825000E-01  0.5190018E+00
  0.1830000E-01  0.5159421E+00
  0.1835000E-01  0.5136400E+00
  0.1840000E-01  0.5112632E+00
  0.1845000E-01  0.5084133E+00
  0.1850000E-01  0.5056990E+00
  0.1855000E-01  0.5040516E+00
  0.1860000E-01  0.5026776E+00
  0.1865000E-01  0.5014160E+00
  0.1870000E-01  0.4998135E+00
  0.1875000E-01  0.4971896E+00
  0.1880000E-01  0.4942328E+00
  0.1885000E-01  0.4919801E+00
  0.1890000E-01  0.4902984E+00
  0.1895000E-01  0.4883459E+00
  0.1900000E-01  0.4859548E+00
  0.1905000E-01  0.4835371E+00
  0.1910000E-01  0.4819870E+00
  0.1915000E-01  0.4803222E+00
  0.1920000E-01  0.4786840E+00
  0.1925000E-01  0.4776606E+00
  0.1930000E-01  0.4766423E+00
  0.1935000E-01  0.4755670E+00
  0.1940000E-01  0.4737704E+00
  0.1945000E-01  0.4708098E+00
  0.1950000E-01  0.4678748E+00
  0.1955000E-01  0.4656072E+00
  0.1960000E-01  0.4634608E+00
  0.1965000E-01  0.4608129E+00
  0.1970000E-01  0.4584832E+00
  0.1975000E-01  0.4565204E+00
  0.1980000E-01  0.4545223E+00
  0.1985000E-01  0.4527940E+00
  0.1990000E-01  0.4516324E+00
  0.1995000E-01  0.4506381E+00
  0.2000000E-01  0.4489700E+00
  0.2005000E-01  0.4470225E+00
  0.2010000E-01  0.4452397E+00
  0.2015000E-01  0.4438561E+00
  0.2020000E-01  0.4423397E+00
  0.2025000E-01  0.4407600E+00
  0.2030000E-01  0.4396700E+00
  0.2035000E-01  0.4387357E+00
  0.2040000E-01  0.4372557E+00
  0.2045000E-01  0.4359659E+00
  0.2050000E-01  0.4350742E+00
  0.2055000E-01  0.4338832E+00
  0.2060000E-01  0.4322382E+00
  0.2065000E-01  0.4303293E+00
  0.2070000E-01  0.4283270E+00
  0.2075000E-01  0.4259479E+00
  0.2080000E-01  0.4233357E+00
  0.2085000E-01  0.4212650E+00
  0.2090000E-01  0.4199067E+00
  0.2095000E-01  0.4190675E+00
  0.2100000E-01  0.4185143E+00
  0.2105000E-01  0.4176615E+00
  0.2110000E-01  0.4165104E+00
  0.2115000E-01  0.4152576E+00
  0.2120000E-01  0.4143234E+00
  0.2125000E-01  0.4134292E+00
  0.2130000E-01  0.4123024E+00
  0.2135000E-01  0.4114162E+00
  0.2140000E-01  0.4107325E+00
  0.2145000E-01  0.4094664E+00
  0.2150000E-01  0.4079213E+00
  0.2155000E-01  0.4061557E+00
  0.2160000E-01  0.4040712E+00
  0.2165000E-01  0.4025012E+00
  0.2170000E-01  0.4012831E+00
  0.2175000E-01  0.4004973E+00
  0.2180000E-01  0.3997953E+00
  0.2185000E-01  0.3986862E+00
  0.2190000E-01  0.3971982E+00
  0.2195000E-01  0.3957578E+00
  0.2200000E-01  0.3943954E+00
  0.2205000E-01  0.3929444E+00
  0.2210000E-01  0.3915179E+00
  0.2215000E-01  0.3894770E+00
  0.2220000E-01  0.3871365E+00
  0.2225000E-01  0.3849355E+00
  0.2230000E-01  0.3830897E+00
  0.2235000E-01  0.3815049E+00
  0.2240000E-01  0.3797858E+00
  0.2245000E-01  0.3788018E+00
  0.2250000E-01  0.3781812E+00
  0.2255000E-01  0.3770770E+00
  0.2260000E-01  0.3757293E+00
  0.2265000E-01  0.3742620E+00
  0.2270000E-01  0.3726076E+00
  0.2275000E-01  0.3711081E+00
  0.2280000E-01  0.3699374E+00
  0.2285000E-01  0.3684075E+00
  0.2290000E-01  0.3668232E+00
  0.2295000E-01  0.3656284E+00
  0.2300000E-01  0.3645446E+00
  0.2305000E-01  0.3634778E+00
  0.2310000E-01  0.3625900E+00
  0.2315000E-01  0.3616627E+00
  0.2320000E-01  0.3608391E+00
  0.2325000E-01  0.3606102E+00
  0.2330000E-01  0.3606843E+00
  0.2335000E-01  0.3601791E+00
  0.2340000E-01  0.3588863E+00
  0.2345000E-01  0.3576504E+00
  0.2350000E-01  0.3569427E+00
  0.2355000E-01  0.3559855E+00
  0.2360000E-01  0.3547572E+00
  0.2365000E-01  0.3533431E+00
  0.2370000E-01  0.3520166E+00
  0.2375000E-01  0.3508340E+00
  0.2380000E-01  0.3496035E+00
  0.2385000E-01  0.3483104E+00
  0.2390000E-01  0.3463085E+00
  0.2395000E-01  0.3439612E+00
  0.2400000E-01  0.3421359E+00
  0.2405000E-01  0.3407428E+00
  0.2410000E-01  0.3397809E+00
  0.2415000E-01  0.3390910E+00
  0.2420000E-01  0.3382672E+00
  0.2425000E-01  0.3371758E+00
  0.2430000E-01  0.3363029E+00
  0.2435000E-01  0.3351623E+00
  0.2440000E-01  0.3334395E+00
  0.2445000E-01  0.3317059E+00
  0.2450000E-01  0.3301938E+00
  0.2455000E-01  0.3288438E+00
  0.2460000E-01  0.3282823E+00
  0.2465000E-01  0.3282986E+00
  0.2470000E-01  0.3283390E+00
  0.2475000E-01  0.3276720E+00
  0.2480000E-01  0.3266189E+00
  0.2485000E-01  0.3258699E+00
  0.2490000E-01  0.3247882E+00
  0.2495000E-01  0.3231192E+00
  0.2500000E-01  0.3207158E+00
  0.2505000E-01  0.3179621E+00
  0.2510000E-01  0.3154873E+00
  0.2515000E-01  0.3139017E+00
  0.2520000E-01  0.3128714E+00
  0.2525000E-01  0.3116264E+00
  0.2530000E-01  0.3103430E+00
  0.2535000E-01  0.3093153E+00
  0.2540000E-01  0.3083101E+00
  0.2545000E-01  0.3071824E+00
  0.2550000E-01  0.3063674E+00
  0.2555000E-01  0.3058247E+00
  0.2560000E-01  0.3052175E+00
  0.2565000E-01  0.3044085E+00
  0.2570000E-01  0.3037100E+00
  0.2575000E-01  0.3032300E+00
  0.2580000E-01  0.3024843E+00
  0.2585000E-01  0.3012625E+00
  0.2590000E-01  0.3001775E+00
  0.2595000E-01  0.2994527E+00
  0.2600000E-01  0.2987325E+00
  0.2605000E-01  0.2980057E+00
  0.2610000E-01  0.2977295E+00
  0.2615000E-01  0.2978340E+00
  0.2620000E-01  0.2977572E+00
  0.2625000E-01  0.2970394E+00
  0.2630000E-01  0.2960343E+00
  0.2635000E-01  0.2953094E+00
  0.2640000E-01  0.2948300E+00
  0.2645000E-01  0.2943773E+00
  0.2650000E-01  0.2938407E+00
  0.2655000E-01  0.2933598E+00
  0.2660000E-01  0.2927218E+00
  0.2665000E-01  0.2915087E+00
  0.2670000E-01  0.2901800E+00
  0.2675000E-01  0.2887161E+00
  0.2680000E-01  0.2870387E+00
  0.2685000E-01  0.2855689E+00
  0.2690000E-01  0.2846769E+00
  0.2695000E-01  0.2841246E+00
  0.2700000E-01  0.2835072E+00
  0.2705000E-01  0.2830199E+00
  0.2710000E-01  0.2826834E+00
  0.2715000E-01  0.2818673E+00
  0.2720000E-01  0.2810399E+00
  0.2725000E-01  0.2811681E+00
  0.2730000E-01  0.2813684E+00
  0.2735000E-01  0.2811858E+00
  0.2740000E-01  0.2807606E+00
  0.2745000E-01  0.2798974E+00
  0.2750000E-01  0.2790044E+00
  0.2755000E-01  0.2785582E+00
  0.2760000E-01  0.2780836E+00
  0.2765000E-01  0.2774075E+00
  0.2770000E-01  0.2766962E+00
  0.2775000E-01  0.2759919E+00
  0.2780000E-01  0.2747131E+00
  0.2785000E-01  0.2730421E+00
  0.2790000E-01  0.2717064E+00
  0.2795000E-01  0.2710040E+00
  0.2800000E-01  0.2704563E+00
  0.2805000E-01  0.2699191E+00
  0.2810000E-01  0.2691086E+00
  0.2815000E-01  0.2681891E+00
  0.2820000E-01  0.2676423E+00
  0.2825000E-01  0.2669984E+00
  0.2830000E-01  0.2662612E+00
  0.2835000E-01  0.2652725E+00
  0.2840000E-01  0.2638444E+00
  0.2845000E-01  0.2627813E+00
  0.2850000E-01  0.2616697E+00
  0.2855000E-01  0.2602987E+00
  0.2860000E-01  0.2591192E+00
  0.2865000E-01  0.2580790E+00
  0.2870000E-01  0.2570728E+00
  0.2875000E-01  0.2560704E+00
  0.2880000E-01  0.2554991E+00
  0.2885000E-01  0.2555270E+00
  0.2890000E-01  0.2556750E+00
  0.2895000E-01  0.2551210E+00
  0.2900000E-01  0.2541986E+00
  0.2905000E-01  0.2532028E+00
  0.2910000E-01  0.2520254E+00
  0.2915000E-01  0.2507431E+00
  0.2920000E-01  0.2498265E+00
  0.2925000E-01  0.2490237E+00
  0.2930000E-01  0.2483356E+00
  0.2935000E-01  0.2477660E+00
  0.2940000E-01  0.2476985E+00
  0.2945000E-01  0.2474238E+00
  0.2950000E-01  0.2464940E+00
  0.2955000E-01  0.2451962E+00
  0.2960000E-01  0.2438524E+00
  0.2965000E-01  0.2425979E+00
  0.2970000E-01  0.2416174E+00
  0.2975000E-01  0.2406882E+00
  0.2980000E-01  0.2394829E+00
  0.2985000E-01  0.2382795E+00
  0.2990000E-01  0.2374615E+00
  0.2995000E-01  0.2369050E+00
  0.3000000E-01  0.2362381E+00
  0.3005000E-01  0.2355495E+00
  0.3010000E-01  0.2353392E+00
  0.3015000E-01  0.2355565E+00
  0.3020000E-01  0.2357858E+00
  0.3025000E-01  0.2355068E+00
  0.3030000E-01  0.2348229E+00
  0.3035000E-01  0.2341001E+00
  0.3040000E-01  0.2334359E+00
  0.3045000E-01  0.2327203E+00
  0.3050000E-01  0.2320099E+00
  0.3055000E-01  0.2308617E+00
  0.3060000E-01  0.2291955E+00
  0.3065000E-01  0.2275415E+00
  0.3070000E-01  0.2262245E+00
  0.3075000E-01  0.2254641E+00
  0.3080000E-01  0.2252871E+00
  0.3085000E-01  0.2251364E+00
  0.3090000E-01  0.2249122E+00
  0.3095000E-01  0.2248081E+00
  0.3100000E-01  0.2246462E+00
  0.3105000E-01  0.2242707E+00
  0.3110000E-01  0.2239209E+00
  0.3115000E-01  0.2234509E+00
  0.3120000E-01  0.2230015E+00
  0.3125000E-01  0.2228086E+00
  0.3130000E-01  0.2226244E+00
  0.3135000E-01  0.2220503E+00
  0.3140000E-01  0.2208826E+00
  0.3145000E-01  0.2197847E+00
  0.3150000E-01  0.2189441E+00
  0.3155000E-01  0.2182762E+00
  0.3160000E-01  0.2180509E+00
  0.3165000E-01  0.2177989E+00
  0.3170000E-01  0.2173531E+00
  0.3175000E-01  0.2169231E+00
  0.3180000E-01  0.2165158E+00
  0.3185000E-01  0.2159280E+00
  0.3190000E-01  0.2150124E+00
  0.3195000E-01  0.2143750E+00
  0.3200000E-01  0.2139742E+00
  0.3205000E-01  0.2132843E+00
  0.3210000E-01  0.2126202E+00
  0.3215000E-01  0.2118345E+00
  0.3220000E-01  0.2105446E+00
  0.3225000E-01  0.2093010E+00
  0.3230000E-01  0.2082964E+00
  0.3235000E-01  0.2076057E+00
  0.3240000E-01  0.2071043E+00
  0.3245000E-01  0.2065099E+00
  0.3250000E-01  0.2063303E+00
  0.3255000E-01  0.2066053E+00
  0.3260000E-01  0.2069536E+00
  0.3265000E-01  0.2072741E+00
  0.3270000E-01  0.2072468E+00
  0.3275000E-01  0.2068557E+00
  0.3280000E-01  0.2063530E+00
  0.3285000E-01  0.2057215E+00
  0.3290000E-01  0.2049247E+00
  0.3295000E-01  0.2042438E+00
  0.3300000E-01  0.2041173E+00
  0.3305000E-01  0.2042718E+00
  0.3310000E-01  0.2044024E+00
  0.3315000E-01  0.2041851E+00
  0.3320000E-01  0.2033166E+00
  0.3325000E-01  0.2022707E+00
  0.3330000E-01  0.2013285E+00
  0.3335000E-01  0.2008790E+00
  0.3340000E-01  0.2006978E+00
  0.3345000E-01  0.2005916E+00
  0.3350000E-01  0.2006440E+00
  0.3355000E-01  0.2006879E+00
  0.3360000E-01  0.2006164E+00
  0.3365000E-01  0.2003208E+00
  0.3370000E-01  0.2000599E+00
  0.3375000E-01  0.1999128E+00
  0.3380000E-01  0.1996748E+00
  0.3385000E-01  0.1993650E+00
  0.3390000E-01  0.1989516E+00
  0.3395000E-01  0.1981458E+00
  0.3400000E-01  0.1970975E+00
  0.3405000E-01  0.1961455E+00
  0.3410000E-01  0.1952265E+00
  0.3415000E-01  0.1947185E+00
  0.3420000E-01  0.1946236E+00
  0.3425000E-01  0.1943605E+00
  0.3430000E-01  0.1939722E+00
  0.3435000E-01  0.1934904E+00
  0.3440000E-01  0.1929073E+00
  0.3445000E-01  0.1926128E+00
  0.3450000E-01  0.1926959E+00
  0.3455000E-01  0.1923914E+00
  0.3460000E-01  0.1917304E+00
  0.3465000E-01  0.1910258E+00
  0.3470000E-01  0.1903659E+00
  0.3475000E-01  0.1898566E+00
  0.3480000E-01  0.1894592E+00
  0.3485000E-01  0.1892663E+00
  0.3490000E-01  0.1888183E+00
  0.3495000E-01  0.1877825E+00
  0.3500000E-01  0.1866688E+00
  0.3505000E-01  0.1858666E+00
  0.3510000E-01  0.1853398E+00
  0.3515000E-01  0.1849134E+00
  0.3520000E-01  0.1846374E+00
  0.3525000E-01  0.1846107E+00
  0.3530000E-01  0.1844997E+00
  0.3535000E-01  0.1839805E+00
  0.3540000E-01  0.1832530E+00
  0.3545000E-01  0.1827660E+00
  0.3550000E-01  0.1825123E+00
  0.3555000E-01  0.1822876E+00
  0.3560000E-01  0.1818363E+00
  0.3565000E-01  0.1812144E+00
  0.3570000E-01  0.1806264E+00
  0.3575000E-01  0.1800841E+00
  0.3580000E-01  0.1794155E+00
  0.3585000E-01  0.1786643E+00
  0.3590000E-01  0.1778669E+00
  0.3595000E-01  0.1770206E+00
  0.3600000E-01  0.1762698E+00
  0.3605000E-01  0.1756411E+00
  0.3610000E-01  0.1751401E+00
  0.3615000E-01  0.1748382E+00
  0.3620000E-01  0.1744803E+00
  0.3625000E-01  0.1741775E+00
  0.3630000E-01  0.1741191E+00
  0.3635000E-01  0.1742662E+00
  0.3640000E-01  0.1744245E+00
  0.3645000E-01  0.1742108E+00
  0.3650000E-01  0.1737922E+00
  0.3655000E-01  0.1733897E+00
  0.3660000E-01  0.1727913E+00
  0.3665000E-01  0.1720944E+00
  0.3670000E-01  0.1715092E+00
  0.3675000E-01  0.1708637E+00
  0.3680000E-01  0.1702597E+00
  0.3685000E-01  0.1698166E+00
  0.3690000E-01  0.1690821E+00
  0.3695000E-01  0.1682294E+00
  0.3700000E-01  0.1674931E+00
  0.3705000E-01  0.1668848E+00
  0.3710000E-01  0.1662928E+00
  0.3715000E-01  0.1658873E+00
  0.3720000E-01  0.1656155E+00
  0.3725000E-01  0.1655567E+00
  0.3730000E-01  0.1659263E+00
  0.3735000E-01  0.1660463E+00
  0.3740000E-01  0.1657260E+00
  0.3745000E-01  0.1649383E+00
  0.3750000E-01  0.1639589E+00
  0.3755000E-01  0.1632496E+00
  0.3760000E-01  0.1628159E+00
  0.3765000E-01  0.1626614E+00
  0.3770000E-01  0.1630222E+00
  0.3775000E-01  0.1635891E+00
  0.3780000E-01  0.1637889E+00
  0.3785000E-01  0.1635070E+00
  0.3790000E-01  0.1629835E+00
  0.3795000E-01  0.1625607E+00
  0.3800000E-01  0.1622564E+00
  0.3805000E-01  0.1619674E+00
  0.3810000E-01  0.1614799E+00
  0.3815000E-01  0.1608074E+00
  0.3820000E-01  0.1602070E+00
  0.3825000E-01  0.1599546E+00
  0.3830000E-01  0.1600255E+00
  0.3835000E-01  0.1600554E+00
  0.3840000E-01  0.1598567E+00
  0.3845000E-01  0.1595966E+00
  0.3850000E-01  0.1595023E+00
  0.3855000E-01  0.1596621E+00
  0.3860000E-01  0.1595484E+00
  0.3865000E-01  0.1589824E+00
  0.3870000E-01  0.1580164E+00
  0.3875000E-01  0.1569292E+00
  0.3880000E-01  0.1562855E+00
  0.3885000E-01  0.1559361E+00
  0.3890000E-01  0.1558418E+00
  0.3895000E-01  0.1558335E+00
  0.3900000E-01  0.1556111E+00
  0.3905000E-01  0.1551884E+00
  0.3910000E-01  0.1547369E+00
  0.3915000E-01  0.1542349E+00
  0.3920000E-01  0.1536204E+00
  0.3925000E-01  0.1532175E+00
  0.3930000E-01  0.1527911E+00
  0.3935000E-01  0.1523447E+00
  0.3940000E-01  0.1521354E+00
  0.3945000E-01  0.1519457E+00
  0.3950000E-01  0.1516692E+00
  0.3955000E-01  0.1514216E+00
  0.3960000E-01  0.1511478E+00
  0.3965000E-01  0.1506774E+00
  0.3970000E-01  0.1500030E+00
  0.3975000E-01  0.1492504E+00
  0.3980000E-01  0.1486774E+00
  0.3985000E-01  0.1482404E+00
  0.3990000E-01  0.1478530E+00
  0.3995000E-01  0.1475771E+00
  0.4000000E-01  0.1473321E+00
  0.4005000E-01  0.1470827E+00
  0.4010000E-01  0.1469000E+00
  0.4015000E-01  0.1466789E+00
  0.4020000E-01  0.1463974E+00
  0.4025000E-01  0.1460821E+00
  0.4030000E-01  0.1457643E+00
  0.4035000E-01  0.1454449E+00
  0.4040000E-01  0.1452388E+00
  0.4045000E-01  0.1452711E+00
  0.4050000E-01  0.1452090E+00
  0.4055000E-01  0.1451164E+00
  0.4060000E-01  0.1449218E+00
  0.4065000E-01  0.1446278E+00
  0.4070000E-01  0.1442971E+00
  0.4075000E-01  0.1440951E+00
  0.4080000E-01  0.1442652E+00
  0.4085000E-01  0.1443575E+00
  0.4090000E-01  0.1439703E+00
  0.4095000E-01  0.1432994E+00
  0.4100000E-01  0.1429267E+00
  0.4105000E-01  0.1428902E+00
  0.4110000E-01  0.1426694E+00
  0.4115000E-01  0.1421990E+00
  0.4120000E-01  0.1417785E+00
  0.4125000E-01  0.1414991E+00
  0.4130000E-01  0.1412942E+00
  0.4135000E-01  0.1412069E+00
  0.4140000E-01  0.1412529E+00
  0.4145000E-01  0.1413141E+00
  0.4150000E-01  0.1413140E+00
  0.4155000E-01  0.1412850E+00
  0.4160000E-01  0.1411207E+00
  0.4165000E-01  0.1407500E+00
  0.4170000E-01  0.1404344E+00
  0.4175000E-01  0.1401831E+00
  0.4180000E-01  0.1399402E+00
  0.4185000E-01  0.1398133E+00
  0.4190000E-01  0.1398992E+00
  0.4195000E-01  0.1398692E+00
  0.4200000E-01  0.1394021E+00
  0.4205000E-01  0.1386853E+00
  0.4210000E-01  0.1382788E+00
  0.4215000E-01  0.1383516E+00
  0.4220000E-01  0.1387015E+00
  0.4225000E-01  0.1390161E+00
  0.4230000E-01  0.1391090E+00
  0.4235000E-01  0.1389744E+00
  0.4240000E-01  0.1386071E+00
  0.4245000E-01  0.1381857E+00
  0.4250000E-01  0.1378812E+00
  0.4255000E-01  0.1376870E+00
  0.4260000E-01  0.1373618E+00
  0.4265000E-01  0.1368913E+00
  0.4270000E-01  0.1362479E+00
  0.4275000E-01  0.1358046E+00
  0.4280000E-01  0.1356145E+00
  0.4285000E-01  0.1355987E+00
  0.4290000E-01  0.1355922E+00
  0.4295000E-01  0.1354894E+00
  0.4300000E-01  0.1356451E+00
  0.4305000E-01  0.1357879E+00
  0.4310000E-01  0.1355866E+00
  0.4315000E-01  0.1351582E+00
  0.4320000E-01  0.1348824E+00
  0.4325000E-01  0.1345938E+00
  0.4330000E-01  0.1340841E+00
  0.4335000E-01  0.1333840E+00
  0.4340000E-01  0.1326509E+00
  0.4345000E-01  0.1319886E+00
  0.4350000E-01  0.1312764E+00
  0.4355000E-01  0.1306331E+00
  0.4360000E-01  0.1301257E+00
  0.4365000E-01  0.1297778E+00
  0.4370000E-01  0.1295902E+00
  0.4375000E-01  0.1294911E+00
  0.4380000E-01  0.1294746E+00
  0.4385000E-01  0.1295638E+00
  0.4390000E-01  0.1297211E+00
  0.4395000E-01  0.1299474E+00
  0.4400000E-01  0.1302564E+00
  0.4405000E-01  0.1306609E+00
  0.4410000E-01  0.1308070E+00
  0.4415000E-01  0.1308489E+00
  0.4420000E-01  0.1306328E+00
  0.4425000E-01  0.1301825E+00
  0.4430000E-01  0.1300977E+00
  0.4435000E-01  0.1300628E+00
  0.4440000E-01  0.1300748E+00
  0.4445000E-01  0.1302588E+00
  0.4450000E-01  0.1304015E+00
  0.4455000E-01  0.1304186E+00
  0.4460000E-01  0.1303584E+00
  0.4465000E-01  0.1300579E+00
  0.4470000E-01  0.1296810E+00
  0.4475000E-01  0.1293600E+00
  0.4480000E-01  0.1292497E+00
  0.4485000E-01  0.1294340E+00
  0.4490000E-01  0.1293239E+00
  0.4495000E-01  0.1288930E+00
  0.4500000E-01  0.1283846E+00
  0.4505000E-01  0.1280441E+00
  0.4510000E-01  0.1279073E+00
  0.4515000E-01  0.1278719E+00
  0.4520000E-01  0.1279735E+00
  0.4525000E-01  0.1279543E+00
  0.4530000E-01  0.1276952E+00
  0.4535000E-01  0.1273844E+00
  0.4540000E-01  0.1271565E+00
  0.4545000E-01  0.1270925E+00
  0.4550000E-01  0.1271228E+00
  0.4555000E-01  0.1269731E+00
  0.4560000E-01  0.1265734E+00
  0.4565000E-01  0.1259477E+00
  0.4570000E-01  0.1251895E+00
  0.4575000E-01  0.1247059E+00
  0.4580000E-01  0.1245593E+00
  0.4585000E-01  0.1245650E+00
  0.4590000E-01  0.1243753E+00
  0.4595000E-01  0.1238360E+00
  0.4600000E-01  0.1234018E+00
  0.4605000E-01  0.1229798E+00
  0.4610000E-01  0.1227765E+00
  0.4615000E-01  0.1228986E+00
  0.4620000E-01  0.1231737E+00
  0.4625000E-01  0.1232456E+00
  0.4630000E-01  0.1229968E+00
  0.4635000E-01  0.1227874E+00
  0.4640000E-01  0.1228092E+00
  0.4645000E-01  0.1227002E+00
  0.4650000E-01  0.1226300E+00
  0.4655000E-01  0.1228334E+00
  0.4660000E-01  0.1231228E+00
  0.4665000E-01  0.1233380E+00
  0.4670000E-01  0.1233725E+00
  0.4675000E-01  0.1231836E+00
  0.4680000E-01  0.1230611E+00
  0.4685000E-01  0.1230579E+00
  0.4690000E-01  0.1230966E+00
  0.4695000E-01  0.1231475E+00
  0.4700000E-01  0.1231613E+00
  0.4705000E-01  0.1233529E+00
  0.4710000E-01  0.1236090E+00
  0.4715000E-01  0.1237608E+00
  0.4720000E-01  0.1238453E+00
  0.4725000E-01  0.1239172E+00
  0.4730000E-01  0.1240232E+00
  0.4735000E-01  0.1239606E+00
  0.4740000E-01  0.1239581E+00
  0.4745000E-01  0.1240690E+00
  0.4750000E-01  0.1240090E+00
  0.4755000E-01  0.1238092E+00
  0.4760000E-01  0.1235839E+00
  0.4765000E-01  0.1230732E+00
  0.4770000E-01  0.1226244E+00
  0.4775000E-01  0.1224924E+00
  0.4780000E-01  0.1223823E+00
  0.4785000E-01  0.1221612E+00
  0.4790000E-01  0.1220568E+00
  0.4795000E-01  0.1220595E+00
  0.4800000E-01  0.1220016E+00
  0.4805000E-01  0.1219968E+00
  0.4810000E-01  0.1219990E+00
  0.4815000E-01  0.1219392E+00
  0.4820000E-01  0.1216298E+00
  0.4825000E-01  0.1211942E+00
  0.4830000E-01  0.1209940E+00
  0.4835000E-01  0.1208981E+00
  0.4840000E-01  0.1208011E+00
  0.4845000E-01  0.1207993E+00
  0.4850000E-01  0.1207153E+00
  0.4855000E-01  0.1204882E+00
  0.4860000E-01  0.1202261E+00
  0.4865000E-01  0.1201244E+00
  0.4870000E-01  0.1201047E+00
  0.4875000E-01  0.1198684E+00
  0.4880000E-01  0.1196090E+00
  0.4885000E-01  0.1197629E+00
  0.4890000E-01  0.1200396E+00
  0.4895000E-01  0.1199476E+00
  0.4900000E-01  0.1197525E+00
  0.4905000E-01  0.1196908E+00
  0.4910000E-01  0.1195390E+00
  0.4915000E-01  0.1193359E+00
  0.4920000E-01  0.1193706E+00
  0.4925000E-01  0.1193155E+00
  0.4930000E-01  0.1190370E+00
  0.4935000E-01  0.1187333E+00
  0.4940000E-01  0.1183367E+00
  0.4945000E-01  0.1180620E+00
  0.4950000E-01  0.1181469E+00
  0.4955000E-01  0.1183980E+00
  0.4960000E-01  0.1185017E+00
  0.4965000E-01  0.1184851E+00
  0.4970000E-01  0.1183572E+00
  0.4975000E-01  0.1180964E+00
  0.4980000E-01  0.1177775E+00
  0.4985000E-01  0.1178116E+00
  0.4990000E-01  0.1179471E+00
  0.4995000E-01  0.1179683E+00
  0.5000000E-01  0.1178861E+00
  0.5005000E-01  0.1177388E+00
  0.5010000E-01  0.1177374E+00
  0.5015000E-01  0.1177098E+00
  0.5020000E-01  0.1177128E+00
  0.5025000E-01  0.1178670E+00
  0.5030000E-01  0.1180602E+00
  0.5035000E-01  0.1183485E+00
  0.5040000E-01  0.1188201E+00
  0.5045000E-01  0.1192185E+00
  0.5050000E-01  0.1193476E+00
  0.5055000E-01  0.1194714E+00
  0.5060000E-01  0.1198690E+00
  0.5065000E-01  0.1203899E+00
  0.5070000E-01  0.1208632E+00
  0.5075000E-01  0.1210996E+00
  0.5080000E-01  0.1210366E+00
  0.5085000E-01  0.1207761E+00
  0.5090000E-01  0.1205296E+00
  0.5095000E-01  0.1204422E+00
  0.5100000E-01  0.1204852E+00
  0.5105000E-01  0.1204489E+00
  0.5110000E-01  0.1202651E+00
  0.5115000E-01  0.1204560E+00
  0.5120000E-01  0.1207457E+00
  0.5125000E-01  0.1208365E+00
  0.5130000E-01  0.1206697E+00
  0.5135000E-01  0.1204207E+00
  0.5140000E-01  0.1203481E+00
  0.5145000E-01  0.1204345E+00
  0.5150000E-01  0.1205436E+00
  0.5155000E-01  0.1205524E+00
  0.5160000E-01  0.1204678E+00
  0.5165000E-01  0.1205273E+00
  0.5170000E-01  0.1206402E+00
  0.5175000E-01  0.1205745E+00
  0.5180000E-01  0.1204176E+00
  0.5185000E-01  0.1202844E+00
  0.5190000E-01  0.1202616E+00
  0.5195000E-01  0.1204042E+00
  0.5200000E-01  0.1204443E+00
  0.5205000E-01  0.1203272E+00
  0.5210000E-01  0.1202031E+00
  0.5215000E-01  0.1199994E+00
  0.5220000E-01  0.1197954E+00
  0.5225000E-01  0.1197422E+00
  0.5230000E-01  0.1198207E+00
  0.5235000E-01  0.1199232E+00
  0.5240000E-01  0.1200919E+00
  0.5245000E-01  0.1202615E+00
  0.5250000E-01  0.1203561E+00
  0.5255000E-01  0.1203878E+00
  0.5260000E-01  0.1205254E+00
  0.5265000E-01  0.1210755E+00
  0.5270000E-01  0.1219566E+00
  0.5275000E-01  0.1227759E+00
  0.5280000E-01  0.1231004E+00
  0.5285000E-01  0.1228468E+00
  0.5290000E-01  0.1226403E+00
  0.5295000E-01  0.1226436E+00
  0.5300000E-01  0.1223729E+00
  0.5305000E-01  0.1220711E+00
  0.5310000E-01  0.1218554E+00
  0.5315000E-01  0.1215492E+00
  0.5320000E-01  0.1214342E+00
  0.5325000E-01  0.1215752E+00
  0.5330000E-01  0.1218561E+00
  0.5335000E-01  0.1220416E+00
  0.5340000E-01  0.1221102E+00
  0.5345000E-01  0.1221604E+00
  0.5350000E-01  0.1220740E+00
  0.5355000E-01  0.1218967E+00
  0.5360000E-01  0.1216802E+00
  0.5365000E-01  0.1216583E+00
  0.5370000E-01  0.1217774E+00
  0.5375000E-01  0.1218343E+00
  0.5380000E-01  0.1218610E+00
  0.5385000E-01  0.1221597E+00
  0.5390000E-01  0.1225029E+00
  0.5395000E-01  0.1224178E+00
  0.5400000E-01  0.1222854E+00
  0.5405000E-01  0.1223057E+00
  0.5410000E-01  0.1223475E+00
  0.5415000E-01  0.1223708E+00
  0.5420000E-01  0.1224290E+00
  0.5425000E-01  0.1225112E+00
  0.5430000E-01  0.1226127E+00
  0.5435000E-01  0.1228165E+00
  0.5440000E-01  0.1229159E+00
  0.5445000E-01  0.1228999E+00
  0.5450000E-01  0.1229327E+00
  0.5455000E-01  0.1227704E+00
  0.5460000E-01  0.1225311E+00
  0.5465000E-01  0.1226549E+00
  0.5470000E-01  0.1229143E+00
  0.5475000E-01  0.1229827E+00
  0.5480000E-01  0.1229784E+00
  0.5485000E-01  0.1231517E+00
  0.5490000E-01  0.1235575E+00
  0.5495000E-01  0.1239320E+00
  0.5500000E-01  0.1241134E+00
  0.5505000E-01  0.1242791E+00
  0.5510000E-01  0.1245458E+00
  0.5515000E-01  0.1249353E+00
  0.5520000E-01  0.1252208E+00
  0.5525000E-01  0.1253038E+00
  0.5530000E-01  0.1253270E+00
  0.5535000E-01  0.1256541E+00
  0.5540000E-01  0.1263243E+00
  0.5545000E-01  0.1267281E+00
  0.5550000E-01  0.1267395E+00
  0.5555000E-01  0.1266664E+00
  0.5560000E-01  0.1265164E+00
  0.5565000E-01  0.1262643E+00
  0.5570000E-01  0.1260688E+00
  0.5575000E-01  0.1260661E+00
  0.5580000E-01  0.1264253E+00
  0.5585000E-01  0.1269214E+00
  0.5590000E-01  0.1272966E+00
  0.5595000E-01  0.1277829E+00
  0.5600000E-01  0.1283540E+00
  0.5605000E-01  0.1289775E+00
  0.5610000E-01  0.1293212E+00
  0.5615000E-01  0.1293903E+00
  0.5620000E-01  0.1294998E+00
  0.5625000E-01  0.1298707E+00
  0.5630000E-01  0.1303304E+00
  0.5635000E-01  0.1305352E+00
  0.5640000E-01  0.1306600E+00
  0.5645000E-01  0.1307567E+00
  0.5650000E-01  0.1306621E+00
  0.5655000E-01  0.1304876E+00
  0.5660000E-01  0.1303362E+00
  0.5665000E-01  0.1303010E+00
  0.5670000E-01  0.1303323E+00
  0.5675000E-01  0.1303404E+00
  0.5680000E-01  0.1305061E+00
  0.5685000E-01  0.1308612E+00
  0.5690000E-01  0.1310792E+00
  0.5695000E-01  0.1312966E+00
  0.5700000E-01  0.1317309E+00
  0.5705000E-01  0.1323240E+00
  0.5710000E-01  0.1326903E+00
  0.5715000E-01  0.1326762E+00
  0.5720000E-01  0.1326027E+00
  0.5725000E-01  0.1327627E+00
  0.5730000E-01  0.1330334E+00
  0.5735000E-01  0.1333448E+00
  0.5740000E-01  0.1338005E+00
  0.5745000E-01  0.1343411E+00
  0.5750000E-01  0.1347419E+00
  0.5755000E-01  0.1348957E+00
  0.5760000E-01  0.1348153E+00
  0.5765000E-01  0.1347098E+00
  0.5770000E-01  0.1347525E+00
  0.5775000E-01  0.1350381E+00
  0.5780000E-01  0.1354071E+00
  0.5785000E-01  0.1356316E+00
  0.5790000E-01  0.1357383E+00
  0.5795000E-01  0.1357870E+00
  0.5800000E-01  0.1358303E+00
  0.5805000E-01  0.1360804E+00
  0.5810000E-01  0.1366779E+00
  0.5815000E-01  0.1372373E+00
  0.5820000E-01  0.1375996E+00
  0.5825000E-01  0.1379887E+00
  0.5830000E-01  0.1384307E+00
  0.5835000E-01  0.1386195E+00
  0.5840000E-01  0.1385595E+00
  0.5845000E-01  0.1385198E+00
  0.5850000E-01  0.1387849E+00
  0.5855000E-01  0.1393034E+00
  0.5860000E-01  0.1398435E+00
  0.5865000E-01  0.1402097E+00
  0.5870000E-01  0.1403003E+00
  0.5875000E-01  0.1403772E+00
  0.5880000E-01  0.1404708E+00
  0.5885000E-01  0.1405089E+00
  0.5890000E-01  0.1405201E+00
  0.5895000E-01  0.1406526E+00
  0.5900000E-01  0.1409613E+00
  0.5905000E-01  0.1410883E+00
  0.5910000E-01  0.1410027E+00
  0.5915000E-01  0.1410525E+00
  0.5920000E-01  0.1412968E+00
  0.5925000E-01  0.1415616E+00
  0.5930000E-01  0.1416694E+00
  0.5935000E-01  0.1417567E+00
  0.5940000E-01  0.1418478E+00
  0.5945000E-01  0.1418386E+00
  0.5950000E-01  0.1420960E+00
  0.5955000E-01  0.1427867E+00
  0.5960000E-01  0.1435878E+00
  0.5965000E-01  0.1441918E+00
  0.5970000E-01  0.1447990E+00
  0.5975000E-01  0.1453407E+00
  0.5980000E-01  0.1456315E+00
  0.5985000E-01  0.1459601E+00
  0.5990000E-01  0.1463757E+00
  0.5995000E-01  0.1466058E+00
  0.6000000E-01  0.1465579E+00
  0.6005000E-01  0.1463666E+00
  0.6010000E-01  0.1462008E+00
  0.6015000E-01  0.1461199E+00
  0.6020000E-01  0.1463135E+00
  0.6025000E-01  0.1467999E+00
  0.6030000E-01  0.1472899E+00
  0.6035000E-01  0.1476302E+00
  0.6040000E-01  0.1478555E+00
  0.6045000E-01  0.1480632E+00
  0.6050000E-01  0.1483123E+00
  0.6055000E-01  0.1485853E+00
  0.6060000E-01  0.1488447E+00
  0.6065000E-01  0.1491160E+00
  0.6070000E-01  0.1493387E+00
  0.6075000E-01  0.1495656E+00
  0.6080000E-01  0.1499867E+00
  0.6085000E-01  0.1506835E+00
  0.6090000E-01  0.1514611E+00
  0.6095000E-01  0.1519060E+00
  0.6100000E-01  0.1521474E+00
  0.6105000E-01  0.1522877E+00
  0.6110000E-01  0.1524267E+00
  0.6115000E-01  0.1526671E+00
  0.6120000E-01  0.1528645E+00
  0.6125000E-01  0.1529259E+00
  0.6130000E-01  0.1529659E+00
  0.6135000E-01  0.1531693E+00
  0.6140000E-01  0.1534843E+00
  0.6145000E-01  0.1538113E+00
  0.6150000E-01  0.1543212E+00
  0.6155000E-01  0.1550917E+00
  0.6160000E-01  0.1558252E+00
  0.6165000E-01  0.1563502E+00
  0.6170000E-01  0.1567769E+00
  0.6175000E-01  0.1569900E+00
  0.6180000E-01  0.1570207E+00
  0.6185000E-01  0.1570428E+00
  0.6190000E-01  0.1570289E+00
  0.6195000E-01  0.1571746E+00
  0.6200000E-01  0.1574239E+00
  0.6205000E-01  0.1578713E+00
  0.6210000E-01  0.1585209E+00
  0.6215000E-01  0.1590076E+00
  0.6220000E-01  0.1592437E+00
  0.6225000E-01  0.1595317E+00
  0.6230000E-01  0.1599463E+00
  0.6235000E-01  0.1604623E+00
  0.6240000E-01  0.1611329E+00
  0.6245000E-01  0.1617613E+00
  0.6250000E-01  0.1624923E+00
  0.6255000E-01  0.1631864E+00
  0.6260000E-01  0.1637086E+00
  0.6265000E-01  0.1640507E+00
  0.6270000E-01  0.1641479E+00
  0.6275000E-01  0.1642891E+00
  0.6280000E-01  0.1643157E+00
  0.6285000E-01  0.1644235E+00
  0.6290000E-01  0.1647071E+00
  0.6295000E-01  0.1655128E+00
  0.6300000E-01  0.1666562E+00
  0.6305000E-01  0.1676128E+00
  0.6310000E-01  0.1683763E+00
  0.6315000E-01  0.1687579E+00
  0.6320000E-01  0.1693748E+00
  0.6325000E-01  0.1701700E+00
  0.6330000E-01  0.1707489E+00
  0.6335000E-01  0.1709396E+00
  0.6340000E-01  0.1707018E+00
  0.6345000E-01  0.1703039E+00
  0.6350000E-01  0.1699900E+00
  0.6355000E-01  0.1701036E+00
  0.6360000E-01  0.1705893E+00
  0.6365000E-01  0.1710776E+00
  0.6370000E-01  0.1715484E+00
  0.6375000E-01  0.1720426E+00
  0.6380000E-01  0.1727413E+00
  0.6385000E-01  0.1735109E+00
  0.6390000E-01  0.1742900E+00
  0.6395000E-01  0.1751000E+00
  0.6400000E-01  0.1756731E+00
  0.6405000E-01  0.1760022E+00
  0.6410000E-01  0.1762617E+00
  0.6415000E-01  0.1766114E+00
  0.6420000E-01  0.1770359E+00
  0.6425000E-01  0.1776234E+00
  0.6430000E-01  0.1783822E+00
  0.6435000E-01  0.1791006E+00
  0.6440000E-01  0.1797425E+00
  0.6445000E-01  0.1802448E+00
  0.6450000E-01  0.1806666E+00
  0.6455000E-01  0.1809820E+00
  0.6460000E-01  0.1810368E+00
  0.6465000E-01  0.1807020E+00
  0.6470000E-01  0.1807086E+00
  0.6475000E-01  0.1812895E+00
  0.6480000E-01  0.1820888E+00
  0.6485000E-01  0.1828187E+00
  0.6490000E-01  0.1834321E+00
  0.6495000E-01  0.1840062E+00
  0.6500000E-01  0.1843778E+00
  0.6505000E-01  0.1843810E+00
  0.6510000E-01  0.1842866E+00
  0.6515000E-01  0.1843012E+00
  0.6520000E-01  0.1845480E+00
  0.6525000E-01  0.1849364E+00
  0.6530000E-01  0.1853947E+00
  0.6535000E-01  0.1860075E+00
  0.6540000E-01  0.1867464E+00
  0.6545000E-01  0.1873595E+00
  0.6550000E-01  0.1876867E+00
  0.6555000E-01  0.1877883E+00
  0.6560000E-01  0.1879393E+00
  0.6565000E-01  0.1882637E+00
  0.6570000E-01  0.1888515E+00
  0.6575000E-01  0.1893739E+00
  0.6580000E-01  0.1898636E+00
  0.6585000E-01  0.1904219E+00
  0.6590000E-01  0.1909374E+00
  0.6595000E-01  0.1914197E+00
  0.6600000E-01  0.1921287E+00
  0.6605000E-01  0.1927443E+00
  0.6610000E-01  0.1930497E+00
  0.6615000E-01  0.1935358E+00
  0.6620000E-01  0.1942526E+00
  0.6625000E-01  0.1948918E+00
  0.6630000E-01  0.1953939E+00
  0.6635000E-01  0.1958836E+00
  0.6640000E-01  0.1965355E+00
  0.6645000E-01  0.1972952E+00
  0.6650000E-01  0.1977488E+00
  0.6655000E-01  0.1981843E+00
  0.6660000E-01  0.1990770E+00
  0.6665000E-01  0.1998637E+00
  0.6670000E-01  0.2005549E+00
  0.6675000E-01  0.2015311E+00
  0.6680000E-01  0.2025736E+00
  0.6685000E-01  0.2033393E+00
  0.6690000E-01  0.2039010E+00
  0.6695000E-01  0.2046604E+00
  0.6700000E-01  0.2051812E+00
  0.6705000E-01  0.2054555E+00
  0.6710000E-01  0.2057909E+00
  0.6715000E-01  0.2062971E+00
  0.6720000E-01  0.2071304E+00
  0.6725000E-01  0.2081365E+00
  0.6730000E-01  0.2091763E+00
  0.6735000E-01  0.2100834E+00
  0.6740000E-01  0.2105859E+00
  0.6745000E-01  0.2110135E+00
  0.6750000E-01  0.2118535E+00
  0.6755000E-01  0.2128477E+00
  0.6760000E-01  0.2138059E+00
  0.6765000E-01  0.2146497E+00
  0.6770000E-01  0.2152712E+00
  0.6775000E-01  0.2157670E+00
  0.6780000E-01  0.2163651E+00
  0.6785000E-01  0.2170546E+00
  0.6790000E-01  0.2175580E+00
  0.6795000E-01  0.2178076E+00
  0.6800000E-01  0.2180106E+00
  0.6805000E-01  0.2180757E+00
  0.6810000E-01  0.2175850E+00
  0.6815000E-01  0.2168803E+00
  0.6820000E-01  0.2165972E+00
  0.6825000E-01  0.2166982E+00
  0.6830000E-01  0.2170367E+00
  0.6835000E-01  0.2177367E+00
  0.6840000E-01  0.2185818E+00
  0.6845000E-01  0.2194102E+00
  0.6850000E-01  0.2203848E+00
  0.6855000E-01  0.2213847E+00
  0.6860000E-01  0.2221397E+00
  0.6865000E-01  0.2227733E+00
  0.6870000E-01  0.2234566E+00
  0.6875000E-01  0.2243895E+00
  0.6880000E-01  0.2253629E+00
  0.6885000E-01  0.2261027E+00
  0.6890000E-01  0.2267186E+00
  0.6895000E-01  0.2274510E+00
  0.6900000E-01  0.2282949E+00
  0.6905000E-01  0.2291867E+00
  0.6910000E-01  0.2303275E+00
  0.6915000E-01  0.2317622E+00
  0.6920000E-01  0.2330465E+00
  0.6925000E-01  0.2341949E+00
  0.6930000E-01  0.2354850E+00
  0.6935000E-01  0.2364349E+00
  0.6940000E-01  0.2369659E+00
  0.6945000E-01  0.2374945E+00
  0.6950000E-01  0.2376518E+00
  0.6955000E-01  0.2373373E+00
  0.6960000E-01  0.2370624E+00
  0.6965000E-01  0.2368344E+00
  0.6970000E-01  0.2367241E+00
  0.6975000E-01  0.2368336E+00
  0.6980000E-01  0.2375033E+00
  0.6985000E-01  0.2385681E+00
  0.6990000E-01  0.2398577E+00
  0.6995000E-01  0.2412568E+00
  0.7000000E-01  0.2422929E+00
  0.7005000E-01  0.2432056E+00
  0.7010000E-01  0.2439890E+00
  0.7015000E-01  0.2445503E+00
  0.7020000E-01  0.2452686E+00
  0.7025000E-01  0.2459376E+00
  0.7030000E-01  0.2468596E+00
  0.7035000E-01  0.2479957E+00
  0.7040000E-01  0.2483794E+00
  0.7045000E-01  0.2482840E+00
  0.7050000E-01  0.2487588E+00
  0.7055000E-01  0.2496156E+00
  0.7060000E-01  0.2500177E+00
  0.7065000E-01  0.2498420E+00
  0.7070000E-01  0.2499776E+00
  0.7075000E-01  0.2508350E+00
  0.7080000E-01  0.2521649E+00
  0.7085000E-01  0.2530151E+00
  0.7090000E-01  0.2535204E+00
  0.7095000E-01  0.2539807E+00
  0.7100000E-01  0.2542786E+00
  0.7105000E-01  0.2544003E+00
  0.7110000E-01  0.2548439E+00
  0.7115000E-01  0.2556331E+00
  0.7120000E-01  0.2561270E+00
  0.7125000E-01  0.2566040E+00
  0.7130000E-01  0.2572197E+00
  0.7135000E-01  0.2578370E+00
  0.7140000E-01  0.2583804E+00
  0.7145000E-01  0.2590897E+00
  0.7150000E-01  0.2599698E+00
  0.7155000E-01  0.2610758E+00
  0.7160000E-01  0.2621944E+00
  0.7165000E-01  0.2634048E+00
  0.7170000E-01  0.2647776E+00
  0.7175000E-01  0.2663804E+00
  0.7180000E-01  0.2677547E+00
  0.7185000E-01  0.2687926E+00
  0.7190000E-01  0.2695466E+00
  0.7195000E-01  0.2703330E+00
  0.7200000E-01  0.2715671E+00
  0.7205000E-01  0.2728342E+00
  0.7210000E-01  0.2739988E+00
  0.7215000E-01  0.2753651E+00
  0.7220000E-01  0.2767402E+00
  0.7225000E-01  0.2773837E+00
  0.7230000E-01  0.2776336E+00
  0.7235000E-01  0.2777193E+00
  0.7240000E-01  0.2781344E+00
  0.7245000E-01  0.2789303E+00
  0.7250000E-01  0.2794015E+00
  0.7255000E-01  0.2793644E+00
  0.7260000E-01  0.2797461E+00
  0.7265000E-01  0.2806773E+00
  0.7270000E-01  0.2817626E+00
  0.7275000E-01  0.2825607E+00
  0.7280000E-01  0.2829603E+00
  0.7285000E-01  0.2835839E+00
  0.7290000E-01  0.2845014E+00
  0.7295000E-01  0.2852052E+00
  0.7300000E-01  0.2855657E+00
  0.7305000E-01  0.2855659E+00
  0.7310000E-01  0.2859704E+00
  0.7315000E-01  0.2866356E+00
  0.7320000E-01  0.2874833E+00
  0.7325000E-01  0.2887766E+00
  0.7330000E-01  0.2899826E+00
  0.7335000E-01  0.2908774E+00
  0.7340000E-01  0.2916277E+00
  0.7345000E-01  0.2922739E+00
  0.7350000E-01  0.2931374E+00
  0.7355000E-01  0.2943347E+00
  0.7360000E-01  0.2953611E+00
  0.7365000E-01  0.2961410E+00
  0.7370000E-01  0.2971158E+00
  0.7375000E-01  0.2982327E+00
  0.7380000E-01  0.2992673E+00
  0.7385000E-01  0.3001516E+00
  0.7390000E-01  0.3009531E+00
  0.7395000E-01  0.3017498E+00
  0.7400000E-01  0.3022897E+00
  0.7405000E-01  0.3029960E+00
  0.7410000E-01  0.3040303E+00
  0.7415000E-01  0.3052305E+00
  0.7420000E-01  0.3063516E+00
  0.7425000E-01  0.3073063E+00
  0.7430000E-01  0.3085623E+00
  0.7435000E-01  0.3100261E+00
  0.7440000E-01  0.3111715E+00
  0.7445000E-01  0.3121194E+00
  0.7450000E-01  0.3127248E+00
  0.7455000E-01  0.3129184E+00
  0.7460000E-01  0.3133233E+00
  0.7465000E-01  0.3138501E+00
  0.7470000E-01  0.3146019E+00
  0.7475000E-01  0.3157097E+00
  0.7480000E-01  0.3169541E+00
  0.7485000E-01  0.3185100E+00
  0.7490000E-01  0.3197706E+00
  0.7495000E-01  0.3205747E+00
  0.7500000E-01  0.3211606E+00
  0.7505000E-01  0.3224665E+00
  0.7510000E-01  0.3239560E+00
  0.7515000E-01  0.3244965E+00
  0.7520000E-01  0.3247227E+00
  0.7525000E-01  0.3255962E+00
  0.7530000E-01  0.3269094E+00
  0.7535000E-01  0.3284297E+00
  0.7540000E-01  0.3301106E+00
  0.7545000E-01  0.3319561E+00
  0.7550000E-01  0.3342097E+00
  0.7555000E-01  0.3357641E+00
  0.7560000E-01  0.3362954E+00
  0.7565000E-01  0.3368291E+00
  0.7570000E-01  0.3375578E+00
  0.7575000E-01  0.3381771E+00
  0.7580000E-01  0.3392372E+00
  0.7585000E-01  0.3405789E+00
  0.7590000E-01  0.3416437E+00
  0.7595000E-01  0.3429713E+00
  0.7600000E-01  0.3448183E+00
  0.7605000E-01  0.3467244E+00
  0.7610000E-01  0.3482714E+00
  0.7615000E-01  0.3493407E+00
  0.7620000E-01  0.3502468E+00
  0.7625000E-01  0.3513861E+00
  0.7630000E-01  0.3526975E+00
  0.7635000E-01  0.3540101E+00
  0.7640000E-01  0.3554209E+00
  0.7645000E-01  0.3566760E+00
  0.7650000E-01  0.3579303E+00
  0.7655000E-01  0.3593304E+00
  0.7660000E-01  0.3608159E+00
  0.7665000E-01  0.3621070E+00
  0.7670000E-01  0.3629721E+00
  0.7675000E-01  0.3635102E+00
  0.7680000E-01  0.3641529E+00
  0.7685000E-01  0.3651970E+00
  0.7690000E-01  0.3666542E+00
  0.7695000E-01  0.3684307E+00
  0.7700000E-01  0.3697065E+00
  0.7705000E-01  0.3705348E+00
  0.7710000E-01  0.3714663E+00
  0.7715000E-01  0.3725653E+00
  0.7720000E-01  0.3737436E+00
  0.7725000E-01  0.3747209E+00
  0.7730000E-01  0.3751765E+00
  0.7735000E-01  0.3755381E+00
  0.7740000E-01  0.3760716E+00
  0.7745000E-01  0.3768881E+00
  0.7750000E-01  0.3775771E+00
  0.7755000E-01  0.3786328E+00
  0.7760000E-01  0.3801939E+00
  0.7765000E-01  0.3822779E+00
  0.7770000E-01  0.3843583E+00
  0.7775000E-01  0.3862378E+00
  0.7780000E-01  0.3877832E+00
  0.7785000E-01  0.3884306E+00
  0.7790000E-01  0.3885914E+00
  0.7795000E-01  0.3891950E+00
  0.7800000E-01  0.3902080E+00
  0.7805000E-01  0.3918485E+00
  0.7810000E-01  0.3938505E+00
  0.7815000E-01  0.3954459E+00
  0.7820000E-01  0.3964313E+00
  0.7825000E-01  0.3973182E+00
  0.7830000E-01  0.3986672E+00
  0.7835000E-01  0.4004997E+00
  0.7840000E-01  0.4028363E+00
  0.7845000E-01  0.4052215E+00
  0.7850000E-01  0.4077688E+00
  0.7855000E-01  0.4103045E+00
  0.7860000E-01  0.4116110E+00
  0.7865000E-01  0.4127465E+00
  0.7870000E-01  0.4141539E+00
  0.7875000E-01  0.4154358E+00
  0.7880000E-01  0.4164067E+00
  0.7885000E-01  0.4173500E+00
  0.7890000E-01  0.4189366E+00
  0.7895000E-01  0.4212146E+00
  0.7900000E-01  0.4236452E+00
  0.7905000E-01  0.4257717E+00
  0.7910000E-01  0.4275379E+00
  0.7915000E-01  0.4288744E+00
  0.7920000E-01  0.4297769E+00
  0.7925000E-01  0.4311757E+00
  0.7930000E-01  0.4330155E+00
  0.7935000E-01  0.4349421E+00
  0.7940000E-01  0.4367209E+00
  0.7945000E-01  0.4382328E+00
  0.7950000E-01  0.4390398E+00
  0.7955000E-01  0.4394411E+00
  0.7960000E-01  0.4402084E+00
  0.7965000E-01  0.4413545E+00
  0.7970000E-01  0.4428048E+00
  0.7975000E-01  0.4438950E+00
  0.7980000E-01  0.4450000E+00
  0.7985000E-01  0.4465375E+00
  0.7990000E-01  0.4483218E+00
  0.7995000E-01  0.4498044E+00
  0.8000000E-01  0.4512284E+00
  0.8005000E-01  0.4535051E+00
  0.8010000E-01  0.4559311E+00
  0.8015000E-01  0.4576999E+00
  0.8020000E-01  0.4589046E+00
  0.8025000E-01  0.4605170E+00
  0.8030000E-01  0.4625394E+00
  0.8035000E-01  0.4646757E+00
  0.8040000E-01  0.4669420E+00
  0.8045000E-01  0.4684680E+00
  0.8050000E-01  0.4695800E+00
  0.8055000E-01  0.4708787E+00
  0.8060000E-01  0.4731390E+00
  0.8065000E-01  0.4760829E+00
  0.8070000E-01  0.4787189E+00
  0.8075000E-01  0.4812153E+00
  0.8080000E-01  0.4839180E+00
  0.8085000E-01  0.4863956E+00
  0.8090000E-01  0.4881974E+00
  0.8095000E-01  0.4898892E+00
  0.8100000E-01  0.4915565E+00
  0.8105000E-01  0.4931085E+00
  0.8110000E-01  0.4952632E+00
  0.8115000E-01  0.4974326E+00
  0.8120000E-01  0.4991146E+00
  0.8125000E-01  0.5005400E+00
  0.8130000E-01  0.5014480E+00
  0.8135000E-01  0.5027304E+00
  0.8140000E-01  0.5050547E+00
  0.8145000E-01  0.5082651E+00
  0.8150000E-01  0.5114140E+00
  0.8155000E-01  0.5135929E+00
  0.8160000E-01  0.5153397E+00
  0.8165000E-01  0.5175295E+00
  0.8170000E-01  0.5202213E+00
  0.8175000E-01  0.5229417E+00
  0.8180000E-01  0.5250310E+00
  0.8185000E-01  0.5268462E+00
  0.8190000E-01  0.5291799E+00
  0.8195000E-01  0.5314473E+00
  0.8200000E-01  0.5340828E+00
  0.8205000E-01  0.5373304E+00
  0.8210000E-01  0.5405491E+00
  0.8215000E-01  0.5423655E+00
  0.8220000E-01  0.5425506E+00
  0.8225000E-01  0.5428335E+00
  0.8230000E-01  0.5444970E+00
  0.8235000E-01  0.5467428E+00
  0.8240000E-01  0.5495541E+00
  0.8245000E-01  0.5526198E+00
  0.8250000E-01  0.5549510E+00
  0.8255000E-01  0.5574796E+00
  0.8260000E-01  0.5604961E+00
  0.8265000E-01  0.5632080E+00
  0.8270000E-01  0.5656792E+00
  0.8275000E-01  0.5679273E+00
  0.8280000E-01  0.5695585E+00
  0.8285000E-01  0.5715296E+00
  0.8290000E-01  0.5744888E+00
  0.8295000E-01  0.5781893E+00
  0.8300000E-01  0.5810905E+00
  0.8305000E-01  0.5828276E+00
  0.8310000E-01  0.5847362E+00
  0.8315000E-01  0.5874075E+00
  0.8320000E-01  0.5899239E+00
  0.8325000E-01  0.5926359E+00
  0.8330000E-01  0.5960384E+00
  0.8335000E-01  0.5996517E+00
  0.8340000E-01  0.6028286E+00
  0.8345000E-01  0.6053969E+00
  0.8350000E-01  0.6078963E+00
  0.8355000E-01  0.6095564E+00
  0.8360000E-01  0.6111551E+00
  0.8365000E-01  0.6141232E+00
  0.8370000E-01  0.6180935E+00
  0.8375000E-01  0.6223009E+00
  0.8380000E-01  0.6258792E+00
  0.8385000E-01  0.6292132E+00
  0.8390000E-01  0.6321177E+00
  0.8395000E-01  0.6348207E+00
  0.8400000E-01  0.6371048E+00
  0.8405000E-01  0.6388473E+00
  0.8410000E-01  0.6410069E+00
  0.8415000E-01  0.6435947E+00
  0.8420000E-01  0.6457835E+00
  0.8425000E-01  0.6480877E+00
  0.8430000E-01  0.6495933E+00
  0.8435000E-01  0.6500176E+00
  0.8440000E-01  0.6506637E+00
  0.8445000E-01  0.6524966E+00
  0.8450000E-01  0.6549751E+00
  0.8455000E-01  0.6579888E+00
  0.8460000E-01  0.6622233E+00
  0.8465000E-01  0.6667798E+00
  0.8470000E-01  0.6698411E+00
  0.8475000E-01  0.6710108E+00
  0.8480000E-01  0.6712112E+00
  0.8485000E-01  0.6724231E+00
  0.8490000E-01  0.6765925E+00
  0.8495000E-01  0.6823142E+00
  0.8500000E-01  0.6870503E+00
  0.8505000E-01  0.6900362E+00
  0.8510000E-01  0.6928616E+00
  0.8515000E-01  0.6969372E+00
  0.8520000E-01  0.7017675E+00
  0.8525000E-01  0.7054357E+00
  0.8530000E-01  0.7086625E+00
  0.8535000E-01  0.7122710E+00
  0.8540000E-01  0.7159534E+00
  0.8545000E-01  0.7187267E+00
  0.8550000E-01  0.7211662E+00
  0.8555000E-01  0.7246040E+00
  0.8560000E-01  0.7282076E+00
  0.8565000E-01  0.7324524E+00
  0.8570000E-01  0.7376378E+00
  0.8575000E-01  0.7424138E+00
  0.8580000E-01  0.7460918E+00
  0.8585000E-01  0.7495741E+00
  0.8590000E-01  0.7530185E+00
  0.8595000E-01  0.7566360E+00
  0.8600000E-01  0.7604296E+00
  0.8605000E-01  0.7637310E+00
  0.8610000E-01  0.7666268E+00
  0.8615000E-01  0.7709631E+00
  0.8620000E-01  0.7758901E+00
  0.8625000E-01  0.7797903E+00
  0.8630000E-01  0.7827823E+00
  0.8635000E-01  0.7851724E+00
  0.8640000E-01  0.7885467E+00
  0.8645000E-01  0.7935818E+00
  0.8650000E-01  0.7997270E+00
  0.8655000E-01  0.8059201E+00
  0.8660000E-01  0.8109159E+00
  0.8665000E-01  0.8155320E+00
  0.8670000E-01  0.8197341E+00
  0.8675000E-01  0.8231628E+00
  0.8680000E-01  0.8266796E+00
  0.8685000E-01  0.8311190E+00
  0.8690000E-01  0.8364097E+00
  0.8695000E-01  0.8426252E+00
  0.8700000E-01  0.8475870E+00
  0.8705000E-01  0.8506461E+00
  0.8710000E-01  0.8530508E+00
  0.8715000E-01  0.8561224E+00
  0.8720000E-01  0.8590888E+00
  0.8725000E-01  0.8617565E+00
  0.8730000E-01  0.8657254E+00
  0.8735000E-01  0.8711098E+00
  0.8740000E-01  0.8770208E+00
  0.8745000E-01  0.8818675E+00
  0.8750000E-01  0.8864546E+00
  0.8755000E-01  0.8919228E+00
  0.8760000E-01  0.8975396E+00
  0.8765000E-01  0.9022082E+00
  0.8770000E-01  0.9071931E+00
  0.8775000E-01  0.9125307E+00
  0.8780000E-01  0.9167226E+00
  0.8785000E-01  0.9199443E+00
  0.8790000E-01  0.9236297E+00
  0.8795000E-01  0.9274610E+00
  0.8800000E-01  0.9308714E+00
  0.8805000E-01  0.9348938E+00
  0.8810000E-01  0.9396902E+00
  0.8815000E-01  0.9449444E+00
  0.8820000E-01  0.9508411E+00
  0.8825000E-01  0.9566332E+00
  0.8830000E-01  0.9624666E+00
  0.8835000E-01  0.9681719E+00
  0.8840000E-01  0.9742668E+00
  0.8845000E-01  0.9813049E+00
  0.8850000E-01  0.9887149E+00
  0.8855000E-01  0.9952240E+00
  0.8860000E-01  0.1001323E+01
  0.8865000E-01  0.1007253E+01
  0.8870000E-01  0.1012928E+01
  0.8875000E-01  0.1019163E+01
  0.8880000E-01  0.1025989E+01
  0.8885000E-01  0.1032525E+01
  0.8890000E-01  0.1039096E+01
  0.8895000E-01  0.1045646E+01
  0.8900000E-01  0.1052143E+01
  0.8905000E-01  0.1058995E+01
  0.8910000E-01  0.1065229E+01
  0.8915000E-01  0.1070946E+01
  0.8920000E-01  0.1077153E+01
  0.8925000E-01  0.1084610E+01
  0.8930000E-01  0.1094095E+01
  0.8935000E-01  0.1103350E+01
  0.8940000E-01  0.1111305E+01
  0.8945000E-01  0.1119188E+01
  0.8950000E-01  0.1127788E+01
  0.8955000E-01  0.1136852E+01
  0.8960000E-01  0.1145363E+01
  0.8965000E-01  0.1153307E+01
  0.8970000E-01  0.1161060E+01
  0.8975000E-01  0.1168359E+01
  0.8980000E-01  0.1175118E+01
  0.8985000E-01  0.1180518E+01
  0.8990000E-01  0.1186416E+01
  0.8995000E-01  0.1194549E+01
  0.9000000E-01  0.1204053E+01
  0.9005000E-01  0.1213186E+01
  0.9010000E-01  0.1221107E+01
  0.9015000E-01  0.1229111E+01
  0.9020000E-01  0.1236990E+01
  0.9025000E-01  0.1243932E+01
  0.9030000E-01  0.1252150E+01
  0.9035000E-01  0.1261744E+01
  0.9040000E-01  0.1271126E+01
  0.9045000E-01  0.1280857E+01
  0.9050000E-01  0.1290570E+01
  0.9055000E-01  0.1300089E+01
  0.9060000E-01  0.1309654E+01
  0.9065000E-01  0.1318502E+01
  0.9070000E-01  0.1325804E+01
  0.9075000E-01  0.1332828E+01
  0.9080000E-01  0.1340004E+01
  0.9085000E-01  0.1348239E+01
  0.9090000E-01  0.1356825E+01
  0.9095000E-01  0.1364848E+01
  0.9100000E-01  0.1373091E+01
  0.9105000E-01  0.1382840E+01
  0.9110000E-01  0.1394851E+01
  0.9115000E-01  0.1406887E+01
  0.9120000E-01  0.1417796E+01
  0.9125000E-01  0.1427926E+01
  0.9130000E-01  0.1438150E+01
  0.9135000E-01  0.1449110E+01
  0.9140000E-01  0.1459849E+01
  0.9145000E-01  0.1470000E+01
  0.9150000E-01  0.1481950E+01
  0.9155000E-01  0.1495159E+01
  0.9160000E-01  0.1508318E+01
  0.9165000E-01  0.1521163E+01
  0.9170000E-01  0.1533253E+01
  0.9175000E-01  0.1546532E+01
  0.9180000E-01  0.1558440E+01
  0.9185000E-01  0.1566959E+01
  0.9190000E-01  0.1577444E+01
  0.9195000E-01  0.1591847E+01
  0.9200000E-01  0.1608064E+01
  0.9205000E-01  0.1623566E+01
  0.9210000E-01  0.1637832E+01
  0.9215000E-01  0.1650551E+01
  0.9220000E-01  0.1662647E+01
  0.9225000E-01  0.1676419E+01
  0.9230000E-01  0.1691165E+01
  0.9235000E-01  0.1705686E+01
  0.9240000E-01  0.1718381E+01
  0.9245000E-01  0.1729859E+01
  0.9250000E-01  0.1741471E+01
  0.9255000E-01  0.1753536E+01
  0.9260000E-01  0.1767767E+01
  0.9265000E-01  0.1782812E+01
  0.9270000E-01  0.1799219E+01
  0.9275000E-01  0.1817714E+01
  0.9280000E-01  0.1835952E+01
  0.9285000E-01  0.1853871E+01
  0.9290000E-01  0.1869529E+01
  0.9295000E-01  0.1882766E+01
  0.9300000E-01  0.1897233E+01
  0.9305000E-01  0.1913892E+01
  0.9310000E-01  0.1930870E+01
  0.9315000E-01  0.1948106E+01
  0.9320000E-01  0.1965212E+01
  0.9325000E-01  0.1982400E+01
  0.9330000E-01  0.1999657E+01
  0.9335000E-01  0.2017260E+01
  0.9340000E-01  0.2035936E+01
  0.9345000E-01  0.2057651E+01
  0.9350000E-01  0.2079057E+01
  0.9355000E-01  0.2099868E+01
  0.9360000E-01  0.2121413E+01
  0.9365000E-01  0.2141967E+01
  0.9370000E-01  0.2160863E+01
  0.9375000E-01  0.2180371E+01
  0.9380000E-01  0.2201339E+01
  0.9385000E-01  0.2221571E+01
  0.9390000E-01  0.2239340E+01
  0.9395000E-01  0.2257047E+01
  0.9400000E-01  0.2278311E+01
  0.9405000E-01  0.2301828E+01
  0.9410000E-01  0.2325597E+01
  0.9415000E-01  0.2348741E+01
  0.9420000E-01  0.2371418E+01
  0.9425000E-01  0.2393445E+01
  0.9430000E-01  0.2416271E+01
  0.9435000E-01  0.2441363E+01
  0.9440000E-01  0.2467114E+01
  0.9445000E-01  0.2492131E+01
  0.9450000E-01  0.2518207E+01
  0.9455000E-01  0.2548777E+01
  0.9460000E-01  0.2582514E+01
  0.9465000E-01  0.2615150E+01
  0.9470000E-01  0.2645983E+01
  0.9475000E-01  0.2675581E+01
  0.9480000E-01  0.2704920E+01
  0.9485000E-01  0.2737244E+01
  0.9490000E-01  0.2771098E+01
  0.9495000E-01  0.2803816E+01
  0.9500000E-01  0.2834451E+01
  0.9505000E-01  0.2865838E+01
  0.9510000E-01  0.2901440E+01
  0.9515000E-01  0.2939296E+01
  0.9520000E-01  0.2977046E+01
  0.9525000E-01  0.3015633E+01
  0.9530000E-01  0.3051599E+01
  0.9535000E-01  0.3086036E+01
  0.9540000E-01  0.3120332E+01
  0.9545000E-01  0.3155749E+01
  0.9550000E-01  0.3195345E+01
  0.9555000E-01  0.3239078E+01
  0.9560000E-01  0.3283564E+01
  0.9565000E-01  0.3328483E+01
  0.9570000E-01  0.3371567E+01
  0.9575000E-01  0.3411806E+01
  0.9580000E-01  0.3452838E+01
  0.9585000E-01  0.3497278E+01
  0.9590000E-01  0.3545325E+01
  0.9595000E-01  0.3598613E+01
  0.9600000E-01  0.3652343E+01
  0.9605000E-01  0.3704631E+01
  0.9610000E-01  0.3759515E+01
  0.9615000E-01  0.3816816E+01
  0.9620000E-01  0.3875474E+01
  0.9625000E-01  0.3935924E+01
  0.9630000E-01  0.3998740E+01
  0.9635000E-01  0.4063705E+01
  0.9640000E-01  0.4130132E+01
  0.9645000E-01  0.4200657E+01
  0.9650000E-01  0.4274460E+01
  0.9655000E-01  0.4350335E+01
  0.9660000E-01  0.4424767E+01
  0.9665000E-01  0.4497022E+01
  0.9670000E-01  0.4567787E+01
  0.9675000E-01  0.4640886E+01
  0.9680000E-01  0.4715148E+01
  0.9685000E-01  0.4789374E+01
  0.9690000E-01  0.4861128E+01
  0.9695000E-01  0.4933485E+01
  0.9700000E-01  0.5010449E+01
  0.9705000E-01  0.5091494E+01
  0.9710000E-01  0.5171656E+01
  0.9715000E-01  0.5252171E+01
  0.9720000E-01  0.5330759E+01
  0.9725000E-01  0.5406926E+01
  0.9730000E-01  0.5478902E+01
  0.9735000E-01  0.5546017E+01
  0.9740000E-01  0.5609648E+01
  0.9745000E-01  0.5670737E+01
  0.9750000E-01  0.5724284E+01
  0.9755000E-01  0.5768729E+01
  0.9760000E-01  0.5806797E+01
  0.9765000E-01  0.5841148E+01
  0.9770000E-01  0.5868672E+01
  0.9775000E-01  0.5886930E+01
  0.9780000E-01  0.5895264E+01
  0.9785000E-01  0.5897918E+01
  0.9790000E-01  0.5892451E+01
  0.9795000E-01  0.5883702E+01
  0.9800000E-01  0.5867653E+01
  0.9805000E-01  0.5841689E+01
  0.9810000E-01  0.5807154E+01
  0.9815000E-01  0.5770662E+01
  0.9820000E-01  0.5733864E+01
  0.9825000E-01  0.5701433E+01
  0.9830000E-01  0.5667924E+01
  0.9835000E-01  0.5632099E+01
  0.9840000E-01  0.5590231E+01
  0.9845000E-01  0.5538624E+01
  0.9850000E-01  0.5463458E+01
  0.9855000E-01  0.5359126E+01
  0.9860000E-01  0.5220576E+01
  0.9865000E-01  0.5046651E+01
  0.9870000E-01  0.4835333E+01
  0.9875000E-01  0.4592003E+01
  0.9880000E-01  0.4323335E+01
  0.9885000E-01  0.4040538E+01
  0.9890000E-01  0.3754713E+01
  0.9895000E-01  0.3478237E+01
  0.9900000E-01  0.3223755E+01
  0.9905000E-01  0.3001636E+01
  0.9910000E-01  0.2823634E+01
  0.9915000E-01  0.2703058E+01
  0.9920000E-01  0.2650495E+01
  0.9925000E-01  0.2671573E+01
  0.9930000E-01  0.2771380E+01
  0.9935000E-01  0.2956273E+01
  0.9940000E-01  0.3234158E+01
  0.9945000E-01  0.3610355E+01
  0.9950000E-01  0.4084473E+01
  0.9955000E-01  0.4646739E+01
  0.9960000E-01  0.5270212E+01
  0.9965000E-01  0.5909887E+01
  0.9970000E-01  0.6504874E+01
  0.9975000E-01  0.6989008E+01
  0.9980000E-01  0.7313300E+01
  0.9985000E-01  0.7463999E+01
  0.9990000E-01  0.7478207E+01
  0.9995000E-01  0.7433690E+01
  0.1000000E+00  0.7433689E+01
