  0.0000000E+00  0.0000000E+00
  0.5000000E-04 -0.1870399E-05
  0.1000000E-03 -0.7470671E-05
  0.1500000E-03 -0.1677038E-04
  0.2000000E-03 -0.2970860E-04
  0.2500000E-03 -0.4618307E-04
  0.3000000E-03 -0.6604395E-04
  0.3500000E-03 -0.8909275E-04
  0.4000000E-03 -0.1150852E-03
  0.4500000E-03 -0.1437380E-03
  0.5000000E-03 -0.1747372E-03
  0.5500000E-03 -0.2077481E-03
  0.6000000E-03 -0.2424250E-03
  0.6500000E-03 -0.2784206E-03
  0.7000000E-03 -0.3153939E-03
  0.7500000E-03 -0.3530167E-03
  0.8000000E-03 -0.3909787E-03
  0.8500000E-03 -0.4289908E-03
  0.9000000E-03 -0.4667868E-03
  0.9500000E-03 -0.5041252E-03
  0.1000000E-02 -0.5407894E-03
  0.1050000E-02 -0.5765880E-03
  0.1100000E-02 -0.6113547E-03
  0.1150000E-02 -0.6449490E-03
  0.1200000E-02 -0.6772556E-03
  0.1250000E-02 -0.7081846E-03
  0.1300000E-02 -0.7376714E-03
  0.1350000E-02 -0.7656763E-03
  0.1400000E-02 -0.7921831E-03
  0.1450000E-02 -0.8171993E-03
  0.1500000E-02 -0.8407520E-03
  0.1550000E-02 -0.8628891E-03
  0.1600000E-02 -0.8836723E-03
  0.1650000E-02 -0.9031761E-03
  0.1700000E-02 -0.9214824E-03
  0.1750000E-02 -0.9386806E-03
  0.1800000E-02 -0.9548615E-03
  0.1850000E-02 -0.9701175E-03
  0.1900000E-02 -0.9845362E-03
  0.1950000E-02 -0.9982015E-03
  0.2000000E-02 -0.1011190E-02
  0.2050000E-02 -0.1023574E-02
  0.2100000E-02 -0.1035420E-02
  0.2150000E-02 -0.1046787E-02
  0.2200000E-02 -0.1057730E-02
  0.2250000E-02 -0.1068298E-02
  0.2300000E-02 -0.1078532E-02
  0.2350000E-02 -0.1088469E-02
  0.2400000E-02 -0.1098143E-02
  0.2450000E-02 -0.1107584E-02
  0.2500000E-02 -0.1116816E-02
  0.2550000E-02 -0.1125860E-02
  0.2600000E-02 -0.1134734E-02
  0.2650000E-02 -0.1143451E-02
  0.2700000E-02 -0.1152024E-02
  0.2750000E-02 -0.1160464E-02
  0.2800000E-02 -0.1168780E-02
  0.2850000E-02 -0.1176984E-02
  0.2900000E-02 -0.1185084E-02
  0.2950000E-02 -0.1193089E-02
  0.3000000E-02 -0.1201008E-02
  0.3050000E-02 -0.1208851E-02
  0.3100000E-02 -0.1216629E-02
  0.3150000E-02 -0.1224347E-02
  0.3200000E-02 -0.1232011E-02
  0.3250000E-02 -0.1239621E-02
  0.3300000E-02 -0.1247177E-02
  0.3350000E-02 -0.1254683E-02
  0.3400000E-02 -0.1262138E-02
  0.3450000E-02 -0.1269550E-02
  0.3500000E-02 -0.1276919E-02
  0.3550000E-02 -0.1284252E-02
  0.3600000E-02 -0.1291550E-02
  0.3650000E-02 -0.1298815E-02
  0.3700000E-02 -0.1306044E-02
  0.3750000E-02 -0.1313236E-02
  0.3800000E-02 -0.1320386E-02
  0.3850000E-02 -0.1327488E-02
  0.3900000E-02 -0.1334537E-02
  0.3950000E-02 -0.1341528E-02
  0.4000000E-02 -0.1348452E-02
  0.4050000E-02 -0.1355304E-02
  0.4100000E-02 -0.1362074E-02
  0.4150000E-02 -0.1368758E-02
  0.4200000E-02 -0.1375351E-02
  0.4250000E-02 -0.1381848E-02
  0.4300000E-02 -0.1388242E-02
  0.4350000E-02 -0.1394528E-02
  0.4400000E-02 -0.1400698E-02
  0.4450000E-02 -0.1406749E-02
  0.4500000E-02 -0.1412677E-02
  0.4550000E-02 -0.1418480E-02
  0.4600000E-02 -0.1424157E-02
  0.4650000E-02 -0.1429709E-02
  0.4700000E-02 -0.1435134E-02
  0.4750000E-02 -0.1440432E-02
  0.4800000E-02 -0.1445605E-02
  0.4850000E-02 -0.1450655E-02
  0.4900000E-02 -0.1455586E-02
  0.4950000E-02 -0.1460397E-02
  0.5000000E-02 -0.1465090E-02
  0.5050000E-02 -0.1469667E-02
  0.5100000E-02 -0.1474130E-02
  0.5150000E-02 -0.1478484E-02
  0.5200000E-02 -0.1482736E-02
  0.5250000E-02 -0.1486895E-02
  0.5300000E-02 -0.1490969E-02
  0.5350000E-02 -0.1494967E-02
  0.5400000E-02 -0.1498897E-02
  0.5450000E-02 -0.1502769E-02
  0.5500000E-02 -0.1506591E-02
  0.5550000E-02 -0.1510371E-02
  0.5600000E-02 -0.1514116E-02
  0.5650000E-02 -0.1517832E-02
  0.5700000E-02 -0.1521525E-02
  0.5750000E-02 -0.1525202E-02
  0.5800000E-02 -0.1528868E-02
  0.5850000E-02 -0.1532532E-02
  0.5900000E-02 -0.1536197E-02
  0.5950000E-02 -0.1539868E-02
  0.6000000E-02 -0.1543549E-02
  0.6050000E-02 -0.1547240E-02
  0.6100000E-02 -0.1550943E-02
  0.6150000E-02 -0.1554661E-02
  0.6200000E-02 -0.1558395E-02
  0.6250000E-02 -0.1562147E-02
  0.6300000E-02 -0.1565912E-02
  0.6350000E-02 -0.1569692E-02
  0.6400000E-02 -0.1573486E-02
  0.6450000E-02 -0.1577292E-02
  0.6500000E-02 -0.1581110E-02
  0.6550000E-02 -0.1584935E-02
  0.6600000E-02 -0.1588767E-02
  0.6650000E-02 -0.1592603E-02
  0.6700000E-02 -0.1596440E-02
  0.6750000E-02 -0.1600275E-02
  0.6800000E-02 -0.1604105E-02
  0.6850000E-02 -0.1607925E-02
  0.6900000E-02 -0.1611732E-02
  0.6950000E-02 -0.1615522E-02
  0.7000000E-02 -0.1619291E-02
  0.7050000E-02 -0.1623037E-02
  0.7100000E-02 -0.1626758E-02
  0.7150000E-02 -0.1630454E-02
  0.7200000E-02 -0.1634124E-02
  0.7250000E-02 -0.1637768E-02
  0.7300000E-02 -0.1641385E-02
  0.7350000E-02 -0.1644973E-02
  0.7400000E-02 -0.1648531E-02
  0.7450000E-02 -0.1652055E-02
  0.7500000E-02 -0.1655544E-02
  0.7550000E-02 -0.1658996E-02
  0.7600000E-02 -0.1662411E-02
  0.7650000E-02 -0.1665791E-02
  0.7700000E-02 -0.1669136E-02
  0.7750000E-02 -0.1672445E-02
  0.7800000E-02 -0.1675717E-02
  0.7850000E-02 -0.1678953E-02
  0.7900000E-02 -0.1682154E-02
  0.7950000E-02 -0.1685318E-02
  0.8000000E-02 -0.1688448E-02
  0.8050000E-02 -0.1691542E-02
  0.8100000E-02 -0.1694603E-02
  0.8150000E-02 -0.1697629E-02
  0.8200000E-02 -0.1700622E-02
  0.8250000E-02 -0.1703579E-02
  0.8300000E-02 -0.1706502E-02
  0.8350000E-02 -0.1709389E-02
  0.8400000E-02 -0.1712241E-02
  0.8450000E-02 -0.1715058E-02
  0.8500000E-02 -0.1717841E-02
  0.8550000E-02 -0.1720589E-02
  0.8600000E-02 -0.1723298E-02
  0.8650000E-02 -0.1725968E-02
  0.8700000E-02 -0.1728598E-02
  0.8750000E-02 -0.1731189E-02
  0.8800000E-02 -0.1733741E-02
  0.8850000E-02 -0.1736254E-02
  0.8900000E-02 -0.1738728E-02
  0.8950000E-02 -0.1741162E-02
  0.9000000E-02 -0.1743557E-02
  0.9050000E-02 -0.1745914E-02
  0.9100000E-02 -0.1748233E-02
  0.9150000E-02 -0.1750515E-02
  0.9200000E-02 -0.1752760E-02
  0.9250000E-02 -0.1754970E-02
  0.9300000E-02 -0.1757145E-02
  0.9350000E-02 -0.1759287E-02
  0.9400000E-02 -0.1761394E-02
  0.9450000E-02 -0.1763468E-02
  0.9500000E-02 -0.1765513E-02
  0.9550000E-02 -0.1767532E-02
  0.9600000E-02 -0.1769529E-02
  0.9650000E-02 -0.1771510E-02
  0.9700000E-02 -0.1773477E-02
  0.9750000E-02 -0.1775435E-02
  0.9800000E-02 -0.1777387E-02
  0.9850000E-02 -0.1779336E-02
  0.9900000E-02 -0.1781285E-02
  0.9950000E-02 -0.1783234E-02
  0.1000000E-01 -0.1785186E-02
  0.1005000E-01 -0.1787142E-02
  0.1010000E-01 -0.1789106E-02
  0.1015000E-01 -0.1791082E-02
  0.1020000E-01 -0.1793071E-02
  0.1025000E-01 -0.1795076E-02
  0.1030000E-01 -0.1797100E-02
  0.1035000E-01 -0.1799144E-02
  0.1040000E-01 -0.1801211E-02
  0.1045000E-01 -0.1803303E-02
  0.1050000E-01 -0.1805425E-02
  0.1055000E-01 -0.1807581E-02
  0.1060000E-01 -0.1809772E-02
  0.1065000E-01 -0.1811999E-02
  0.1070000E-01 -0.1814262E-02
  0.1075000E-01 -0.1816558E-02
  0.1080000E-01 -0.1818889E-02
  0.1085000E-01 -0.1821250E-02
  0.1090000E-01 -0.1823642E-02
  0.1095000E-01 -0.1826061E-02
  0.1100000E-01 -0.1828504E-02
  0.1105000E-01 -0.1830969E-02
  0.1110000E-01 -0.1833452E-02
  0.1115000E-01 -0.1835950E-02
  0.1120000E-01 -0.1838459E-02
  0.1125000E-01 -0.1840974E-02
  0.1130000E-01 -0.1843490E-02
  0.1135000E-01 -0.1846004E-02
  0.1140000E-01 -0.1848510E-02
  0.1145000E-01 -0.1851005E-02
  0.1150000E-01 -0.1853485E-02
  0.1155000E-01 -0.1855946E-02
  0.1160000E-01 -0.1858385E-02
  0.1165000E-01 -0.1860796E-02
  0.1170000E-01 -0.1863179E-02
  0.1175000E-01 -0.1865530E-02
  0.1180000E-01 -0.1867845E-02
  0.1185000E-01 -0.1870123E-02
  0.1190000E-01 -0.1872361E-02
  0.1195000E-01 -0.1874557E-02
  0.1200000E-01 -0.1876711E-02
  0.1205000E-01 -0.1878823E-02
  0.1210000E-01 -0.1880891E-02
  0.1215000E-01 -0.1882912E-02
  0.1220000E-01 -0.1884888E-02
  0.1225000E-01 -0.1886816E-02
  0.1230000E-01 -0.1888697E-02
  0.1235000E-01 -0.1890533E-02
  0.1240000E-01 -0.1892324E-02
  0.1245000E-01 -0.1894073E-02
  0.1250000E-01 -0.1895781E-02
  0.1255000E-01 -0.1897450E-02
  0.1260000E-01 -0.1899082E-02
  0.1265000E-01 -0.1900679E-02
  0.1270000E-01 -0.1902244E-02
  0.1275000E-01 -0.1903779E-02
  0.1280000E-01 -0.1905287E-02
  0.1285000E-01 -0.1906772E-02
  0.1290000E-01 -0.1908235E-02
  0.1295000E-01 -0.1909678E-02
  0.1300000E-01 -0.1911105E-02
  0.1305000E-01 -0.1912518E-02
  0.1310000E-01 -0.1913921E-02
  0.1315000E-01 -0.1915315E-02
  0.1320000E-01 -0.1916703E-02
  0.1325000E-01 -0.1918087E-02
  0.1330000E-01 -0.1919470E-02
  0.1335000E-01 -0.1920852E-02
  0.1340000E-01 -0.1922237E-02
  0.1345000E-01 -0.1923624E-02
  0.1350000E-01 -0.1925016E-02
  0.1355000E-01 -0.1926415E-02
  0.1360000E-01 -0.1927820E-02
  0.1365000E-01 -0.1929233E-02
  0.1370000E-01 -0.1930655E-02
  0.1375000E-01 -0.1932088E-02
  0.1380000E-01 -0.1933533E-02
  0.1385000E-01 -0.1934991E-02
  0.1390000E-01 -0.1936465E-02
  0.1395000E-01 -0.1937954E-02
  0.1400000E-01 -0.1939459E-02
  0.1405000E-01 -0.1940978E-02
  0.1410000E-01 -0.1942512E-02
  0.1415000E-01 -0.1944059E-02
  0.1420000E-01 -0.1945620E-02
  0.1425000E-01 -0.1947193E-02
  0.1430000E-01 -0.1948780E-02
  0.1435000E-01 -0.1950379E-02
  0.1440000E-01 -0.1951993E-02
  0.1445000E-01 -0.1953620E-02
  0.1450000E-01 -0.1955262E-02
  0.1455000E-01 -0.1956918E-02
  0.1460000E-01 -0.1958589E-02
  0.1465000E-01 -0.1960276E-02
  0.1470000E-01 -0.1961979E-02
  0.1475000E-01 -0.1963698E-02
  0.1480000E-01 -0.1965434E-02
  0.1485000E-01 -0.1967185E-02
  0.1490000E-01 -0.1968952E-02
  0.1495000E-01 -0.1970733E-02
  0.1500000E-01 -0.1972527E-02
  0.1505000E-01 -0.1974333E-02
  0.1510000E-01 -0.1976150E-02
  0.1515000E-01 -0.1977977E-02
  0.1520000E-01 -0.1979813E-02
  0.1525000E-01 -0.1981658E-02
  0.1530000E-01 -0.1983512E-02
  0.1535000E-01 -0.1985376E-02
  0.1540000E-01 -0.1987247E-02
  0.1545000E-01 -0.1989123E-02
  0.1550000E-01 -0.1991003E-02
  0.1555000E-01 -0.1992884E-02
  0.1560000E-01 -0.1994765E-02
  0.1565000E-01 -0.1996641E-02
  0.1570000E-01 -0.1998510E-02
  0.1575000E-01 -0.2000368E-02
  0.1580000E-01 -0.2002211E-02
  0.1585000E-01 -0.2004037E-02
  0.1590000E-01 -0.2005842E-02
  0.1595000E-01 -0.2007626E-02
  0.1600000E-01 -0.2009387E-02
  0.1605000E-01 -0.2011122E-02
  0.1610000E-01 -0.2012833E-02
  0.1615000E-01 -0.2014516E-02
  0.1620000E-01 -0.2016173E-02
  0.1625000E-01 -0.2017801E-02
  0.1630000E-01 -0.2019398E-02
  0.1635000E-01 -0.2020964E-02
  0.1640000E-01 -0.2022498E-02
  0.1645000E-01 -0.2024001E-02
  0.1650000E-01 -0.2025472E-02
  0.1655000E-01 -0.2026914E-02
  0.1660000E-01 -0.2028326E-02
  0.1665000E-01 -0.2029711E-02
  0.1670000E-01 -0.2031071E-02
  0.1675000E-01 -0.2032407E-02
  0.1680000E-01 -0.2033722E-02
  0.1685000E-01 -0.2035018E-02
  0.1690000E-01 -0.2036299E-02
  0.1695000E-01 -0.2037566E-02
  0.1700000E-01 -0.2038823E-02
  0.1705000E-01 -0.2040071E-02
  0.1710000E-01 -0.2041310E-02
  0.1715000E-01 -0.2042542E-02
  0.1720000E-01 -0.2043766E-02
  0.1725000E-01 -0.2044983E-02
  0.1730000E-01 -0.2046196E-02
  0.1735000E-01 -0.2047403E-02
  0.1740000E-01 -0.2048608E-02
  0.1745000E-01 -0.2049811E-02
  0.1750000E-01 -0.2051014E-02
  0.1755000E-01 -0.2052216E-02
  0.1760000E-01 -0.2053420E-02
  0.1765000E-01 -0.2054626E-02
  0.1770000E-01 -0.2055835E-02
  0.1775000E-01 -0.2057046E-02
  0.1780000E-01 -0.2058262E-02
  0.1785000E-01 -0.2059483E-02
  0.1790000E-01 -0.2060708E-02
  0.1795000E-01 -0.2061940E-02
  0.1800000E-01 -0.2063178E-02
  0.1805000E-01 -0.2064422E-02
  0.1810000E-01 -0.2065672E-02
  0.1815000E-01 -0.2066926E-02
  0.1820000E-01 -0.2068182E-02
  0.1825000E-01 -0.2069439E-02
  0.1830000E-01 -0.2070697E-02
  0.1835000E-01 -0.2071953E-02
  0.1840000E-01 -0.2073207E-02
  0.1845000E-01 -0.2074459E-02
  0.1850000E-01 -0.2075707E-02
  0.1855000E-01 -0.2076950E-02
  0.1860000E-01 -0.2078188E-02
  0.1865000E-01 -0.2079419E-02
  0.1870000E-01 -0.2080642E-02
  0.1875000E-01 -0.2081857E-02
  0.1880000E-01 -0.2083064E-02
  0.1885000E-01 -0.2084264E-02
  0.1890000E-01 -0.2085457E-02
  0.1895000E-01 -0.2086644E-02
  0.1900000E-01 -0.2087826E-02
  0.1905000E-01 -0.2089001E-02
  0.1910000E-01 -0.2090170E-02
  0.1915000E-01 -0.2091331E-02
  0.1920000E-01 -0.2092486E-02
  0.1925000E-01 -0.2093635E-02
  0.1930000E-01 -0.2094777E-02
  0.1935000E-01 -0.2095915E-02
  0.1940000E-01 -0.2097047E-02
  0.1945000E-01 -0.2098175E-02
  0.1950000E-01 -0.2099297E-02
  0.1955000E-01 -0.2100415E-02
  0.1960000E-01 -0.2101529E-02
  0.1965000E-01 -0.2102638E-02
  0.1970000E-01 -0.2103742E-02
  0.1975000E-01 -0.2104842E-02
  0.1980000E-01 -0.2105936E-02
  0.1985000E-01 -0.2107025E-02
  0.1990000E-01 -0.2108108E-02
  0.1995000E-01 -0.2109184E-02
  0.2000000E-01 -0.2110252E-02
  0.2005000E-01 -0.2111313E-02
  0.2010000E-01 -0.2112364E-02
  0.2015000E-01 -0.2113406E-02
  0.2020000E-01 -0.2114438E-02
  0.2025000E-01 -0.2115463E-02
  0.2030000E-01 -0.2116481E-02
  0.2035000E-01 -0.2117494E-02
  0.2040000E-01 -0.2118503E-02
  0.2045000E-01 -0.2119509E-02
  0.2050000E-01 -0.2120512E-02
  0.2055000E-01 -0.2121514E-02
  0.2060000E-01 -0.2122515E-02
  0.2065000E-01 -0.2123516E-02
  0.2070000E-01 -0.2124517E-02
  0.2075000E-01 -0.2125518E-02
  0.2080000E-01 -0.2126520E-02
  0.2085000E-01 -0.2127522E-02
  0.2090000E-01 -0.2128524E-02
  0.2095000E-01 -0.2129526E-02
  0.2100000E-01 -0.2130528E-02
  0.2105000E-01 -0.2131531E-02
  0.2110000E-01 -0.2132533E-02
  0.2115000E-01 -0.2133534E-02
  0.2120000E-01 -0.2134534E-02
  0.2125000E-01 -0.2135532E-02
  0.2130000E-01 -0.2136529E-02
  0.2135000E-01 -0.2137527E-02
  0.2140000E-01 -0.2138525E-02
  0.2145000E-01 -0.2139524E-02
  0.2150000E-01 -0.2140524E-02
  0.2155000E-01 -0.2141526E-02
  0.2160000E-01 -0.2142530E-02
  0.2165000E-01 -0.2143534E-02
  0.2170000E-01 -0.2144539E-02
  0.2175000E-01 -0.2145544E-02
  0.2180000E-01 -0.2146550E-02
  0.2185000E-01 -0.2147555E-02
  0.2190000E-01 -0.2148560E-02
  0.2195000E-01 -0.2149564E-02
  0.2200000E-01 -0.2150566E-02
  0.2205000E-01 -0.2151568E-02
  0.2210000E-01 -0.2152568E-02
  0.2215000E-01 -0.2153567E-02
  0.2220000E-01 -0.2154565E-02
  0.2225000E-01 -0.2155562E-02
  0.2230000E-01 -0.2156559E-02
  0.2235000E-01 -0.2157556E-02
  0.2240000E-01 -0.2158552E-02
  0.2245000E-01 -0.2159549E-02
  0.2250000E-01 -0.2160546E-02
  0.2255000E-01 -0.2161545E-02
  0.2260000E-01 -0.2162545E-02
  0.2265000E-01 -0.2163546E-02
  0.2270000E-01 -0.2164547E-02
  0.2275000E-01 -0.2165548E-02
  0.2280000E-01 -0.2166548E-02
  0.2285000E-01 -0.2167547E-02
  0.2290000E-01 -0.2168544E-02
  0.2295000E-01 -0.2169540E-02
  0.2300000E-01 -0.2170533E-02
  0.2305000E-01 -0.2171525E-02
  0.2310000E-01 -0.2172514E-02
  0.2315000E-01 -0.2173501E-02
  0.2320000E-01 -0.2174486E-02
  0.2325000E-01 -0.2175469E-02
  0.2330000E-01 -0.2176449E-02
  0.2335000E-01 -0.2177428E-02
  0.2340000E-01 -0.2178406E-02
  0.2345000E-01 -0.2179382E-02
  0.2350000E-01 -0.2180355E-02
  0.2355000E-01 -0.2181324E-02
  0.2360000E-01 -0.2182288E-02
  0.2365000E-01 -0.2183246E-02
  0.2370000E-01 -0.2184199E-02
  0.2375000E-01 -0.2185148E-02
  0.2380000E-01 -0.2186092E-02
  0.2385000E-01 -0.2187032E-02
  0.2390000E-01 -0.2187968E-02
  0.2395000E-01 -0.2188901E-02
  0.2400000E-01 -0.2189830E-02
  0.2405000E-01 -0.2190756E-02
  0.2410000E-01 -0.2191680E-02
  0.2415000E-01 -0.2192602E-02
  0.2420000E-01 -0.2193521E-02
  0.2425000E-01 -0.2194438E-02
  0.2430000E-01 -0.2195352E-02
  0.2435000E-01 -0.2196263E-02
  0.2440000E-01 -0.2197172E-02
  0.2445000E-01 -0.2198077E-02
  0.2450000E-01 -0.2198979E-02
  0.2455000E-01 -0.2199878E-02
  0.2460000E-01 -0.2200774E-02
  0.2465000E-01 -0.2201669E-02
  0.2470000E-01 -0.2202562E-02
  0.2475000E-01 -0.2203454E-02
  0.2480000E-01 -0.2204345E-02
  0.2485000E-01 -0.2205237E-02
  0.2490000E-01 -0.2206129E-02
  0.2495000E-01 -0.2207022E-02
  0.2500000E-01 -0.2207914E-02
  0.2505000E-01 -0.2208808E-02
  0.2510000E-01 -0.2209701E-02
  0.2515000E-01 -0.2210593E-02
  0.2520000E-01 -0.2211485E-02
  0.2525000E-01 -0.2212378E-02
  0.2530000E-01 -0.2213270E-02
  0.2535000E-01 -0.2214163E-02
  0.2540000E-01 -0.2215055E-02
  0.2545000E-01 -0.2215947E-02
  0.2550000E-01 -0.2216837E-02
  0.2555000E-01 -0.2217725E-02
  0.2560000E-01 -0.2218609E-02
  0.2565000E-01 -0.2219490E-02
  0.2570000E-01 -0.2220366E-02
  0.2575000E-01 -0.2221238E-02
  0.2580000E-01 -0.2222105E-02
  0.2585000E-01 -0.2222968E-02
  0.2590000E-01 -0.2223825E-02
  0.2595000E-01 -0.2224677E-02
  0.2600000E-01 -0.2225524E-02
  0.2605000E-01 -0.2226365E-02
  0.2610000E-01 -0.2227199E-02
  0.2615000E-01 -0.2228027E-02
  0.2620000E-01 -0.2228848E-02
  0.2625000E-01 -0.2229663E-02
  0.2630000E-01 -0.2230473E-02
  0.2635000E-01 -0.2231277E-02
  0.2640000E-01 -0.2232074E-02
  0.2645000E-01 -0.2232866E-02
  0.2650000E-01 -0.2233652E-02
  0.2655000E-01 -0.2234429E-02
  0.2660000E-01 -0.2235198E-02
  0.2665000E-01 -0.2235957E-02
  0.2670000E-01 -0.2236707E-02
  0.2675000E-01 -0.2237447E-02
  0.2680000E-01 -0.2238176E-02
  0.2685000E-01 -0.2238895E-02
  0.2690000E-01 -0.2239603E-02
  0.2695000E-01 -0.2240302E-02
  0.2700000E-01 -0.2240992E-02
  0.2705000E-01 -0.2241674E-02
  0.2710000E-01 -0.2242349E-02
  0.2715000E-01 -0.2243018E-02
  0.2720000E-01 -0.2243681E-02
  0.2725000E-01 -0.2244337E-02
  0.2730000E-01 -0.2244986E-02
  0.2735000E-01 -0.2245626E-02
  0.2740000E-01 -0.2246260E-02
  0.2745000E-01 -0.2246886E-02
  0.2750000E-01 -0.2247506E-02
  0.2755000E-01 -0.2248121E-02
  0.2760000E-01 -0.2248730E-02
  0.2765000E-01 -0.2249336E-02
  0.2770000E-01 -0.2249937E-02
  0.2775000E-01 -0.2250535E-02
  0.2780000E-01 -0.2251131E-02
  0.2785000E-01 -0.2251724E-02
  0.2790000E-01 -0.2252315E-02
  0.2795000E-01 -0.2252905E-02
  0.2800000E-01 -0.2253492E-02
  0.2805000E-01 -0.2254078E-02
  0.2810000E-01 -0.2254661E-02
  0.2815000E-01 -0.2255242E-02
  0.2820000E-01 -0.2255822E-02
  0.2825000E-01 -0.2256401E-02
  0.2830000E-01 -0.2256981E-02
  0.2835000E-01 -0.2257564E-02
  0.2840000E-01 -0.2258151E-02
  0.2845000E-01 -0.2258742E-02
  0.2850000E-01 -0.2259338E-02
  0.2855000E-01 -0.2259938E-02
  0.2860000E-01 -0.2260544E-02
  0.2865000E-01 -0.2261155E-02
  0.2870000E-01 -0.2261771E-02
  0.2875000E-01 -0.2262395E-02
  0.2880000E-01 -0.2263026E-02
  0.2885000E-01 -0.2263666E-02
  0.2890000E-01 -0.2264316E-02
  0.2895000E-01 -0.2264976E-02
  0.2900000E-01 -0.2265648E-02
  0.2905000E-01 -0.2266331E-02
  0.2910000E-01 -0.2267027E-02
  0.2915000E-01 -0.2267734E-02
  0.2920000E-01 -0.2268453E-02
  0.2925000E-01 -0.2269185E-02
  0.2930000E-01 -0.2269930E-02
  0.2935000E-01 -0.2270688E-02
  0.2940000E-01 -0.2271458E-02
  0.2945000E-01 -0.2272242E-02
  0.2950000E-01 -0.2273038E-02
  0.2955000E-01 -0.2273844E-02
  0.2960000E-01 -0.2274660E-02
  0.2965000E-01 -0.2275484E-02
  0.2970000E-01 -0.2276316E-02
  0.2975000E-01 -0.2277154E-02
  0.2980000E-01 -0.2277995E-02
  0.2985000E-01 -0.2278840E-02
  0.2990000E-01 -0.2279685E-02
  0.2995000E-01 -0.2280530E-02
  0.3000000E-01 -0.2281373E-02
  0.3005000E-01 -0.2282213E-02
  0.3010000E-01 -0.2283048E-02
  0.3015000E-01 -0.2283878E-02
  0.3020000E-01 -0.2284702E-02
  0.3025000E-01 -0.2285520E-02
  0.3030000E-01 -0.2286331E-02
  0.3035000E-01 -0.2287135E-02
  0.3040000E-01 -0.2287932E-02
  0.3045000E-01 -0.2288721E-02
  0.3050000E-01 -0.2289504E-02
  0.3055000E-01 -0.2290279E-02
  0.3060000E-01 -0.2291049E-02
  0.3065000E-01 -0.2291812E-02
  0.3070000E-01 -0.2292568E-02
  0.3075000E-01 -0.2293319E-02
  0.3080000E-01 -0.2294063E-02
  0.3085000E-01 -0.2294801E-02
  0.3090000E-01 -0.2295532E-02
  0.3095000E-01 -0.2296256E-02
  0.3100000E-01 -0.2296974E-02
  0.3105000E-01 -0.2297685E-02
  0.3110000E-01 -0.2298391E-02
  0.3115000E-01 -0.2299090E-02
  0.3120000E-01 -0.2299784E-02
  0.3125000E-01 -0.2300473E-02
  0.3130000E-01 -0.2301156E-02
  0.3135000E-01 -0.2301834E-02
  0.3140000E-01 -0.2302507E-02
  0.3145000E-01 -0.2303177E-02
  0.3150000E-01 -0.2303842E-02
  0.3155000E-01 -0.2304505E-02
  0.3160000E-01 -0.2305166E-02
  0.3165000E-01 -0.2305825E-02
  0.3170000E-01 -0.2306482E-02
  0.3175000E-01 -0.2307137E-02
  0.3180000E-01 -0.2307791E-02
  0.3185000E-01 -0.2308445E-02
  0.3190000E-01 -0.2309097E-02
  0.3195000E-01 -0.2309750E-02
  0.3200000E-01 -0.2310404E-02
  0.3205000E-01 -0.2311058E-02
  0.3210000E-01 -0.2311713E-02
  0.3215000E-01 -0.2312369E-02
  0.3220000E-01 -0.2313027E-02
  0.3225000E-01 -0.2313685E-02
  0.3230000E-01 -0.2314344E-02
  0.3235000E-01 -0.2315003E-02
  0.3240000E-01 -0.2315661E-02
  0.3245000E-01 -0.2316317E-02
  0.3250000E-01 -0.2316971E-02
  0.3255000E-01 -0.2317622E-02
  0.3260000E-01 -0.2318268E-02
  0.3265000E-01 -0.2318908E-02
  0.3270000E-01 -0.2319543E-02
  0.3275000E-01 -0.2320171E-02
  0.3280000E-01 -0.2320791E-02
  0.3285000E-01 -0.2321402E-02
  0.3290000E-01 -0.2322003E-02
  0.3295000E-01 -0.2322594E-02
  0.3300000E-01 -0.2323173E-02
  0.3305000E-01 -0.2323741E-02
  0.3310000E-01 -0.2324298E-02
  0.3315000E-01 -0.2324845E-02
  0.3320000E-01 -0.2325383E-02
  0.3325000E-01 -0.2325911E-02
  0.3330000E-01 -0.2326430E-02
  0.3335000E-01 -0.2326939E-02
  0.3340000E-01 -0.2327441E-02
  0.3345000E-01 -0.2327933E-02
  0.3350000E-01 -0.2328418E-02
  0.3355000E-01 -0.2328895E-02
  0.3360000E-01 -0.2329365E-02
  0.3365000E-01 -0.2329830E-02
  0.3370000E-01 -0.2330290E-02
  0.3375000E-01 -0.2330747E-02
  0.3380000E-01 -0.2331202E-02
  0.3385000E-01 -0.2331657E-02
  0.3390000E-01 -0.2332111E-02
  0.3395000E-01 -0.2332568E-02
  0.3400000E-01 -0.2333027E-02
  0.3405000E-01 -0.2333489E-02
  0.3410000E-01 -0.2333957E-02
  0.3415000E-01 -0.2334430E-02
  0.3420000E-01 -0.2334911E-02
  0.3425000E-01 -0.2335399E-02
  0.3430000E-01 -0.2335897E-02
  0.3435000E-01 -0.2336405E-02
  0.3440000E-01 -0.2336923E-02
  0.3445000E-01 -0.2337451E-02
  0.3450000E-01 -0.2337990E-02
  0.3455000E-01 -0.2338539E-02
  0.3460000E-01 -0.2339099E-02
  0.3465000E-01 -0.2339668E-02
  0.3470000E-01 -0.2340248E-02
  0.3475000E-01 -0.2340836E-02
  0.3480000E-01 -0.2341432E-02
  0.3485000E-01 -0.2342037E-02
  0.3490000E-01 -0.2342649E-02
  0.3495000E-01 -0.2343268E-02
  0.3500000E-01 -0.2343894E-02
  0.3505000E-01 -0.2344525E-02
  0.3510000E-01 -0.2345162E-02
  0.3515000E-01 -0.2345803E-02
  0.3520000E-01 -0.2346448E-02
  0.3525000E-01 -0.2347096E-02
  0.3530000E-01 -0.2347746E-02
  0.3535000E-01 -0.2348399E-02
  0.3540000E-01 -0.2349052E-02
  0.3545000E-01 -0.2349705E-02
  0.3550000E-01 -0.2350357E-02
  0.3555000E-01 -0.2351008E-02
  0.3560000E-01 -0.2351656E-02
  0.3565000E-01 -0.2352300E-02
  0.3570000E-01 -0.2352941E-02
  0.3575000E-01 -0.2353576E-02
  0.3580000E-01 -0.2354206E-02
  0.3585000E-01 -0.2354828E-02
  0.3590000E-01 -0.2355443E-02
  0.3595000E-01 -0.2356049E-02
  0.3600000E-01 -0.2356645E-02
  0.3605000E-01 -0.2357232E-02
  0.3610000E-01 -0.2357809E-02
  0.3615000E-01 -0.2358375E-02
  0.3620000E-01 -0.2358931E-02
  0.3625000E-01 -0.2359477E-02
  0.3630000E-01 -0.2360012E-02
  0.3635000E-01 -0.2360537E-02
  0.3640000E-01 -0.2361051E-02
  0.3645000E-01 -0.2361553E-02
  0.3650000E-01 -0.2362045E-02
  0.3655000E-01 -0.2362526E-02
  0.3660000E-01 -0.2362996E-02
  0.3665000E-01 -0.2363455E-02
  0.3670000E-01 -0.2363902E-02
  0.3675000E-01 -0.2364336E-02
  0.3680000E-01 -0.2364759E-02
  0.3685000E-01 -0.2365169E-02
  0.3690000E-01 -0.2365567E-02
  0.3695000E-01 -0.2365952E-02
  0.3700000E-01 -0.2366326E-02
  0.3705000E-01 -0.2366687E-02
  0.3710000E-01 -0.2367037E-02
  0.3715000E-01 -0.2367375E-02
  0.3720000E-01 -0.2367702E-02
  0.3725000E-01 -0.2368018E-02
  0.3730000E-01 -0.2368324E-02
  0.3735000E-01 -0.2368620E-02
  0.3740000E-01 -0.2368907E-02
  0.3745000E-01 -0.2369187E-02
  0.3750000E-01 -0.2369458E-02
  0.3755000E-01 -0.2369723E-02
  0.3760000E-01 -0.2369983E-02
  0.3765000E-01 -0.2370237E-02
  0.3770000E-01 -0.2370488E-02
  0.3775000E-01 -0.2370737E-02
  0.3780000E-01 -0.2370984E-02
  0.3785000E-01 -0.2371230E-02
  0.3790000E-01 -0.2371478E-02
  0.3795000E-01 -0.2371727E-02
  0.3800000E-01 -0.2371979E-02
  0.3805000E-01 -0.2372234E-02
  0.3810000E-01 -0.2372492E-02
  0.3815000E-01 -0.2372755E-02
  0.3820000E-01 -0.2373023E-02
  0.3825000E-01 -0.2373296E-02
  0.3830000E-01 -0.2373576E-02
  0.3835000E-01 -0.2373863E-02
  0.3840000E-01 -0.2374157E-02
  0.3845000E-01 -0.2374458E-02
  0.3850000E-01 -0.2374767E-02
  0.3855000E-01 -0.2375083E-02
  0.3860000E-01 -0.2375408E-02
  0.3865000E-01 -0.2375740E-02
  0.3870000E-01 -0.2376079E-02
  0.3875000E-01 -0.2376425E-02
  0.3880000E-01 -0.2376778E-02
  0.3885000E-01 -0.2377138E-02
  0.3890000E-01 -0.2377503E-02
  0.3895000E-01 -0.2377874E-02
  0.3900000E-01 -0.2378249E-02
  0.3905000E-01 -0.2378630E-02
  0.3910000E-01 -0.2379015E-02
  0.3915000E-01 -0.2379406E-02
  0.3920000E-01 -0.2379803E-02
  0.3925000E-01 -0.2380204E-02
  0.3930000E-01 -0.2380611E-02
  0.3935000E-01 -0.2381024E-02
  0.3940000E-01 -0.2381443E-02
  0.3945000E-01 -0.2381867E-02
  0.3950000E-01 -0.2382296E-02
  0.3955000E-01 -0.2382731E-02
  0.3960000E-01 -0.2383169E-02
  0.3965000E-01 -0.2383612E-02
  0.3970000E-01 -0.2384057E-02
  0.3975000E-01 -0.2384505E-02
  0.3980000E-01 -0.2384955E-02
  0.3985000E-01 -0.2385406E-02
  0.3990000E-01 -0.2385859E-02
  0.3995000E-01 -0.2386314E-02
  0.4000000E-01 -0.2386771E-02
  0.4005000E-01 -0.2387230E-02
  0.4010000E-01 -0.2387691E-02
  0.4015000E-01 -0.2388155E-02
  0.4020000E-01 -0.2388621E-02
  0.4025000E-01 -0.2389091E-02
  0.4030000E-01 -0.2389563E-02
  0.4035000E-01 -0.2390038E-02
  0.4040000E-01 -0.2390516E-02
  0.4045000E-01 -0.2390996E-02
  0.4050000E-01 -0.2391479E-02
  0.4055000E-01 -0.2391965E-02
  0.4060000E-01 -0.2392454E-02
  0.4065000E-01 -0.2392947E-02
  0.4070000E-01 -0.2393444E-02
  0.4075000E-01 -0.2393945E-02
  0.4080000E-01 -0.2394450E-02
  0.4085000E-01 -0.2394960E-02
  0.4090000E-01 -0.2395475E-02
  0.4095000E-01 -0.2395996E-02
  0.4100000E-01 -0.2396522E-02
  0.4105000E-01 -0.2397054E-02
  0.4110000E-01 -0.2397593E-02
  0.4115000E-01 -0.2398137E-02
  0.4120000E-01 -0.2398688E-02
  0.4125000E-01 -0.2399245E-02
  0.4130000E-01 -0.2399807E-02
  0.4135000E-01 -0.2400375E-02
  0.4140000E-01 -0.2400947E-02
  0.4145000E-01 -0.2401525E-02
  0.4150000E-01 -0.2402106E-02
  0.4155000E-01 -0.2402692E-02
  0.4160000E-01 -0.2403281E-02
  0.4165000E-01 -0.2403872E-02
  0.4170000E-01 -0.2404465E-02
  0.4175000E-01 -0.2405058E-02
  0.4180000E-01 -0.2405652E-02
  0.4185000E-01 -0.2406246E-02
  0.4190000E-01 -0.2406838E-02
  0.4195000E-01 -0.2407428E-02
  0.4200000E-01 -0.2408017E-02
  0.4205000E-01 -0.2408603E-02
  0.4210000E-01 -0.2409186E-02
  0.4215000E-01 -0.2409765E-02
  0.4220000E-01 -0.2410339E-02
  0.4225000E-01 -0.2410908E-02
  0.4230000E-01 -0.2411469E-02
  0.4235000E-01 -0.2412022E-02
  0.4240000E-01 -0.2412567E-02
  0.4245000E-01 -0.2413101E-02
  0.4250000E-01 -0.2413624E-02
  0.4255000E-01 -0.2414135E-02
  0.4260000E-01 -0.2414635E-02
  0.4265000E-01 -0.2415122E-02
  0.4270000E-01 -0.2415597E-02
  0.4275000E-01 -0.2416060E-02
  0.4280000E-01 -0.2416510E-02
  0.4285000E-01 -0.2416946E-02
  0.4290000E-01 -0.2417369E-02
  0.4295000E-01 -0.2417778E-02
  0.4300000E-01 -0.2418173E-02
  0.4305000E-01 -0.2418552E-02
  0.4310000E-01 -0.2418916E-02
  0.4315000E-01 -0.2419265E-02
  0.4320000E-01 -0.2419598E-02
  0.4325000E-01 -0.2419916E-02
  0.4330000E-01 -0.2420219E-02
  0.4335000E-01 -0.2420507E-02
  0.4340000E-01 -0.2420782E-02
  0.4345000E-01 -0.2421044E-02
  0.4350000E-01 -0.2421294E-02
  0.4355000E-01 -0.2421531E-02
  0.4360000E-01 -0.2421756E-02
  0.4365000E-01 -0.2421970E-02
  0.4370000E-01 -0.2422172E-02
  0.4375000E-01 -0.2422363E-02
  0.4380000E-01 -0.2422543E-02
  0.4385000E-01 -0.2422712E-02
  0.4390000E-01 -0.2422872E-02
  0.4395000E-01 -0.2423021E-02
  0.4400000E-01 -0.2423162E-02
  0.4405000E-01 -0.2423294E-02
  0.4410000E-01 -0.2423418E-02
  0.4415000E-01 -0.2423535E-02
  0.4420000E-01 -0.2423646E-02
  0.4425000E-01 -0.2423752E-02
  0.4430000E-01 -0.2423854E-02
  0.4435000E-01 -0.2423953E-02
  0.4440000E-01 -0.2424050E-02
  0.4445000E-01 -0.2424146E-02
  0.4450000E-01 -0.2424241E-02
  0.4455000E-01 -0.2424338E-02
  0.4460000E-01 -0.2424436E-02
  0.4465000E-01 -0.2424538E-02
  0.4470000E-01 -0.2424644E-02
  0.4475000E-01 -0.2424757E-02
  0.4480000E-01 -0.2424877E-02
  0.4485000E-01 -0.2425006E-02
  0.4490000E-01 -0.2425145E-02
  0.4495000E-01 -0.2425294E-02
  0.4500000E-01 -0.2425455E-02
  0.4505000E-01 -0.2425627E-02
  0.4510000E-01 -0.2425810E-02
  0.4515000E-01 -0.2426005E-02
  0.4520000E-01 -0.2426212E-02
  0.4525000E-01 -0.2426429E-02
  0.4530000E-01 -0.2426658E-02
  0.4535000E-01 -0.2426897E-02
  0.4540000E-01 -0.2427146E-02
  0.4545000E-01 -0.2427406E-02
  0.4550000E-01 -0.2427674E-02
  0.4555000E-01 -0.2427951E-02
  0.4560000E-01 -0.2428235E-02
  0.4565000E-01 -0.2428525E-02
  0.4570000E-01 -0.2428821E-02
  0.4575000E-01 -0.2429121E-02
  0.4580000E-01 -0.2429424E-02
  0.4585000E-01 -0.2429729E-02
  0.4590000E-01 -0.2430034E-02
  0.4595000E-01 -0.2430337E-02
  0.4600000E-01 -0.2430637E-02
  0.4605000E-01 -0.2430933E-02
  0.4610000E-01 -0.2431224E-02
  0.4615000E-01 -0.2431508E-02
  0.4620000E-01 -0.2431785E-02
  0.4625000E-01 -0.2432055E-02
  0.4630000E-01 -0.2432316E-02
  0.4635000E-01 -0.2432568E-02
  0.4640000E-01 -0.2432811E-02
  0.4645000E-01 -0.2433045E-02
  0.4650000E-01 -0.2433270E-02
  0.4655000E-01 -0.2433485E-02
  0.4660000E-01 -0.2433691E-02
  0.4665000E-01 -0.2433888E-02
  0.4670000E-01 -0.2434076E-02
  0.4675000E-01 -0.2434255E-02
  0.4680000E-01 -0.2434425E-02
  0.4685000E-01 -0.2434588E-02
  0.4690000E-01 -0.2434743E-02
  0.4695000E-01 -0.2434891E-02
  0.4700000E-01 -0.2435032E-02
  0.4705000E-01 -0.2435168E-02
  0.4710000E-01 -0.2435298E-02
  0.4715000E-01 -0.2435425E-02
  0.4720000E-01 -0.2435547E-02
  0.4725000E-01 -0.2435666E-02
  0.4730000E-01 -0.2435783E-02
  0.4735000E-01 -0.2435896E-02
  0.4740000E-01 -0.2436008E-02
  0.4745000E-01 -0.2436118E-02
  0.4750000E-01 -0.2436228E-02
  0.4755000E-01 -0.2436337E-02
  0.4760000E-01 -0.2436447E-02
  0.4765000E-01 -0.2436558E-02
  0.4770000E-01 -0.2436670E-02
  0.4775000E-01 -0.2436784E-02
  0.4780000E-01 -0.2436899E-02
  0.4785000E-01 -0.2437016E-02
  0.4790000E-01 -0.2437134E-02
  0.4795000E-01 -0.2437252E-02
  0.4800000E-01 -0.2437371E-02
  0.4805000E-01 -0.2437489E-02
  0.4810000E-01 -0.2437607E-02
  0.4815000E-01 -0.2437722E-02
  0.4820000E-01 -0.2437834E-02
  0.4825000E-01 -0.2437942E-02
  0.4830000E-01 -0.2438044E-02
  0.4835000E-01 -0.2438140E-02
  0.4840000E-01 -0.2438228E-02
  0.4845000E-01 -0.2438308E-02
  0.4850000E-01 -0.2438378E-02
  0.4855000E-01 -0.2438438E-02
  0.4860000E-01 -0.2438487E-02
  0.4865000E-01 -0.2438526E-02
  0.4870000E-01 -0.2438553E-02
  0.4875000E-01 -0.2438569E-02
  0.4880000E-01 -0.2438572E-02
  0.4885000E-01 -0.2438563E-02
  0.4890000E-01 -0.2438541E-02
  0.4895000E-01 -0.2438506E-02
  0.4900000E-01 -0.2438457E-02
  0.4905000E-01 -0.2438394E-02
  0.4910000E-01 -0.2438316E-02
  0.4915000E-01 -0.2438224E-02
  0.4920000E-01 -0.2438119E-02
  0.4925000E-01 -0.2437999E-02
  0.4930000E-01 -0.2437867E-02
  0.4935000E-01 -0.2437721E-02
  0.4940000E-01 -0.2437563E-02
  0.4945000E-01 -0.2437392E-02
  0.4950000E-01 -0.2437209E-02
  0.4955000E-01 -0.2437013E-02
  0.4960000E-01 -0.2436806E-02
  0.4965000E-01 -0.2436588E-02
  0.4970000E-01 -0.2436361E-02
  0.4975000E-01 -0.2436124E-02
  0.4980000E-01 -0.2435880E-02
  0.4985000E-01 -0.2435628E-02
  0.4990000E-01 -0.2435369E-02
  0.4995000E-01 -0.2435104E-02
  0.5000000E-01 -0.2434833E-02
  0.5005000E-01 -0.2434558E-02
  0.5010000E-01 -0.2434277E-02
  0.5015000E-01 -0.2433991E-02
  0.5020000E-01 -0.2433699E-02
  0.5025000E-01 -0.2433403E-02
  0.5030000E-01 -0.2433101E-02
  0.5035000E-01 -0.2432795E-02
  0.5040000E-01 -0.2432484E-02
  0.5045000E-01 -0.2432170E-02
  0.5050000E-01 -0.2431851E-02
  0.5055000E-01 -0.2431530E-02
  0.5060000E-01 -0.2431205E-02
  0.5065000E-01 -0.2430877E-02
  0.5070000E-01 -0.2430548E-02
  0.5075000E-01 -0.2430216E-02
  0.5080000E-01 -0.2429884E-02
  0.5085000E-01 -0.2429550E-02
  0.5090000E-01 -0.2429217E-02
  0.5095000E-01 -0.2428883E-02
  0.5100000E-01 -0.2428551E-02
  0.5105000E-01 -0.2428219E-02
  0.5110000E-01 -0.2427890E-02
  0.5115000E-01 -0.2427563E-02
  0.5120000E-01 -0.2427237E-02
  0.5125000E-01 -0.2426913E-02
  0.5130000E-01 -0.2426592E-02
  0.5135000E-01 -0.2426272E-02
  0.5140000E-01 -0.2425955E-02
  0.5145000E-01 -0.2425640E-02
  0.5150000E-01 -0.2425329E-02
  0.5155000E-01 -0.2425023E-02
  0.5160000E-01 -0.2424721E-02
  0.5165000E-01 -0.2424426E-02
  0.5170000E-01 -0.2424138E-02
  0.5175000E-01 -0.2423859E-02
  0.5180000E-01 -0.2423590E-02
  0.5185000E-01 -0.2423330E-02
  0.5190000E-01 -0.2423082E-02
  0.5195000E-01 -0.2422846E-02
  0.5200000E-01 -0.2422622E-02
  0.5205000E-01 -0.2422412E-02
  0.5210000E-01 -0.2422216E-02
  0.5215000E-01 -0.2422034E-02
  0.5220000E-01 -0.2421867E-02
  0.5225000E-01 -0.2421716E-02
  0.5230000E-01 -0.2421580E-02
  0.5235000E-01 -0.2421461E-02
  0.5240000E-01 -0.2421357E-02
  0.5245000E-01 -0.2421269E-02
  0.5250000E-01 -0.2421197E-02
  0.5255000E-01 -0.2421140E-02
  0.5260000E-01 -0.2421097E-02
  0.5265000E-01 -0.2421068E-02
  0.5270000E-01 -0.2421051E-02
  0.5275000E-01 -0.2421047E-02
  0.5280000E-01 -0.2421055E-02
  0.5285000E-01 -0.2421074E-02
  0.5290000E-01 -0.2421102E-02
  0.5295000E-01 -0.2421140E-02
  0.5300000E-01 -0.2421184E-02
  0.5305000E-01 -0.2421235E-02
  0.5310000E-01 -0.2421290E-02
  0.5315000E-01 -0.2421349E-02
  0.5320000E-01 -0.2421409E-02
  0.5325000E-01 -0.2421469E-02
  0.5330000E-01 -0.2421528E-02
  0.5335000E-01 -0.2421585E-02
  0.5340000E-01 -0.2421639E-02
  0.5345000E-01 -0.2421689E-02
  0.5350000E-01 -0.2421733E-02
  0.5355000E-01 -0.2421772E-02
  0.5360000E-01 -0.2421804E-02
  0.5365000E-01 -0.2421828E-02
  0.5370000E-01 -0.2421843E-02
  0.5375000E-01 -0.2421847E-02
  0.5380000E-01 -0.2421841E-02
  0.5385000E-01 -0.2421823E-02
  0.5390000E-01 -0.2421793E-02
  0.5395000E-01 -0.2421749E-02
  0.5400000E-01 -0.2421693E-02
  0.5405000E-01 -0.2421622E-02
  0.5410000E-01 -0.2421537E-02
  0.5415000E-01 -0.2421438E-02
  0.5420000E-01 -0.2421325E-02
  0.5425000E-01 -0.2421196E-02
  0.5430000E-01 -0.2421052E-02
  0.5435000E-01 -0.2420893E-02
  0.5440000E-01 -0.2420719E-02
  0.5445000E-01 -0.2420530E-02
  0.5450000E-01 -0.2420325E-02
  0.5455000E-01 -0.2420105E-02
  0.5460000E-01 -0.2419870E-02
  0.5465000E-01 -0.2419619E-02
  0.5470000E-01 -0.2419351E-02
  0.5475000E-01 -0.2419068E-02
  0.5480000E-01 -0.2418767E-02
  0.5485000E-01 -0.2418450E-02
  0.5490000E-01 -0.2418116E-02
  0.5495000E-01 -0.2417765E-02
  0.5500000E-01 -0.2417397E-02
  0.5505000E-01 -0.2417012E-02
  0.5510000E-01 -0.2416611E-02
  0.5515000E-01 -0.2416194E-02
  0.5520000E-01 -0.2415761E-02
  0.5525000E-01 -0.2415313E-02
  0.5530000E-01 -0.2414849E-02
  0.5535000E-01 -0.2414371E-02
  0.5540000E-01 -0.2413879E-02
  0.5545000E-01 -0.2413374E-02
  0.5550000E-01 -0.2412857E-02
  0.5555000E-01 -0.2412330E-02
  0.5560000E-01 -0.2411794E-02
  0.5565000E-01 -0.2411252E-02
  0.5570000E-01 -0.2410704E-02
  0.5575000E-01 -0.2410153E-02
  0.5580000E-01 -0.2409602E-02
  0.5585000E-01 -0.2409052E-02
  0.5590000E-01 -0.2408507E-02
  0.5595000E-01 -0.2407969E-02
  0.5600000E-01 -0.2407440E-02
  0.5605000E-01 -0.2406922E-02
  0.5610000E-01 -0.2406418E-02
  0.5615000E-01 -0.2405931E-02
  0.5620000E-01 -0.2405462E-02
  0.5625000E-01 -0.2405014E-02
  0.5630000E-01 -0.2404588E-02
  0.5635000E-01 -0.2404185E-02
  0.5640000E-01 -0.2403808E-02
  0.5645000E-01 -0.2403457E-02
  0.5650000E-01 -0.2403134E-02
  0.5655000E-01 -0.2402841E-02
  0.5660000E-01 -0.2402577E-02
  0.5665000E-01 -0.2402342E-02
  0.5670000E-01 -0.2402138E-02
  0.5675000E-01 -0.2401963E-02
  0.5680000E-01 -0.2401819E-02
  0.5685000E-01 -0.2401704E-02
  0.5690000E-01 -0.2401617E-02
  0.5695000E-01 -0.2401557E-02
  0.5700000E-01 -0.2401522E-02
  0.5705000E-01 -0.2401511E-02
  0.5710000E-01 -0.2401521E-02
  0.5715000E-01 -0.2401550E-02
  0.5720000E-01 -0.2401596E-02
  0.5725000E-01 -0.2401656E-02
  0.5730000E-01 -0.2401727E-02
  0.5735000E-01 -0.2401806E-02
  0.5740000E-01 -0.2401890E-02
  0.5745000E-01 -0.2401977E-02
  0.5750000E-01 -0.2402064E-02
  0.5755000E-01 -0.2402148E-02
  0.5760000E-01 -0.2402226E-02
  0.5765000E-01 -0.2402297E-02
  0.5770000E-01 -0.2402358E-02
  0.5775000E-01 -0.2402408E-02
  0.5780000E-01 -0.2402445E-02
  0.5785000E-01 -0.2402467E-02
  0.5790000E-01 -0.2402474E-02
  0.5795000E-01 -0.2402465E-02
  0.5800000E-01 -0.2402439E-02
  0.5805000E-01 -0.2402397E-02
  0.5810000E-01 -0.2402338E-02
  0.5815000E-01 -0.2402262E-02
  0.5820000E-01 -0.2402170E-02
  0.5825000E-01 -0.2402061E-02
  0.5830000E-01 -0.2401936E-02
  0.5835000E-01 -0.2401795E-02
  0.5840000E-01 -0.2401640E-02
  0.5845000E-01 -0.2401469E-02
  0.5850000E-01 -0.2401285E-02
  0.5855000E-01 -0.2401088E-02
  0.5860000E-01 -0.2400879E-02
  0.5865000E-01 -0.2400658E-02
  0.5870000E-01 -0.2400426E-02
  0.5875000E-01 -0.2400183E-02
  0.5880000E-01 -0.2399930E-02
  0.5885000E-01 -0.2399666E-02
  0.5890000E-01 -0.2399393E-02
  0.5895000E-01 -0.2399110E-02
  0.5900000E-01 -0.2398817E-02
  0.5905000E-01 -0.2398514E-02
  0.5910000E-01 -0.2398202E-02
  0.5915000E-01 -0.2397880E-02
  0.5920000E-01 -0.2397550E-02
  0.5925000E-01 -0.2397211E-02
  0.5930000E-01 -0.2396863E-02
  0.5935000E-01 -0.2396507E-02
  0.5940000E-01 -0.2396143E-02
  0.5945000E-01 -0.2395771E-02
  0.5950000E-01 -0.2395391E-02
  0.5955000E-01 -0.2395004E-02
  0.5960000E-01 -0.2394609E-02
  0.5965000E-01 -0.2394207E-02
  0.5970000E-01 -0.2393799E-02
  0.5975000E-01 -0.2393384E-02
  0.5980000E-01 -0.2392962E-02
  0.5985000E-01 -0.2392535E-02
  0.5990000E-01 -0.2392101E-02
  0.5995000E-01 -0.2391662E-02
  0.6000000E-01 -0.2391219E-02
  0.6005000E-01 -0.2390771E-02
  0.6010000E-01 -0.2390320E-02
  0.6015000E-01 -0.2389866E-02
  0.6020000E-01 -0.2389410E-02
  0.6025000E-01 -0.2388953E-02
  0.6030000E-01 -0.2388495E-02
  0.6035000E-01 -0.2388037E-02
  0.6040000E-01 -0.2387579E-02
  0.6045000E-01 -0.2387123E-02
  0.6050000E-01 -0.2386668E-02
  0.6055000E-01 -0.2386215E-02
  0.6060000E-01 -0.2385764E-02
  0.6065000E-01 -0.2385316E-02
  0.6070000E-01 -0.2384872E-02
  0.6075000E-01 -0.2384432E-02
  0.6080000E-01 -0.2383996E-02
  0.6085000E-01 -0.2383564E-02
  0.6090000E-01 -0.2383138E-02
  0.6095000E-01 -0.2382718E-02
  0.6100000E-01 -0.2382303E-02
  0.6105000E-01 -0.2381895E-02
  0.6110000E-01 -0.2381493E-02
  0.6115000E-01 -0.2381098E-02
  0.6120000E-01 -0.2380709E-02
  0.6125000E-01 -0.2380326E-02
  0.6130000E-01 -0.2379948E-02
  0.6135000E-01 -0.2379576E-02
  0.6140000E-01 -0.2379208E-02
  0.6145000E-01 -0.2378844E-02
  0.6150000E-01 -0.2378484E-02
  0.6155000E-01 -0.2378126E-02
  0.6160000E-01 -0.2377770E-02
  0.6165000E-01 -0.2377416E-02
  0.6170000E-01 -0.2377062E-02
  0.6175000E-01 -0.2376710E-02
  0.6180000E-01 -0.2376357E-02
  0.6185000E-01 -0.2376005E-02
  0.6190000E-01 -0.2375652E-02
  0.6195000E-01 -0.2375299E-02
  0.6200000E-01 -0.2374944E-02
  0.6205000E-01 -0.2374589E-02
  0.6210000E-01 -0.2374232E-02
  0.6215000E-01 -0.2373873E-02
  0.6220000E-01 -0.2373512E-02
  0.6225000E-01 -0.2373148E-02
  0.6230000E-01 -0.2372781E-02
  0.6235000E-01 -0.2372411E-02
  0.6240000E-01 -0.2372037E-02
  0.6245000E-01 -0.2371658E-02
  0.6250000E-01 -0.2371275E-02
  0.6255000E-01 -0.2370886E-02
  0.6260000E-01 -0.2370492E-02
  0.6265000E-01 -0.2370092E-02
  0.6270000E-01 -0.2369687E-02
  0.6275000E-01 -0.2369276E-02
  0.6280000E-01 -0.2368859E-02
  0.6285000E-01 -0.2368435E-02
  0.6290000E-01 -0.2368005E-02
  0.6295000E-01 -0.2367568E-02
  0.6300000E-01 -0.2367125E-02
  0.6305000E-01 -0.2366675E-02
  0.6310000E-01 -0.2366218E-02
  0.6315000E-01 -0.2365753E-02
  0.6320000E-01 -0.2365281E-02
  0.6325000E-01 -0.2364800E-02
  0.6330000E-01 -0.2364311E-02
  0.6335000E-01 -0.2363815E-02
  0.6340000E-01 -0.2363310E-02
  0.6345000E-01 -0.2362798E-02
  0.6350000E-01 -0.2362276E-02
  0.6355000E-01 -0.2361746E-02
  0.6360000E-01 -0.2361206E-02
  0.6365000E-01 -0.2360656E-02
  0.6370000E-01 -0.2360095E-02
  0.6375000E-01 -0.2359526E-02
  0.6380000E-01 -0.2358947E-02
  0.6385000E-01 -0.2358360E-02
  0.6390000E-01 -0.2357765E-02
  0.6395000E-01 -0.2357164E-02
  0.6400000E-01 -0.2356556E-02
  0.6405000E-01 -0.2355942E-02
  0.6410000E-01 -0.2355323E-02
  0.6415000E-01 -0.2354698E-02
  0.6420000E-01 -0.2354070E-02
  0.6425000E-01 -0.2353439E-02
  0.6430000E-01 -0.2352804E-02
  0.6435000E-01 -0.2352166E-02
  0.6440000E-01 -0.2351526E-02
  0.6445000E-01 -0.2350884E-02
  0.6450000E-01 -0.2350240E-02
  0.6455000E-01 -0.2349593E-02
  0.6460000E-01 -0.2348944E-02
  0.6465000E-01 -0.2348293E-02
  0.6470000E-01 -0.2347640E-02
  0.6475000E-01 -0.2346985E-02
  0.6480000E-01 -0.2346328E-02
  0.6485000E-01 -0.2345671E-02
  0.6490000E-01 -0.2345013E-02
  0.6495000E-01 -0.2344353E-02
  0.6500000E-01 -0.2343694E-02
  0.6505000E-01 -0.2343034E-02
  0.6510000E-01 -0.2342373E-02
  0.6515000E-01 -0.2341711E-02
  0.6520000E-01 -0.2341049E-02
  0.6525000E-01 -0.2340387E-02
  0.6530000E-01 -0.2339726E-02
  0.6535000E-01 -0.2339066E-02
  0.6540000E-01 -0.2338408E-02
  0.6545000E-01 -0.2337752E-02
  0.6550000E-01 -0.2337098E-02
  0.6555000E-01 -0.2336447E-02
  0.6560000E-01 -0.2335799E-02
  0.6565000E-01 -0.2335155E-02
  0.6570000E-01 -0.2334513E-02
  0.6575000E-01 -0.2333875E-02
  0.6580000E-01 -0.2333240E-02
  0.6585000E-01 -0.2332607E-02
  0.6590000E-01 -0.2331976E-02
  0.6595000E-01 -0.2331347E-02
  0.6600000E-01 -0.2330719E-02
  0.6605000E-01 -0.2330091E-02
  0.6610000E-01 -0.2329463E-02
  0.6615000E-01 -0.2328834E-02
  0.6620000E-01 -0.2328204E-02
  0.6625000E-01 -0.2327573E-02
  0.6630000E-01 -0.2326940E-02
  0.6635000E-01 -0.2326306E-02
  0.6640000E-01 -0.2325668E-02
  0.6645000E-01 -0.2325027E-02
  0.6650000E-01 -0.2324384E-02
  0.6655000E-01 -0.2323739E-02
  0.6660000E-01 -0.2323093E-02
  0.6665000E-01 -0.2322445E-02
  0.6670000E-01 -0.2321797E-02
  0.6675000E-01 -0.2321148E-02
  0.6680000E-01 -0.2320499E-02
  0.6685000E-01 -0.2319851E-02
  0.6690000E-01 -0.2319202E-02
  0.6695000E-01 -0.2318554E-02
  0.6700000E-01 -0.2317907E-02
  0.6705000E-01 -0.2317260E-02
  0.6710000E-01 -0.2316615E-02
  0.6715000E-01 -0.2315970E-02
  0.6720000E-01 -0.2315327E-02
  0.6725000E-01 -0.2314683E-02
  0.6730000E-01 -0.2314041E-02
  0.6735000E-01 -0.2313398E-02
  0.6740000E-01 -0.2312756E-02
  0.6745000E-01 -0.2312115E-02
  0.6750000E-01 -0.2311476E-02
  0.6755000E-01 -0.2310838E-02
  0.6760000E-01 -0.2310201E-02
  0.6765000E-01 -0.2309567E-02
  0.6770000E-01 -0.2308934E-02
  0.6775000E-01 -0.2308303E-02
  0.6780000E-01 -0.2307674E-02
  0.6785000E-01 -0.2307046E-02
  0.6790000E-01 -0.2306419E-02
  0.6795000E-01 -0.2305794E-02
  0.6800000E-01 -0.2305171E-02
  0.6805000E-01 -0.2304550E-02
  0.6810000E-01 -0.2303932E-02
  0.6815000E-01 -0.2303316E-02
  0.6820000E-01 -0.2302702E-02
  0.6825000E-01 -0.2302089E-02
  0.6830000E-01 -0.2301477E-02
  0.6835000E-01 -0.2300866E-02
  0.6840000E-01 -0.2300255E-02
  0.6845000E-01 -0.2299644E-02
  0.6850000E-01 -0.2299033E-02
  0.6855000E-01 -0.2298422E-02
  0.6860000E-01 -0.2297811E-02
  0.6865000E-01 -0.2297201E-02
  0.6870000E-01 -0.2296591E-02
  0.6875000E-01 -0.2295982E-02
  0.6880000E-01 -0.2295373E-02
  0.6885000E-01 -0.2294765E-02
  0.6890000E-01 -0.2294159E-02
  0.6895000E-01 -0.2293552E-02
  0.6900000E-01 -0.2292948E-02
  0.6905000E-01 -0.2292344E-02
  0.6910000E-01 -0.2291743E-02
  0.6915000E-01 -0.2291145E-02
  0.6920000E-01 -0.2290549E-02
  0.6925000E-01 -0.2289957E-02
  0.6930000E-01 -0.2289367E-02
  0.6935000E-01 -0.2288779E-02
  0.6940000E-01 -0.2288193E-02
  0.6945000E-01 -0.2287609E-02
  0.6950000E-01 -0.2287025E-02
  0.6955000E-01 -0.2286443E-02
  0.6960000E-01 -0.2285861E-02
  0.6965000E-01 -0.2285279E-02
  0.6970000E-01 -0.2284697E-02
  0.6975000E-01 -0.2284115E-02
  0.6980000E-01 -0.2283533E-02
  0.6985000E-01 -0.2282951E-02
  0.6990000E-01 -0.2282367E-02
  0.6995000E-01 -0.2281782E-02
  0.7000000E-01 -0.2281195E-02
  0.7005000E-01 -0.2280606E-02
  0.7010000E-01 -0.2280014E-02
  0.7015000E-01 -0.2279419E-02
  0.7020000E-01 -0.2278820E-02
  0.7025000E-01 -0.2278217E-02
  0.7030000E-01 -0.2277610E-02
  0.7035000E-01 -0.2276997E-02
  0.7040000E-01 -0.2276378E-02
  0.7045000E-01 -0.2275753E-02
  0.7050000E-01 -0.2275120E-02
  0.7055000E-01 -0.2274479E-02
  0.7060000E-01 -0.2273830E-02
  0.7065000E-01 -0.2273173E-02
  0.7070000E-01 -0.2272508E-02
  0.7075000E-01 -0.2271834E-02
  0.7080000E-01 -0.2271151E-02
  0.7085000E-01 -0.2270459E-02
  0.7090000E-01 -0.2269757E-02
  0.7095000E-01 -0.2269047E-02
  0.7100000E-01 -0.2268329E-02
  0.7105000E-01 -0.2267604E-02
  0.7110000E-01 -0.2266872E-02
  0.7115000E-01 -0.2266135E-02
  0.7120000E-01 -0.2265392E-02
  0.7125000E-01 -0.2264644E-02
  0.7130000E-01 -0.2263892E-02
  0.7135000E-01 -0.2263136E-02
  0.7140000E-01 -0.2262376E-02
  0.7145000E-01 -0.2261613E-02
  0.7150000E-01 -0.2260848E-02
  0.7155000E-01 -0.2260082E-02
  0.7160000E-01 -0.2259313E-02
  0.7165000E-01 -0.2258544E-02
  0.7170000E-01 -0.2257773E-02
  0.7175000E-01 -0.2256999E-02
  0.7180000E-01 -0.2256224E-02
  0.7185000E-01 -0.2255447E-02
  0.7190000E-01 -0.2254668E-02
  0.7195000E-01 -0.2253888E-02
  0.7200000E-01 -0.2253108E-02
  0.7205000E-01 -0.2252327E-02
  0.7210000E-01 -0.2251545E-02
  0.7215000E-01 -0.2250762E-02
  0.7220000E-01 -0.2249979E-02
  0.7225000E-01 -0.2249196E-02
  0.7230000E-01 -0.2248412E-02
  0.7235000E-01 -0.2247628E-02
  0.7240000E-01 -0.2246843E-02
  0.7245000E-01 -0.2246059E-02
  0.7250000E-01 -0.2245274E-02
  0.7255000E-01 -0.2244490E-02
  0.7260000E-01 -0.2243704E-02
  0.7265000E-01 -0.2242919E-02
  0.7270000E-01 -0.2242132E-02
  0.7275000E-01 -0.2241344E-02
  0.7280000E-01 -0.2240553E-02
  0.7285000E-01 -0.2239757E-02
  0.7290000E-01 -0.2238956E-02
  0.7295000E-01 -0.2238149E-02
  0.7300000E-01 -0.2237334E-02
  0.7305000E-01 -0.2236512E-02
  0.7310000E-01 -0.2235682E-02
  0.7315000E-01 -0.2234842E-02
  0.7320000E-01 -0.2233994E-02
  0.7325000E-01 -0.2233136E-02
  0.7330000E-01 -0.2232267E-02
  0.7335000E-01 -0.2231387E-02
  0.7340000E-01 -0.2230496E-02
  0.7345000E-01 -0.2229595E-02
  0.7350000E-01 -0.2228685E-02
  0.7355000E-01 -0.2227767E-02
  0.7360000E-01 -0.2226842E-02
  0.7365000E-01 -0.2225910E-02
  0.7370000E-01 -0.2224973E-02
  0.7375000E-01 -0.2224029E-02
  0.7380000E-01 -0.2223080E-02
  0.7385000E-01 -0.2222124E-02
  0.7390000E-01 -0.2221160E-02
  0.7395000E-01 -0.2220188E-02
  0.7400000E-01 -0.2219207E-02
  0.7405000E-01 -0.2218218E-02
  0.7410000E-01 -0.2217219E-02
  0.7415000E-01 -0.2216213E-02
  0.7420000E-01 -0.2215199E-02
  0.7425000E-01 -0.2214178E-02
  0.7430000E-01 -0.2213149E-02
  0.7435000E-01 -0.2212113E-02
  0.7440000E-01 -0.2211072E-02
  0.7445000E-01 -0.2210026E-02
  0.7450000E-01 -0.2208977E-02
  0.7455000E-01 -0.2207926E-02
  0.7460000E-01 -0.2206873E-02
  0.7465000E-01 -0.2205821E-02
  0.7470000E-01 -0.2204768E-02
  0.7475000E-01 -0.2203717E-02
  0.7480000E-01 -0.2202667E-02
  0.7485000E-01 -0.2201617E-02
  0.7490000E-01 -0.2200570E-02
  0.7495000E-01 -0.2199523E-02
  0.7500000E-01 -0.2198477E-02
  0.7505000E-01 -0.2197433E-02
  0.7510000E-01 -0.2196390E-02
  0.7515000E-01 -0.2195350E-02
  0.7520000E-01 -0.2194313E-02
  0.7525000E-01 -0.2193279E-02
  0.7530000E-01 -0.2192248E-02
  0.7535000E-01 -0.2191220E-02
  0.7540000E-01 -0.2190194E-02
  0.7545000E-01 -0.2189171E-02
  0.7550000E-01 -0.2188152E-02
  0.7555000E-01 -0.2187137E-02
  0.7560000E-01 -0.2186126E-02
  0.7565000E-01 -0.2185119E-02
  0.7570000E-01 -0.2184118E-02
  0.7575000E-01 -0.2183121E-02
  0.7580000E-01 -0.2182127E-02
  0.7585000E-01 -0.2181136E-02
  0.7590000E-01 -0.2180148E-02
  0.7595000E-01 -0.2179160E-02
  0.7600000E-01 -0.2178174E-02
  0.7605000E-01 -0.2177189E-02
  0.7610000E-01 -0.2176207E-02
  0.7615000E-01 -0.2175228E-02
  0.7620000E-01 -0.2174251E-02
  0.7625000E-01 -0.2173276E-02
  0.7630000E-01 -0.2172304E-02
  0.7635000E-01 -0.2171335E-02
  0.7640000E-01 -0.2170368E-02
  0.7645000E-01 -0.2169404E-02
  0.7650000E-01 -0.2168444E-02
  0.7655000E-01 -0.2167488E-02
  0.7660000E-01 -0.2166537E-02
  0.7665000E-01 -0.2165592E-02
  0.7670000E-01 -0.2164650E-02
  0.7675000E-01 -0.2163713E-02
  0.7680000E-01 -0.2162779E-02
  0.7685000E-01 -0.2161849E-02
  0.7690000E-01 -0.2160921E-02
  0.7695000E-01 -0.2159996E-02
  0.7700000E-01 -0.2159074E-02
  0.7705000E-01 -0.2158155E-02
  0.7710000E-01 -0.2157239E-02
  0.7715000E-01 -0.2156326E-02
  0.7720000E-01 -0.2155416E-02
  0.7725000E-01 -0.2154511E-02
  0.7730000E-01 -0.2153609E-02
  0.7735000E-01 -0.2152711E-02
  0.7740000E-01 -0.2151819E-02
  0.7745000E-01 -0.2150931E-02
  0.7750000E-01 -0.2150050E-02
  0.7755000E-01 -0.2149177E-02
  0.7760000E-01 -0.2148313E-02
  0.7765000E-01 -0.2147460E-02
  0.7770000E-01 -0.2146618E-02
  0.7775000E-01 -0.2145790E-02
  0.7780000E-01 -0.2144974E-02
  0.7785000E-01 -0.2144172E-02
  0.7790000E-01 -0.2143383E-02
  0.7795000E-01 -0.2142609E-02
  0.7800000E-01 -0.2141850E-02
  0.7805000E-01 -0.2141107E-02
  0.7810000E-01 -0.2140380E-02
  0.7815000E-01 -0.2139668E-02
  0.7820000E-01 -0.2138971E-02
  0.7825000E-01 -0.2138288E-02
  0.7830000E-01 -0.2137617E-02
  0.7835000E-01 -0.2136959E-02
  0.7840000E-01 -0.2136311E-02
  0.7845000E-01 -0.2135674E-02
  0.7850000E-01 -0.2135044E-02
  0.7855000E-01 -0.2134421E-02
  0.7860000E-01 -0.2133801E-02
  0.7865000E-01 -0.2133182E-02
  0.7870000E-01 -0.2132559E-02
  0.7875000E-01 -0.2131932E-02
  0.7880000E-01 -0.2131298E-02
  0.7885000E-01 -0.2130654E-02
  0.7890000E-01 -0.2130001E-02
  0.7895000E-01 -0.2129335E-02
  0.7900000E-01 -0.2128655E-02
  0.7905000E-01 -0.2127959E-02
  0.7910000E-01 -0.2127248E-02
  0.7915000E-01 -0.2126520E-02
  0.7920000E-01 -0.2125775E-02
  0.7925000E-01 -0.2125014E-02
  0.7930000E-01 -0.2124236E-02
  0.7935000E-01 -0.2123441E-02
  0.7940000E-01 -0.2122629E-02
  0.7945000E-01 -0.2121799E-02
  0.7950000E-01 -0.2120953E-02
  0.7955000E-01 -0.2120090E-02
  0.7960000E-01 -0.2119210E-02
  0.7965000E-01 -0.2118315E-02
  0.7970000E-01 -0.2117405E-02
  0.7975000E-01 -0.2116480E-02
  0.7980000E-01 -0.2115540E-02
  0.7985000E-01 -0.2114587E-02
  0.7990000E-01 -0.2113618E-02
  0.7995000E-01 -0.2112636E-02
  0.8000000E-01 -0.2111640E-02
  0.8005000E-01 -0.2110631E-02
  0.8010000E-01 -0.2109608E-02
  0.8015000E-01 -0.2108571E-02
  0.8020000E-01 -0.2107518E-02
  0.8025000E-01 -0.2106450E-02
  0.8030000E-01 -0.2105364E-02
  0.8035000E-01 -0.2104262E-02
  0.8040000E-01 -0.2103144E-02
  0.8045000E-01 -0.2102009E-02
  0.8050000E-01 -0.2100860E-02
  0.8055000E-01 -0.2099697E-02
  0.8060000E-01 -0.2098519E-02
  0.8065000E-01 -0.2097329E-02
  0.8070000E-01 -0.2096128E-02
  0.8075000E-01 -0.2094917E-02
  0.8080000E-01 -0.2093697E-02
  0.8085000E-01 -0.2092471E-02
  0.8090000E-01 -0.2091240E-02
  0.8095000E-01 -0.2090006E-02
  0.8100000E-01 -0.2088770E-02
  0.8105000E-01 -0.2087532E-02
  0.8110000E-01 -0.2086293E-02
  0.8115000E-01 -0.2085054E-02
  0.8120000E-01 -0.2083815E-02
  0.8125000E-01 -0.2082577E-02
  0.8130000E-01 -0.2081341E-02
  0.8135000E-01 -0.2080109E-02
  0.8140000E-01 -0.2078880E-02
  0.8145000E-01 -0.2077656E-02
  0.8150000E-01 -0.2076435E-02
  0.8155000E-01 -0.2075218E-02
  0.8160000E-01 -0.2074004E-02
  0.8165000E-01 -0.2072795E-02
  0.8170000E-01 -0.2071589E-02
  0.8175000E-01 -0.2070388E-02
  0.8180000E-01 -0.2069192E-02
  0.8185000E-01 -0.2067999E-02
  0.8190000E-01 -0.2066811E-02
  0.8195000E-01 -0.2065627E-02
  0.8200000E-01 -0.2064447E-02
  0.8205000E-01 -0.2063271E-02
  0.8210000E-01 -0.2062098E-02
  0.8215000E-01 -0.2060926E-02
  0.8220000E-01 -0.2059752E-02
  0.8225000E-01 -0.2058577E-02
  0.8230000E-01 -0.2057399E-02
  0.8235000E-01 -0.2056219E-02
  0.8240000E-01 -0.2055036E-02
  0.8245000E-01 -0.2053851E-02
  0.8250000E-01 -0.2052664E-02
  0.8255000E-01 -0.2051474E-02
  0.8260000E-01 -0.2050283E-02
  0.8265000E-01 -0.2049089E-02
  0.8270000E-01 -0.2047893E-02
  0.8275000E-01 -0.2046694E-02
  0.8280000E-01 -0.2045490E-02
  0.8285000E-01 -0.2044278E-02
  0.8290000E-01 -0.2043057E-02
  0.8295000E-01 -0.2041824E-02
  0.8300000E-01 -0.2040579E-02
  0.8305000E-01 -0.2039321E-02
  0.8310000E-01 -0.2038050E-02
  0.8315000E-01 -0.2036767E-02
  0.8320000E-01 -0.2035471E-02
  0.8325000E-01 -0.2034163E-02
  0.8330000E-01 -0.2032842E-02
  0.8335000E-01 -0.2031510E-02
  0.8340000E-01 -0.2030165E-02
  0.8345000E-01 -0.2028808E-02
  0.8350000E-01 -0.2027439E-02
  0.8355000E-01 -0.2026058E-02
  0.8360000E-01 -0.2024667E-02
  0.8365000E-01 -0.2023266E-02
  0.8370000E-01 -0.2021856E-02
  0.8375000E-01 -0.2020437E-02
  0.8380000E-01 -0.2019010E-02
  0.8385000E-01 -0.2017573E-02
  0.8390000E-01 -0.2016126E-02
  0.8395000E-01 -0.2014671E-02
  0.8400000E-01 -0.2013205E-02
  0.8405000E-01 -0.2011729E-02
  0.8410000E-01 -0.2010243E-02
  0.8415000E-01 -0.2008747E-02
  0.8420000E-01 -0.2007241E-02
  0.8425000E-01 -0.2005724E-02
  0.8430000E-01 -0.2004197E-02
  0.8435000E-01 -0.2002657E-02
  0.8440000E-01 -0.2001106E-02
  0.8445000E-01 -0.1999544E-02
  0.8450000E-01 -0.1997970E-02
  0.8455000E-01 -0.1996387E-02
  0.8460000E-01 -0.1994794E-02
  0.8465000E-01 -0.1993192E-02
  0.8470000E-01 -0.1991581E-02
  0.8475000E-01 -0.1989962E-02
  0.8480000E-01 -0.1988336E-02
  0.8485000E-01 -0.1986701E-02
  0.8490000E-01 -0.1985058E-02
  0.8495000E-01 -0.1983405E-02
  0.8500000E-01 -0.1981743E-02
  0.8505000E-01 -0.1980071E-02
  0.8510000E-01 -0.1978391E-02
  0.8515000E-01 -0.1976699E-02
  0.8520000E-01 -0.1974997E-02
  0.8525000E-01 -0.1973282E-02
  0.8530000E-01 -0.1971554E-02
  0.8535000E-01 -0.1969813E-02
  0.8540000E-01 -0.1968058E-02
  0.8545000E-01 -0.1966289E-02
  0.8550000E-01 -0.1964505E-02
  0.8555000E-01 -0.1962707E-02
  0.8560000E-01 -0.1960895E-02
  0.8565000E-01 -0.1959069E-02
  0.8570000E-01 -0.1957230E-02
  0.8575000E-01 -0.1955377E-02
  0.8580000E-01 -0.1953510E-02
  0.8585000E-01 -0.1951628E-02
  0.8590000E-01 -0.1949731E-02
  0.8595000E-01 -0.1947816E-02
  0.8600000E-01 -0.1945883E-02
  0.8605000E-01 -0.1943927E-02
  0.8610000E-01 -0.1941946E-02
  0.8615000E-01 -0.1939940E-02
  0.8620000E-01 -0.1937907E-02
  0.8625000E-01 -0.1935846E-02
  0.8630000E-01 -0.1933758E-02
  0.8635000E-01 -0.1931642E-02
  0.8640000E-01 -0.1929497E-02
  0.8645000E-01 -0.1927322E-02
  0.8650000E-01 -0.1925117E-02
  0.8655000E-01 -0.1922882E-02
  0.8660000E-01 -0.1920614E-02
  0.8665000E-01 -0.1918313E-02
  0.8670000E-01 -0.1915977E-02
  0.8675000E-01 -0.1913609E-02
  0.8680000E-01 -0.1911209E-02
  0.8685000E-01 -0.1908779E-02
  0.8690000E-01 -0.1906321E-02
  0.8695000E-01 -0.1903838E-02
  0.8700000E-01 -0.1901330E-02
  0.8705000E-01 -0.1898801E-02
  0.8710000E-01 -0.1896251E-02
  0.8715000E-01 -0.1893683E-02
  0.8720000E-01 -0.1891095E-02
  0.8725000E-01 -0.1888490E-02
  0.8730000E-01 -0.1885866E-02
  0.8735000E-01 -0.1883225E-02
  0.8740000E-01 -0.1880569E-02
  0.8745000E-01 -0.1877901E-02
  0.8750000E-01 -0.1875225E-02
  0.8755000E-01 -0.1872545E-02
  0.8760000E-01 -0.1869864E-02
  0.8765000E-01 -0.1867183E-02
  0.8770000E-01 -0.1864506E-02
  0.8775000E-01 -0.1861838E-02
  0.8780000E-01 -0.1859183E-02
  0.8785000E-01 -0.1856547E-02
  0.8790000E-01 -0.1853935E-02
  0.8795000E-01 -0.1851350E-02
  0.8800000E-01 -0.1848798E-02
  0.8805000E-01 -0.1846283E-02
  0.8810000E-01 -0.1843808E-02
  0.8815000E-01 -0.1841377E-02
  0.8820000E-01 -0.1838993E-02
  0.8825000E-01 -0.1836657E-02
  0.8830000E-01 -0.1834373E-02
  0.8835000E-01 -0.1832140E-02
  0.8840000E-01 -0.1829958E-02
  0.8845000E-01 -0.1827825E-02
  0.8850000E-01 -0.1825741E-02
  0.8855000E-01 -0.1823706E-02
  0.8860000E-01 -0.1821718E-02
  0.8865000E-01 -0.1819775E-02
  0.8870000E-01 -0.1817875E-02
  0.8875000E-01 -0.1816013E-02
  0.8880000E-01 -0.1814188E-02
  0.8885000E-01 -0.1812394E-02
  0.8890000E-01 -0.1810627E-02
  0.8895000E-01 -0.1808883E-02
  0.8900000E-01 -0.1807159E-02
  0.8905000E-01 -0.1805451E-02
  0.8910000E-01 -0.1803755E-02
  0.8915000E-01 -0.1802065E-02
  0.8920000E-01 -0.1800378E-02
  0.8925000E-01 -0.1798689E-02
  0.8930000E-01 -0.1796993E-02
  0.8935000E-01 -0.1795289E-02
  0.8940000E-01 -0.1793574E-02
  0.8945000E-01 -0.1791847E-02
  0.8950000E-01 -0.1790108E-02
  0.8955000E-01 -0.1788357E-02
  0.8960000E-01 -0.1786594E-02
  0.8965000E-01 -0.1784816E-02
  0.8970000E-01 -0.1783024E-02
  0.8975000E-01 -0.1781216E-02
  0.8980000E-01 -0.1779390E-02
  0.8985000E-01 -0.1777545E-02
  0.8990000E-01 -0.1775678E-02
  0.8995000E-01 -0.1773787E-02
  0.9000000E-01 -0.1771872E-02
  0.9005000E-01 -0.1769932E-02
  0.9010000E-01 -0.1767966E-02
  0.9015000E-01 -0.1765975E-02
  0.9020000E-01 -0.1763956E-02
  0.9025000E-01 -0.1761909E-02
  0.9030000E-01 -0.1759832E-02
  0.9035000E-01 -0.1757723E-02
  0.9040000E-01 -0.1755582E-02
  0.9045000E-01 -0.1753408E-02
  0.9050000E-01 -0.1751199E-02
  0.9055000E-01 -0.1748956E-02
  0.9060000E-01 -0.1746678E-02
  0.9065000E-01 -0.1744366E-02
  0.9070000E-01 -0.1742023E-02
  0.9075000E-01 -0.1739648E-02
  0.9080000E-01 -0.1737246E-02
  0.9085000E-01 -0.1734817E-02
  0.9090000E-01 -0.1732363E-02
  0.9095000E-01 -0.1729884E-02
  0.9100000E-01 -0.1727380E-02
  0.9105000E-01 -0.1724853E-02
  0.9110000E-01 -0.1722305E-02
  0.9115000E-01 -0.1719734E-02
  0.9120000E-01 -0.1717140E-02
  0.9125000E-01 -0.1714523E-02
  0.9130000E-01 -0.1711883E-02
  0.9135000E-01 -0.1709218E-02
  0.9140000E-01 -0.1706530E-02
  0.9145000E-01 -0.1703819E-02
  0.9150000E-01 -0.1701085E-02
  0.9155000E-01 -0.1698327E-02
  0.9160000E-01 -0.1695548E-02
  0.9165000E-01 -0.1692749E-02
  0.9170000E-01 -0.1689931E-02
  0.9175000E-01 -0.1687095E-02
  0.9180000E-01 -0.1684244E-02
  0.9185000E-01 -0.1681379E-02
  0.9190000E-01 -0.1678502E-02
  0.9195000E-01 -0.1675613E-02
  0.9200000E-01 -0.1672713E-02
  0.9205000E-01 -0.1669804E-02
  0.9210000E-01 -0.1666888E-02
  0.9215000E-01 -0.1663966E-02
  0.9220000E-01 -0.1661042E-02
  0.9225000E-01 -0.1658119E-02
  0.9230000E-01 -0.1655203E-02
  0.9235000E-01 -0.1652300E-02
  0.9240000E-01 -0.1649414E-02
  0.9245000E-01 -0.1646552E-02
  0.9250000E-01 -0.1643717E-02
  0.9255000E-01 -0.1640916E-02
  0.9260000E-01 -0.1638155E-02
  0.9265000E-01 -0.1635442E-02
  0.9270000E-01 -0.1632784E-02
  0.9275000E-01 -0.1630185E-02
  0.9280000E-01 -0.1627649E-02
  0.9285000E-01 -0.1625174E-02
  0.9290000E-01 -0.1622756E-02
  0.9295000E-01 -0.1620384E-02
  0.9300000E-01 -0.1618047E-02
  0.9305000E-01 -0.1615725E-02
  0.9310000E-01 -0.1613396E-02
  0.9315000E-01 -0.1611029E-02
  0.9320000E-01 -0.1608590E-02
  0.9325000E-01 -0.1606040E-02
  0.9330000E-01 -0.1603337E-02
  0.9335000E-01 -0.1600439E-02
  0.9340000E-01 -0.1597302E-02
  0.9345000E-01 -0.1593885E-02
  0.9350000E-01 -0.1590153E-02
  0.9355000E-01 -0.1586078E-02
  0.9360000E-01 -0.1581639E-02
  0.9365000E-01 -0.1576829E-02
  0.9370000E-01 -0.1571647E-02
  0.9375000E-01 -0.1566101E-02
  0.9380000E-01 -0.1560209E-02
  0.9385000E-01 -0.1553991E-02
  0.9390000E-01 -0.1547471E-02
  0.9395000E-01 -0.1540671E-02
  0.9400000E-01 -0.1533610E-02
  0.9405000E-01 -0.1526299E-02
  0.9410000E-01 -0.1518740E-02
  0.9415000E-01 -0.1510923E-02
  0.9420000E-01 -0.1502832E-02
  0.9425000E-01 -0.1494439E-02
  0.9430000E-01 -0.1485713E-02
  0.9435000E-01 -0.1476617E-02
  0.9440000E-01 -0.1467118E-02
  0.9445000E-01 -0.1457186E-02
  0.9450000E-01 -0.1446799E-02
  0.9455000E-01 -0.1435949E-02
  0.9460000E-01 -0.1424643E-02
  0.9465000E-01 -0.1412909E-02
  0.9470000E-01 -0.1400804E-02
  0.9475000E-01 -0.1388410E-02
  0.9480000E-01 -0.1375842E-02
  0.9485000E-01 -0.1363249E-02
  0.9490000E-01 -0.1350810E-02
  0.9495000E-01 -0.1338727E-02
  0.9500000E-01 -0.1327221E-02
  0.9505000E-01 -0.1316519E-02
  0.9510000E-01 -0.1306837E-02
  0.9515000E-01 -0.1298372E-02
  0.9520000E-01 -0.1291286E-02
  0.9525000E-01 -0.1285691E-02
  0.9530000E-01 -0.1281641E-02
  0.9535000E-01 -0.1279127E-02
  0.9540000E-01 -0.1278078E-02
  0.9545000E-01 -0.1278362E-02
  0.9550000E-01 -0.1279797E-02
  0.9555000E-01 -0.1282166E-02
  0.9560000E-01 -0.1285227E-02
  0.9565000E-01 -0.1288726E-02
  0.9570000E-01 -0.1292418E-02
  0.9575000E-01 -0.1296073E-02
  0.9580000E-01 -0.1299489E-02
  0.9585000E-01 -0.1302497E-02
  0.9590000E-01 -0.1304964E-02
  0.9595000E-01 -0.1306789E-02
  0.9600000E-01 -0.1307909E-02
  0.9605000E-01 -0.1308288E-02
  0.9610000E-01 -0.1307920E-02
  0.9615000E-01 -0.1306822E-02
  0.9620000E-01 -0.1305022E-02
  0.9625000E-01 -0.1302560E-02
  0.9630000E-01 -0.1299485E-02
  0.9635000E-01 -0.1295846E-02
  0.9640000E-01 -0.1291696E-02
  0.9645000E-01 -0.1287080E-02
  0.9650000E-01 -0.1282038E-02
  0.9655000E-01 -0.1276606E-02
  0.9660000E-01 -0.1270818E-02
  0.9665000E-01 -0.1264708E-02
  0.9670000E-01 -0.1258316E-02
  0.9675000E-01 -0.1251693E-02
  0.9680000E-01 -0.1244897E-02
  0.9685000E-01 -0.1237990E-02
  0.9690000E-01 -0.1231024E-02
  0.9695000E-01 -0.1224021E-02
  0.9700000E-01 -0.1216944E-02
  0.9705000E-01 -0.1209673E-02
  0.9710000E-01 -0.1201973E-02
  0.9715000E-01 -0.1193479E-02
  0.9720000E-01 -0.1183692E-02
  0.9725000E-01 -0.1171998E-02
  0.9730000E-01 -0.1157712E-02
  0.9735000E-01 -0.1140161E-02
  0.9740000E-01 -0.1118790E-02
  0.9745000E-01 -0.1093293E-02
  0.9750000E-01 -0.1063753E-02
  0.9755000E-01 -0.1030754E-02
  0.9760000E-01 -0.9954454E-03
  0.9765000E-01 -0.9595213E-03
  0.9770000E-01 -0.9250850E-03
  0.9775000E-01 -0.8944145E-03
  0.9780000E-01 -0.8696471E-03
  0.9785000E-01 -0.8524431E-03
  0.9790000E-01 -0.8436933E-03
  0.9795000E-01 -0.8433414E-03
  0.9800000E-01 -0.8503598E-03
  0.9805000E-01 -0.8628928E-03
  0.9810000E-01 -0.8785271E-03
  0.9815000E-01 -0.8946352E-03
  0.9820000E-01 -0.9087109E-03
  0.9825000E-01 -0.9186459E-03
  0.9830000E-01 -0.9228987E-03
  0.9835000E-01 -0.9205578E-03
  0.9840000E-01 -0.9113030E-03
  0.9845000E-01 -0.8953070E-03
  0.9850000E-01 -0.8730969E-03
  0.9855000E-01 -0.8454225E-03
  0.9860000E-01 -0.8131369E-03
  0.9865000E-01 -0.7771089E-03
  0.9870000E-01 -0.7381584E-03
  0.9875000E-01 -0.6970238E-03
  0.9880000E-01 -0.6543471E-03
  0.9885000E-01 -0.6106767E-03
  0.9890000E-01 -0.5664805E-03
  0.9895000E-01 -0.5221615E-03
  0.9900000E-01 -0.4780756E-03
  0.9905000E-01 -0.4345466E-03
  0.9910000E-01 -0.3918768E-03
  0.9915000E-01 -0.3503561E-03
  0.9920000E-01 -0.3102671E-03
  0.9925000E-01 -0.2718861E-03
  0.9930000E-01 -0.2354793E-03
  0.9935000E-01 -0.2012963E-03
  0.9940000E-01 -0.1695607E-03
  0.9945000E-01 -0.1404602E-03
  0.9950000E-01 -0.1141382E-03
  0.9955000E-01 -0.9068684E-04
  0.9960000E-01 -0.7014260E-04
  0.9965000E-01 -0.5248711E-04
  0.9970000E-01 -0.3765104E-04
  0.9975000E-01 -0.2552238E-04
  0.9980000E-01 -0.1595624E-04
  0.9985000E-01 -0.8785679E-05
  0.9990000E-01 -0.3836610E-05
  0.9995000E-01 -0.9479741E-06
  0.1000000E+00  0.0000000E+00
