  0.0000000E+00  0.0000000E+00
  0.5000000E-04 -0.1915790E-06
  0.1000000E-03 -0.7824996E-06
  0.1500000E-03 -0.1810645E-05
  0.2000000E-03 -0.3319120E-05
  0.2500000E-03 -0.5342534E-05
  0.3000000E-03 -0.7897248E-05
  0.3500000E-03 -0.1097559E-04
  0.4000000E-03 -0.1454364E-04
  0.4500000E-03 -0.1854141E-04
  0.5000000E-03 -0.2288490E-04
  0.5500000E-03 -0.2746877E-04
  0.6000000E-03 -0.3216943E-04
  0.6500000E-03 -0.3684843E-04
  0.7000000E-03 -0.4135783E-04
  0.7500000E-03 -0.4554757E-04
  0.8000000E-03 -0.4927572E-04
  0.8500000E-03 -0.5242111E-04
  0.9000000E-03 -0.5489665E-04
  0.9500000E-03 -0.5666094E-04
  0.1000000E-02 -0.5772498E-04
  0.1050000E-02 -0.5815095E-04
  0.1100000E-02 -0.5804186E-04
  0.1150000E-02 -0.5752243E-04
  0.1200000E-02 -0.5671462E-04
  0.1250000E-02 -0.5571265E-04
  0.1300000E-02 -0.5456310E-04
  0.1350000E-02 -0.5325542E-04
  0.1400000E-02 -0.5172497E-04
  0.1450000E-02 -0.4986924E-04
  0.1500000E-02 -0.4757225E-04
  0.1550000E-02 -0.4473407E-04
  0.1600000E-02 -0.4129607E-04
  0.1650000E-02 -0.3726026E-04
  0.1700000E-02 -0.3269478E-04
  0.1750000E-02 -0.2772913E-04
  0.1800000E-02 -0.2253790E-04
  0.1850000E-02 -0.1732030E-04
  0.1900000E-02 -0.1227553E-04
  0.1950000E-02 -0.7582565E-05
  0.2000000E-02 -0.3383395E-05
  0.2050000E-02  0.2250106E-06
  0.2100000E-02  0.3194517E-05
  0.2150000E-02  0.5521621E-05
  0.2200000E-02  0.7240232E-05
  0.2250000E-02  0.8410295E-05
  0.2300000E-02  0.9107544E-05
  0.2350000E-02  0.9412831E-05
  0.2400000E-02  0.9405018E-05
  0.2450000E-02  0.9153605E-05
  0.2500000E-02  0.8715322E-05
  0.2550000E-02  0.8131887E-05
  0.2600000E-02  0.7430510E-05
  0.2650000E-02  0.6623402E-05
  0.2700000E-02  0.5709647E-05
  0.2750000E-02  0.4677182E-05
  0.2800000E-02  0.3505998E-05
  0.2850000E-02  0.2171574E-05
  0.2900000E-02  0.6504888E-06
  0.2950000E-02 -0.1073530E-05
  0.3000000E-02 -0.3001789E-05
  0.3050000E-02 -0.5112160E-05
  0.3100000E-02 -0.7349995E-05
  0.3150000E-02 -0.9621082E-05
  0.3200000E-02 -0.1178654E-04
  0.3250000E-02 -0.1366280E-04
  0.3300000E-02 -0.1502731E-04
  0.3350000E-02 -0.1563242E-04
  0.3400000E-02 -0.1522516E-04
  0.3450000E-02 -0.1357361E-04
  0.3500000E-02 -0.1049588E-04
  0.3550000E-02 -0.5887853E-05
  0.3600000E-02  0.2554185E-06
  0.3650000E-02  0.7828762E-05
  0.3700000E-02  0.1661997E-04
  0.3750000E-02  0.2632700E-04
  0.3800000E-02  0.3658709E-04
  0.3850000E-02  0.4701286E-04
  0.3900000E-02  0.5722947E-04
  0.3950000E-02  0.6690593E-04
  0.4000000E-02  0.7577603E-04
  0.4050000E-02  0.8364677E-04
  0.4100000E-02  0.9039416E-04
  0.4150000E-02  0.9594952E-04
  0.4200000E-02  0.1002801E-03
  0.4250000E-02  0.1033692E-03
  0.4300000E-02  0.1052008E-03
  0.4350000E-02  0.1057503E-03
  0.4400000E-02  0.1049847E-03
  0.4450000E-02  0.1028710E-03
  0.4500000E-02  0.9939172E-04
  0.4550000E-02  0.9456524E-04
  0.4600000E-02  0.8846542E-04
  0.4650000E-02  0.8123622E-04
  0.4700000E-02  0.7309692E-04
  0.4750000E-02  0.6433487E-04
  0.4800000E-02  0.5528566E-04
  0.4850000E-02  0.4630378E-04
  0.4900000E-02  0.3772789E-04
  0.4950000E-02  0.2984751E-04
  0.5000000E-02  0.2287684E-04
  0.5050000E-02  0.1693960E-04
  0.5100000E-02  0.1206691E-04
  0.5150000E-02  0.8207233E-05
  0.5200000E-02  0.5245197E-05
  0.5250000E-02  0.3025085E-05
  0.5300000E-02  0.1374922E-05
  0.5350000E-02  0.1274791E-06
  0.5400000E-02 -0.8638674E-06
  0.5450000E-02 -0.1715346E-05
  0.5500000E-02 -0.2508881E-05
  0.5550000E-02 -0.3293017E-05
  0.5600000E-02 -0.4087309E-05
  0.5650000E-02 -0.4888716E-05
  0.5700000E-02 -0.5678703E-05
  0.5750000E-02 -0.6430051E-05
  0.5800000E-02 -0.7112718E-05
  0.5850000E-02 -0.7698332E-05
  0.5900000E-02 -0.8163242E-05
  0.5950000E-02 -0.8490198E-05
  0.6000000E-02 -0.8668861E-05
  0.6050000E-02 -0.8695357E-05
  0.6100000E-02 -0.8571261E-05
  0.6150000E-02 -0.8302223E-05
  0.6200000E-02 -0.7896631E-05
  0.6250000E-02 -0.7364316E-05
  0.6300000E-02 -0.6715563E-05
  0.6350000E-02 -0.5960308E-05
  0.6400000E-02 -0.5107801E-05
  0.6450000E-02 -0.4166562E-05
  0.6500000E-02 -0.3144460E-05
  0.6550000E-02 -0.2048739E-05
  0.6600000E-02 -0.8863141E-06
  0.6650000E-02  0.3360729E-06
  0.6700000E-02  0.1611733E-05
  0.6750000E-02  0.2933705E-05
  0.6800000E-02  0.4294551E-05
  0.6850000E-02  0.5686466E-05
  0.6900000E-02  0.7101352E-05
  0.6950000E-02  0.8530983E-05
  0.7000000E-02  0.9967067E-05
  0.7050000E-02  0.1140120E-04
  0.7100000E-02  0.1282486E-04
  0.7150000E-02  0.1422941E-04
  0.7200000E-02  0.1560633E-04
  0.7250000E-02  0.1694735E-04
  0.7300000E-02  0.1824444E-04
  0.7350000E-02  0.1948993E-04
  0.7400000E-02  0.2067664E-04
  0.7450000E-02  0.2179810E-04
  0.7500000E-02  0.2284848E-04
  0.7550000E-02  0.2382263E-04
  0.7600000E-02  0.2471597E-04
  0.7650000E-02  0.2552458E-04
  0.7700000E-02  0.2624521E-04
  0.7750000E-02  0.2687547E-04
  0.7800000E-02  0.2741379E-04
  0.7850000E-02  0.2785928E-04
  0.7900000E-02  0.2821169E-04
  0.7950000E-02  0.2847131E-04
  0.8000000E-02  0.2863889E-04
  0.8050000E-02  0.2871575E-04
  0.8100000E-02  0.2870379E-04
  0.8150000E-02  0.2860546E-04
  0.8200000E-02  0.2842361E-04
  0.8250000E-02  0.2816154E-04
  0.8300000E-02  0.2782294E-04
  0.8350000E-02  0.2741166E-04
  0.8400000E-02  0.2693154E-04
  0.8450000E-02  0.2638635E-04
  0.8500000E-02  0.2577972E-04
  0.8550000E-02  0.2511519E-04
  0.8600000E-02  0.2439631E-04
  0.8650000E-02  0.2362669E-04
  0.8700000E-02  0.2280992E-04
  0.8750000E-02  0.2194947E-04
  0.8800000E-02  0.2104877E-04
  0.8850000E-02  0.2011125E-04
  0.8900000E-02  0.1914036E-04
  0.8950000E-02  0.1813939E-04
  0.9000000E-02  0.1711137E-04
  0.9050000E-02  0.1605923E-04
  0.9100000E-02  0.1498588E-04
  0.9150000E-02  0.1389432E-04
  0.9200000E-02  0.1278777E-04
  0.9250000E-02  0.1166967E-04
  0.9300000E-02  0.1054363E-04
  0.9350000E-02  0.9413453E-05
  0.9400000E-02  0.8283093E-05
  0.9450000E-02  0.7156661E-05
  0.9500000E-02  0.6038396E-05
  0.9550000E-02  0.4932711E-05
  0.9600000E-02  0.3844176E-05
  0.9650000E-02  0.2777466E-05
  0.9700000E-02  0.1737234E-05
  0.9750000E-02  0.7279752E-06
  0.9800000E-02 -0.2459879E-06
  0.9850000E-02 -0.1180440E-05
  0.9900000E-02 -0.2071266E-05
  0.9950000E-02 -0.2914456E-05
  0.1000000E-01 -0.3706259E-05
  0.1005000E-01 -0.4443232E-05
  0.1010000E-01 -0.5122254E-05
  0.1015000E-01 -0.5740521E-05
  0.1020000E-01 -0.6295571E-05
  0.1025000E-01 -0.6785314E-05
  0.1030000E-01 -0.7208127E-05
  0.1035000E-01 -0.7562924E-05
  0.1040000E-01 -0.7849175E-05
  0.1045000E-01 -0.8067013E-05
  0.1050000E-01 -0.8217210E-05
  0.1055000E-01 -0.8301046E-05
  0.1060000E-01 -0.8320363E-05
  0.1065000E-01 -0.8277565E-05
  0.1070000E-01 -0.8175541E-05
  0.1075000E-01 -0.8017608E-05
  0.1080000E-01 -0.7807509E-05
  0.1085000E-01 -0.7549384E-05
  0.1090000E-01 -0.7247718E-05
  0.1095000E-01 -0.6907307E-05
  0.1100000E-01 -0.6533180E-05
  0.1105000E-01 -0.6130498E-05
  0.1110000E-01 -0.5704515E-05
  0.1115000E-01 -0.5260526E-05
  0.1120000E-01 -0.4803811E-05
  0.1125000E-01 -0.4339575E-05
  0.1130000E-01 -0.3872908E-05
  0.1135000E-01 -0.3408731E-05
  0.1140000E-01 -0.2951796E-05
  0.1145000E-01 -0.2506618E-05
  0.1150000E-01 -0.2077426E-05
  0.1155000E-01 -0.1668128E-05
  0.1160000E-01 -0.1282250E-05
  0.1165000E-01 -0.9229700E-06
  0.1170000E-01 -0.5930663E-06
  0.1175000E-01 -0.2948902E-06
  0.1180000E-01 -0.3035887E-07
  0.1185000E-01  0.1990473E-06
  0.1190000E-01  0.3922847E-06
  0.1195000E-01  0.5487458E-06
  0.1200000E-01  0.6682507E-06
  0.1205000E-01  0.7510552E-06
  0.1210000E-01  0.7978321E-06
  0.1215000E-01  0.8096537E-06
  0.1220000E-01  0.7879626E-06
  0.1225000E-01  0.7345468E-06
  0.1230000E-01  0.6515180E-06
  0.1235000E-01  0.5412801E-06
  0.1240000E-01  0.4064941E-06
  0.1245000E-01  0.2500434E-06
  0.1250000E-01  0.7498330E-07
  0.1255000E-01 -0.1154930E-06
  0.1260000E-01 -0.3180736E-06
  0.1265000E-01 -0.5293837E-06
  0.1270000E-01 -0.7460327E-06
  0.1275000E-01 -0.9646503E-06
  0.1280000E-01 -0.1181926E-05
  0.1285000E-01 -0.1394647E-05
  0.1290000E-01 -0.1599729E-05
  0.1295000E-01 -0.1794240E-05
  0.1300000E-01 -0.1975459E-05
  0.1305000E-01 -0.2140908E-05
  0.1310000E-01 -0.2288362E-05
  0.1315000E-01 -0.2415862E-05
  0.1320000E-01 -0.2521749E-05
  0.1325000E-01 -0.2604664E-05
  0.1330000E-01 -0.2663549E-05
  0.1335000E-01 -0.2697640E-05
  0.1340000E-01 -0.2706468E-05
  0.1345000E-01 -0.2689856E-05
  0.1350000E-01 -0.2647915E-05
  0.1355000E-01 -0.2581015E-05
  0.1360000E-01 -0.2489769E-05
  0.1365000E-01 -0.2375019E-05
  0.1370000E-01 -0.2237820E-05
  0.1375000E-01 -0.2079418E-05
  0.1380000E-01 -0.1901216E-05
  0.1385000E-01 -0.1704747E-05
  0.1390000E-01 -0.1491638E-05
  0.1395000E-01 -0.1263593E-05
  0.1400000E-01 -0.1022369E-05
  0.1405000E-01 -0.7697636E-06
  0.1410000E-01 -0.5075846E-06
  0.1415000E-01 -0.2376276E-06
  0.1420000E-01  0.3833907E-07
  0.1425000E-01  0.3186052E-06
  0.1430000E-01  0.6015371E-06
  0.1435000E-01  0.8855928E-06
  0.1440000E-01  0.1169335E-05
  0.1445000E-01  0.1451425E-05
  0.1450000E-01  0.1730618E-05
  0.1455000E-01  0.2005770E-05
  0.1460000E-01  0.2275846E-05
  0.1465000E-01  0.2539912E-05
  0.1470000E-01  0.2797129E-05
  0.1475000E-01  0.3046756E-05
  0.1480000E-01  0.3288131E-05
  0.1485000E-01  0.3520654E-05
  0.1490000E-01  0.3743787E-05
  0.1495000E-01  0.3957041E-05
  0.1500000E-01  0.4159981E-05
  0.1505000E-01  0.4352193E-05
  0.1510000E-01  0.4533271E-05
  0.1515000E-01  0.4702820E-05
  0.1520000E-01  0.4860446E-05
  0.1525000E-01  0.5005721E-05
  0.1530000E-01  0.5138195E-05
  0.1535000E-01  0.5257413E-05
  0.1540000E-01  0.5362927E-05
  0.1545000E-01  0.5454266E-05
  0.1550000E-01  0.5530930E-05
  0.1555000E-01  0.5592405E-05
  0.1560000E-01  0.5638168E-05
  0.1565000E-01  0.5667690E-05
  0.1570000E-01  0.5680447E-05
  0.1575000E-01  0.5675958E-05
  0.1580000E-01  0.5653831E-05
  0.1585000E-01  0.5613765E-05
  0.1590000E-01  0.5555586E-05
  0.1595000E-01  0.5479240E-05
  0.1600000E-01  0.5384782E-05
  0.1605000E-01  0.5272396E-05
  0.1610000E-01  0.5142391E-05
  0.1615000E-01  0.4995199E-05
  0.1620000E-01  0.4831411E-05
  0.1625000E-01  0.4651799E-05
  0.1630000E-01  0.4457312E-05
  0.1635000E-01  0.4249055E-05
  0.1640000E-01  0.4028239E-05
  0.1645000E-01  0.3796167E-05
  0.1650000E-01  0.3554280E-05
  0.1655000E-01  0.3304134E-05
  0.1660000E-01  0.3047352E-05
  0.1665000E-01  0.2785606E-05
  0.1670000E-01  0.2520574E-05
  0.1675000E-01  0.2253989E-05
  0.1680000E-01  0.1987590E-05
  0.1685000E-01  0.1723072E-05
  0.1690000E-01  0.1462089E-05
  0.1695000E-01  0.1206212E-05
  0.1700000E-01  0.9569314E-06
  0.1705000E-01  0.7156627E-06
  0.1710000E-01  0.4837453E-06
  0.1715000E-01  0.2623911E-06
  0.1720000E-01  0.5258713E-07
  0.1725000E-01 -0.1448857E-06
  0.1730000E-01 -0.3293729E-06
  0.1735000E-01 -0.5003352E-06
  0.1740000E-01 -0.6573527E-06
  0.1745000E-01 -0.8001488E-06
  0.1750000E-01 -0.9286142E-06
  0.1755000E-01 -0.1042781E-05
  0.1760000E-01 -0.1142806E-05
  0.1765000E-01 -0.1228972E-05
  0.1770000E-01 -0.1301690E-05
  0.1775000E-01 -0.1361490E-05
  0.1780000E-01 -0.1409038E-05
  0.1785000E-01 -0.1445117E-05
  0.1790000E-01 -0.1470561E-05
  0.1795000E-01 -0.1486238E-05
  0.1800000E-01 -0.1493089E-05
  0.1805000E-01 -0.1492085E-05
  0.1810000E-01 -0.1484199E-05
  0.1815000E-01 -0.1470379E-05
  0.1820000E-01 -0.1451545E-05
  0.1825000E-01 -0.1428576E-05
  0.1830000E-01 -0.1402302E-05
  0.1835000E-01 -0.1373497E-05
  0.1840000E-01 -0.1342887E-05
  0.1845000E-01 -0.1311148E-05
  0.1850000E-01 -0.1278884E-05
  0.1855000E-01 -0.1246650E-05
  0.1860000E-01 -0.1214929E-05
  0.1865000E-01 -0.1184127E-05
  0.1870000E-01 -0.1154589E-05
  0.1875000E-01 -0.1126606E-05
  0.1880000E-01 -0.1100406E-05
  0.1885000E-01 -0.1076151E-05
  0.1890000E-01 -0.1053941E-05
  0.1895000E-01 -0.1033825E-05
  0.1900000E-01 -0.1015810E-05
  0.1905000E-01 -0.9998659E-06
  0.1910000E-01 -0.9859284E-06
  0.1915000E-01 -0.9738836E-06
  0.1920000E-01 -0.9635808E-06
  0.1925000E-01 -0.9548425E-06
  0.1930000E-01 -0.9475055E-06
  0.1935000E-01 -0.9414141E-06
  0.1940000E-01 -0.9364124E-06
  0.1945000E-01 -0.9323584E-06
  0.1950000E-01 -0.9291172E-06
  0.1955000E-01 -0.9265558E-06
  0.1960000E-01 -0.9245550E-06
  0.1965000E-01 -0.9230250E-06
  0.1970000E-01 -0.9218929E-06
  0.1975000E-01 -0.9211116E-06
  0.1980000E-01 -0.9206735E-06
  0.1985000E-01 -0.9205968E-06
  0.1990000E-01 -0.9209183E-06
  0.1995000E-01 -0.9217033E-06
  0.2000000E-01 -0.9230447E-06
  0.2005000E-01 -0.9250436E-06
  0.2010000E-01 -0.9278181E-06
  0.2015000E-01 -0.9315051E-06
  0.2020000E-01 -0.9362466E-06
  0.2025000E-01 -0.9422063E-06
  0.2030000E-01 -0.9495551E-06
  0.2035000E-01 -0.9584664E-06
  0.2040000E-01 -0.9691038E-06
  0.2045000E-01 -0.9816140E-06
  0.2050000E-01 -0.9961237E-06
  0.2055000E-01 -0.1012731E-05
  0.2060000E-01 -0.1031509E-05
  0.2065000E-01 -0.1052507E-05
  0.2070000E-01 -0.1075746E-05
  0.2075000E-01 -0.1101225E-05
  0.2080000E-01 -0.1128913E-05
  0.2085000E-01 -0.1158743E-05
  0.2090000E-01 -0.1190608E-05
  0.2095000E-01 -0.1224367E-05
  0.2100000E-01 -0.1259852E-05
  0.2105000E-01 -0.1296870E-05
  0.2110000E-01 -0.1335200E-05
  0.2115000E-01 -0.1374589E-05
  0.2120000E-01 -0.1414759E-05
  0.2125000E-01 -0.1455391E-05
  0.2130000E-01 -0.1496130E-05
  0.2135000E-01 -0.1536601E-05
  0.2140000E-01 -0.1576418E-05
  0.2145000E-01 -0.1615177E-05
  0.2150000E-01 -0.1652463E-05
  0.2155000E-01 -0.1687873E-05
  0.2160000E-01 -0.1721000E-05
  0.2165000E-01 -0.1751422E-05
  0.2170000E-01 -0.1778707E-05
  0.2175000E-01 -0.1802413E-05
  0.2180000E-01 -0.1822099E-05
  0.2185000E-01 -0.1837323E-05
  0.2190000E-01 -0.1847662E-05
  0.2195000E-01 -0.1852709E-05
  0.2200000E-01 -0.1852068E-05
  0.2205000E-01 -0.1845379E-05
  0.2210000E-01 -0.1832308E-05
  0.2215000E-01 -0.1812556E-05
  0.2220000E-01 -0.1785835E-05
  0.2225000E-01 -0.1751868E-05
  0.2230000E-01 -0.1710386E-05
  0.2235000E-01 -0.1661130E-05
  0.2240000E-01 -0.1603850E-05
  0.2245000E-01 -0.1538302E-05
  0.2250000E-01 -0.1464266E-05
  0.2255000E-01 -0.1381532E-05
  0.2260000E-01 -0.1289900E-05
  0.2265000E-01 -0.1189187E-05
  0.2270000E-01 -0.1079223E-05
  0.2275000E-01 -0.9598530E-06
  0.2280000E-01 -0.8309353E-06
  0.2285000E-01 -0.6923488E-06
  0.2290000E-01 -0.5439891E-06
  0.2295000E-01 -0.3857615E-06
  0.2300000E-01 -0.2175889E-06
  0.2305000E-01 -0.3941706E-07
  0.2310000E-01  0.1487853E-06
  0.2315000E-01  0.3470167E-06
  0.2320000E-01  0.5552404E-06
  0.2325000E-01  0.7733755E-06
  0.2330000E-01  0.1001297E-05
  0.2335000E-01  0.1238845E-05
  0.2340000E-01  0.1485815E-05
  0.2345000E-01  0.1741953E-05
  0.2350000E-01  0.2006943E-05
  0.2355000E-01  0.2280422E-05
  0.2360000E-01  0.2561967E-05
  0.2365000E-01  0.2851094E-05
  0.2370000E-01  0.3147258E-05
  0.2375000E-01  0.3449867E-05
  0.2380000E-01  0.3758277E-05
  0.2385000E-01  0.4071779E-05
  0.2390000E-01  0.4389603E-05
  0.2395000E-01  0.4710917E-05
  0.2400000E-01  0.5034831E-05
  0.2405000E-01  0.5360399E-05
  0.2410000E-01  0.5686614E-05
  0.2415000E-01  0.6012418E-05
  0.2420000E-01  0.6336712E-05
  0.2425000E-01  0.6658365E-05
  0.2430000E-01  0.6976207E-05
  0.2435000E-01  0.7289042E-05
  0.2440000E-01  0.7595654E-05
  0.2445000E-01  0.7894817E-05
  0.2450000E-01  0.8185299E-05
  0.2455000E-01  0.8465865E-05
  0.2460000E-01  0.8735293E-05
  0.2465000E-01  0.8992388E-05
  0.2470000E-01  0.9235989E-05
  0.2475000E-01  0.9464990E-05
  0.2480000E-01  0.9678344E-05
  0.2485000E-01  0.9875063E-05
  0.2490000E-01  0.1005423E-04
  0.2495000E-01  0.1021498E-04
  0.2500000E-01  0.1035653E-04
  0.2505000E-01  0.1047820E-04
  0.2510000E-01  0.1057943E-04
  0.2515000E-01  0.1065973E-04
  0.2520000E-01  0.1071876E-04
  0.2525000E-01  0.1075625E-04
  0.2530000E-01  0.1077205E-04
  0.2535000E-01  0.1076615E-04
  0.2540000E-01  0.1073862E-04
  0.2545000E-01  0.1068968E-04
  0.2550000E-01  0.1061961E-04
  0.2555000E-01  0.1052881E-04
  0.2560000E-01  0.1041774E-04
  0.2565000E-01  0.1028696E-04
  0.2570000E-01  0.1013708E-04
  0.2575000E-01  0.9968773E-05
  0.2580000E-01  0.9782793E-05
  0.2585000E-01  0.9579949E-05
  0.2590000E-01  0.9361115E-05
  0.2595000E-01  0.9127207E-05
  0.2600000E-01  0.8879180E-05
  0.2605000E-01  0.8618007E-05
  0.2610000E-01  0.8344682E-05
  0.2615000E-01  0.8060219E-05
  0.2620000E-01  0.7765631E-05
  0.2625000E-01  0.7461936E-05
  0.2630000E-01  0.7150141E-05
  0.2635000E-01  0.6831258E-05
  0.2640000E-01  0.6506306E-05
  0.2645000E-01  0.6176307E-05
  0.2650000E-01  0.5842274E-05
  0.2655000E-01  0.5505214E-05
  0.2660000E-01  0.5166119E-05
  0.2665000E-01  0.4825958E-05
  0.2670000E-01  0.4485665E-05
  0.2675000E-01  0.4146157E-05
  0.2680000E-01  0.3808329E-05
  0.2685000E-01  0.3473059E-05
  0.2690000E-01  0.3141209E-05
  0.2695000E-01  0.2813603E-05
  0.2700000E-01  0.2491017E-05
  0.2705000E-01  0.2174170E-05
  0.2710000E-01  0.1863725E-05
  0.2715000E-01  0.1560275E-05
  0.2720000E-01  0.1264330E-05
  0.2725000E-01  0.9763163E-06
  0.2730000E-01  0.6965696E-06
  0.2735000E-01  0.4253492E-06
  0.2740000E-01  0.1628567E-06
  0.2745000E-01 -0.9076413E-07
  0.2750000E-01 -0.3354303E-06
  0.2755000E-01 -0.5711228E-06
  0.2760000E-01 -0.7978898E-06
  0.2765000E-01 -0.1015831E-05
  0.2770000E-01 -0.1225089E-05
  0.2775000E-01 -0.1425843E-05
  0.2780000E-01 -0.1618299E-05
  0.2785000E-01 -0.1802675E-05
  0.2790000E-01 -0.1979193E-05
  0.2795000E-01 -0.2148075E-05
  0.2800000E-01 -0.2309538E-05
  0.2805000E-01 -0.2463780E-05
  0.2810000E-01 -0.2610959E-05
  0.2815000E-01 -0.2751193E-05
  0.2820000E-01 -0.2884558E-05
  0.2825000E-01 -0.3011082E-05
  0.2830000E-01 -0.3130727E-05
  0.2835000E-01 -0.3243391E-05
  0.2840000E-01 -0.3348905E-05
  0.2845000E-01 -0.3447019E-05
  0.2850000E-01 -0.3537432E-05
  0.2855000E-01 -0.3619790E-05
  0.2860000E-01 -0.3693696E-05
  0.2865000E-01 -0.3758720E-05
  0.2870000E-01 -0.3814418E-05
  0.2875000E-01 -0.3860334E-05
  0.2880000E-01 -0.3896014E-05
  0.2885000E-01 -0.3921020E-05
  0.2890000E-01 -0.3934939E-05
  0.2895000E-01 -0.3937401E-05
  0.2900000E-01 -0.3928102E-05
  0.2905000E-01 -0.3906818E-05
  0.2910000E-01 -0.3873414E-05
  0.2915000E-01 -0.3827849E-05
  0.2920000E-01 -0.3770181E-05
  0.2925000E-01 -0.3700570E-05
  0.2930000E-01 -0.3619283E-05
  0.2935000E-01 -0.3526698E-05
  0.2940000E-01 -0.3423307E-05
  0.2945000E-01 -0.3309708E-05
  0.2950000E-01 -0.3186597E-05
  0.2955000E-01 -0.3054767E-05
  0.2960000E-01 -0.2915104E-05
  0.2965000E-01 -0.2768568E-05
  0.2970000E-01 -0.2616182E-05
  0.2975000E-01 -0.2459010E-05
  0.2980000E-01 -0.2298155E-05
  0.2985000E-01 -0.2134753E-05
  0.2990000E-01 -0.1969968E-05
  0.2995000E-01 -0.1804969E-05
  0.3000000E-01 -0.1640899E-05
  0.3005000E-01 -0.1478857E-05
  0.3010000E-01 -0.1319891E-05
  0.3015000E-01 -0.1164980E-05
  0.3020000E-01 -0.1015029E-05
  0.3025000E-01 -0.8708588E-06
  0.3030000E-01 -0.7331899E-06
  0.3035000E-01 -0.6026437E-06
  0.3040000E-01 -0.4797334E-06
  0.3045000E-01 -0.3648581E-06
  0.3050000E-01 -0.2583017E-06
  0.3055000E-01 -0.1602369E-06
  0.3060000E-01 -0.7072278E-07
  0.3065000E-01  0.1029254E-07
  0.3070000E-01  0.8296356E-07
  0.3075000E-01  0.1475407E-06
  0.3080000E-01  0.2043647E-06
  0.3085000E-01  0.2538544E-06
  0.3090000E-01  0.2964968E-06
  0.3095000E-01  0.3328394E-06
  0.3100000E-01  0.3634809E-06
  0.3105000E-01  0.3890608E-06
  0.3110000E-01  0.4102484E-06
  0.3115000E-01  0.4277294E-06
  0.3120000E-01  0.4421979E-06
  0.3125000E-01  0.4543517E-06
  0.3130000E-01  0.4648827E-06
  0.3135000E-01  0.4744680E-06
  0.3140000E-01  0.4837609E-06
  0.3145000E-01  0.4933836E-06
  0.3150000E-01  0.5039170E-06
  0.3155000E-01  0.5158950E-06
  0.3160000E-01  0.5297984E-06
  0.3165000E-01  0.5460509E-06
  0.3170000E-01  0.5650140E-06
  0.3175000E-01  0.5869844E-06
  0.3180000E-01  0.6121918E-06
  0.3185000E-01  0.6407953E-06
  0.3190000E-01  0.6728792E-06
  0.3195000E-01  0.7084509E-06
  0.3200000E-01  0.7474404E-06
  0.3205000E-01  0.7897016E-06
  0.3210000E-01  0.8350131E-06
  0.3215000E-01  0.8830830E-06
  0.3220000E-01  0.9335511E-06
  0.3225000E-01  0.9859910E-06
  0.3230000E-01  0.1039916E-05
  0.3235000E-01  0.1094785E-05
  0.3240000E-01  0.1150011E-05
  0.3245000E-01  0.1204961E-05
  0.3250000E-01  0.1258970E-05
  0.3255000E-01  0.1311350E-05
  0.3260000E-01  0.1361391E-05
  0.3265000E-01  0.1408367E-05
  0.3270000E-01  0.1451544E-05
  0.3275000E-01  0.1490194E-05
  0.3280000E-01  0.1523608E-05
  0.3285000E-01  0.1551110E-05
  0.3290000E-01  0.1572068E-05
  0.3295000E-01  0.1585906E-05
  0.3300000E-01  0.1592110E-05
  0.3305000E-01  0.1590238E-05
  0.3310000E-01  0.1579925E-05
  0.3315000E-01  0.1560893E-05
  0.3320000E-01  0.1532953E-05
  0.3325000E-01  0.1496007E-05
  0.3330000E-01  0.1450051E-05
  0.3335000E-01  0.1395193E-05
  0.3340000E-01  0.1331659E-05
  0.3345000E-01  0.1259808E-05
  0.3350000E-01  0.1180119E-05
  0.3355000E-01  0.1093187E-05
  0.3360000E-01  0.9997166E-06
  0.3365000E-01  0.9005050E-06
  0.3370000E-01  0.7964290E-06
  0.3375000E-01  0.6884579E-06
  0.3380000E-01  0.5776418E-06
  0.3385000E-01  0.4650993E-06
  0.3390000E-01  0.3519945E-06
  0.3395000E-01  0.2395364E-06
  0.3400000E-01  0.1289681E-06
  0.3405000E-01  0.2153840E-07
  0.3410000E-01 -0.8153902E-07
  0.3415000E-01 -0.1791109E-06
  0.3420000E-01 -0.2700832E-06
  0.3425000E-01 -0.3534282E-06
  0.3430000E-01 -0.4281952E-06
  0.3435000E-01 -0.4935115E-06
  0.3440000E-01 -0.5486099E-06
  0.3445000E-01 -0.5928565E-06
  0.3450000E-01 -0.6257481E-06
  0.3455000E-01 -0.6469140E-06
  0.3460000E-01 -0.6561257E-06
  0.3465000E-01 -0.6532956E-06
  0.3470000E-01 -0.6384770E-06
  0.3475000E-01 -0.6118548E-06
  0.3480000E-01 -0.5737419E-06
  0.3485000E-01 -0.5245582E-06
  0.3490000E-01 -0.4648369E-06
  0.3495000E-01 -0.3952328E-06
  0.3500000E-01 -0.3165150E-06
  0.3505000E-01 -0.2295332E-06
  0.3510000E-01 -0.1351965E-06
  0.3515000E-01 -0.3444956E-07
  0.3520000E-01  0.7173794E-07
  0.3525000E-01  0.1823804E-06
  0.3530000E-01  0.2964732E-06
  0.3535000E-01  0.4129932E-06
  0.3540000E-01  0.5309223E-06
  0.3545000E-01  0.6492719E-06
  0.3550000E-01  0.7670829E-06
  0.3555000E-01  0.8834267E-06
  0.3560000E-01  0.9973930E-06
  0.3565000E-01  0.1108086E-05
  0.3570000E-01  0.1214640E-05
  0.3575000E-01  0.1316238E-05
  0.3580000E-01  0.1412124E-05
  0.3585000E-01  0.1501585E-05
  0.3590000E-01  0.1583943E-05
  0.3595000E-01  0.1658552E-05
  0.3600000E-01  0.1724793E-05
  0.3605000E-01  0.1782086E-05
  0.3610000E-01  0.1829876E-05
  0.3615000E-01  0.1867627E-05
  0.3620000E-01  0.1894834E-05
  0.3625000E-01  0.1911028E-05
  0.3630000E-01  0.1915752E-05
  0.3635000E-01  0.1908567E-05
  0.3640000E-01  0.1889069E-05
  0.3645000E-01  0.1856868E-05
  0.3650000E-01  0.1811585E-05
  0.3655000E-01  0.1752860E-05
  0.3660000E-01  0.1680372E-05
  0.3665000E-01  0.1593848E-05
  0.3670000E-01  0.1493064E-05
  0.3675000E-01  0.1377863E-05
  0.3680000E-01  0.1248167E-05
  0.3685000E-01  0.1103977E-05
  0.3690000E-01  0.9453693E-06
  0.3695000E-01  0.7724875E-06
  0.3700000E-01  0.5855415E-06
  0.3705000E-01  0.3848214E-06
  0.3710000E-01  0.1707061E-06
  0.3715000E-01 -0.5634232E-07
  0.3720000E-01 -0.2957872E-06
  0.3725000E-01 -0.5470150E-06
  0.3730000E-01 -0.8093312E-06
  0.3735000E-01 -0.1081969E-05
  0.3740000E-01 -0.1364091E-05
  0.3745000E-01 -0.1654789E-05
  0.3750000E-01 -0.1953106E-05
  0.3755000E-01 -0.2258043E-05
  0.3760000E-01 -0.2568570E-05
  0.3765000E-01 -0.2883638E-05
  0.3770000E-01 -0.3202186E-05
  0.3775000E-01 -0.3523170E-05
  0.3780000E-01 -0.3845547E-05
  0.3785000E-01 -0.4168283E-05
  0.3790000E-01 -0.4490365E-05
  0.3795000E-01 -0.4810809E-05
  0.3800000E-01 -0.5128677E-05
  0.3805000E-01 -0.5443084E-05
  0.3810000E-01 -0.5753207E-05
  0.3815000E-01 -0.6058290E-05
  0.3820000E-01 -0.6357642E-05
  0.3825000E-01 -0.6650656E-05
  0.3830000E-01 -0.6936792E-05
  0.3835000E-01 -0.7215573E-05
  0.3840000E-01 -0.7486578E-05
  0.3845000E-01 -0.7749455E-05
  0.3850000E-01 -0.8003915E-05
  0.3855000E-01 -0.8249723E-05
  0.3860000E-01 -0.8486693E-05
  0.3865000E-01 -0.8714693E-05
  0.3870000E-01 -0.8933637E-05
  0.3875000E-01 -0.9143477E-05
  0.3880000E-01 -0.9344188E-05
  0.3885000E-01 -0.9535787E-05
  0.3890000E-01 -0.9718334E-05
  0.3895000E-01 -0.9891927E-05
  0.3900000E-01 -0.1005668E-04
  0.3905000E-01 -0.1021274E-04
  0.3910000E-01 -0.1036024E-04
  0.3915000E-01 -0.1049935E-04
  0.3920000E-01 -0.1063023E-04
  0.3925000E-01 -0.1075305E-04
  0.3930000E-01 -0.1086798E-04
  0.3935000E-01 -0.1097523E-04
  0.3940000E-01 -0.1107495E-04
  0.3945000E-01 -0.1116732E-04
  0.3950000E-01 -0.1125244E-04
  0.3955000E-01 -0.1133044E-04
  0.3960000E-01 -0.1140143E-04
  0.3965000E-01 -0.1146551E-04
  0.3970000E-01 -0.1152281E-04
  0.3975000E-01 -0.1157343E-04
  0.3980000E-01 -0.1161744E-04
  0.3985000E-01 -0.1165492E-04
  0.3990000E-01 -0.1168590E-04
  0.3995000E-01 -0.1171044E-04
  0.4000000E-01 -0.1172852E-04
  0.4005000E-01 -0.1174016E-04
  0.4010000E-01 -0.1174532E-04
  0.4015000E-01 -0.1174391E-04
  0.4020000E-01 -0.1173583E-04
  0.4025000E-01 -0.1172099E-04
  0.4030000E-01 -0.1169923E-04
  0.4035000E-01 -0.1167036E-04
  0.4040000E-01 -0.1163417E-04
  0.4045000E-01 -0.1159048E-04
  0.4050000E-01 -0.1153909E-04
  0.4055000E-01 -0.1147978E-04
  0.4060000E-01 -0.1141231E-04
  0.4065000E-01 -0.1133645E-04
  0.4070000E-01 -0.1125198E-04
  0.4075000E-01 -0.1115869E-04
  0.4080000E-01 -0.1105637E-04
  0.4085000E-01 -0.1094483E-04
  0.4090000E-01 -0.1082387E-04
  0.4095000E-01 -0.1069333E-04
  0.4100000E-01 -0.1055304E-04
  0.4105000E-01 -0.1040289E-04
  0.4110000E-01 -0.1024280E-04
  0.4115000E-01 -0.1007274E-04
  0.4120000E-01 -0.9892702E-05
  0.4125000E-01 -0.9702748E-05
  0.4130000E-01 -0.9502975E-05
  0.4135000E-01 -0.9293531E-05
  0.4140000E-01 -0.9074613E-05
  0.4145000E-01 -0.8846482E-05
  0.4150000E-01 -0.8609465E-05
  0.4155000E-01 -0.8363970E-05
  0.4160000E-01 -0.8110478E-05
  0.4165000E-01 -0.7849530E-05
  0.4170000E-01 -0.7581730E-05
  0.4175000E-01 -0.7307754E-05
  0.4180000E-01 -0.7028353E-05
  0.4185000E-01 -0.6744349E-05
  0.4190000E-01 -0.6456623E-05
  0.4195000E-01 -0.6166120E-05
  0.4200000E-01 -0.5873828E-05
  0.4205000E-01 -0.5580774E-05
  0.4210000E-01 -0.5288011E-05
  0.4215000E-01 -0.4996603E-05
  0.4220000E-01 -0.4707615E-05
  0.4225000E-01 -0.4422105E-05
  0.4230000E-01 -0.4141112E-05
  0.4235000E-01 -0.3865659E-05
  0.4240000E-01 -0.3596738E-05
  0.4245000E-01 -0.3335305E-05
  0.4250000E-01 -0.3082259E-05
  0.4255000E-01 -0.2838441E-05
  0.4260000E-01 -0.2604626E-05
  0.4265000E-01 -0.2381517E-05
  0.4270000E-01 -0.2169743E-05
  0.4275000E-01 -0.1969853E-05
  0.4280000E-01 -0.1782318E-05
  0.4285000E-01 -0.1607540E-05
  0.4290000E-01 -0.1445839E-05
  0.4295000E-01 -0.1297450E-05
  0.4300000E-01 -0.1162537E-05
  0.4305000E-01 -0.1041195E-05
  0.4310000E-01 -0.9334508E-06
  0.4315000E-01 -0.8392718E-06
  0.4320000E-01 -0.7585742E-06
  0.4325000E-01 -0.6912312E-06
  0.4330000E-01 -0.6370707E-06
  0.4335000E-01 -0.5958720E-06
  0.4340000E-01 -0.5673713E-06
  0.4345000E-01 -0.5512728E-06
  0.4350000E-01 -0.5472602E-06
  0.4355000E-01 -0.5549956E-06
  0.4360000E-01 -0.5741127E-06
  0.4365000E-01 -0.6042114E-06
  0.4370000E-01 -0.6448615E-06
  0.4375000E-01 -0.6956054E-06
  0.4380000E-01 -0.7559522E-06
  0.4385000E-01 -0.8253717E-06
  0.4390000E-01 -0.9032946E-06
  0.4395000E-01 -0.9891106E-06
  0.4400000E-01 -0.1082160E-05
  0.4405000E-01 -0.1181727E-05
  0.4410000E-01 -0.1287044E-05
  0.4415000E-01 -0.1397286E-05
  0.4420000E-01 -0.1511570E-05
  0.4425000E-01 -0.1628955E-05
  0.4430000E-01 -0.1748452E-05
  0.4435000E-01 -0.1869033E-05
  0.4440000E-01 -0.1989631E-05
  0.4445000E-01 -0.2109145E-05
  0.4450000E-01 -0.2226448E-05
  0.4455000E-01 -0.2340396E-05
  0.4460000E-01 -0.2449843E-05
  0.4465000E-01 -0.2553657E-05
  0.4470000E-01 -0.2650735E-05
  0.4475000E-01 -0.2740009E-05
  0.4480000E-01 -0.2820468E-05
  0.4485000E-01 -0.2891181E-05
  0.4490000E-01 -0.2951301E-05
  0.4495000E-01 -0.3000082E-05
  0.4500000E-01 -0.3036898E-05
  0.4505000E-01 -0.3061258E-05
  0.4510000E-01 -0.3072809E-05
  0.4515000E-01 -0.3071345E-05
  0.4520000E-01 -0.3056801E-05
  0.4525000E-01 -0.3029248E-05
  0.4530000E-01 -0.2988890E-05
  0.4535000E-01 -0.2936070E-05
  0.4540000E-01 -0.2871258E-05
  0.4545000E-01 -0.2795053E-05
  0.4550000E-01 -0.2708165E-05
  0.4555000E-01 -0.2611399E-05
  0.4560000E-01 -0.2505651E-05
  0.4565000E-01 -0.2391898E-05
  0.4570000E-01 -0.2271182E-05
  0.4575000E-01 -0.2144584E-05
  0.4580000E-01 -0.2013211E-05
  0.4585000E-01 -0.1878178E-05
  0.4590000E-01 -0.1740589E-05
  0.4595000E-01 -0.1601522E-05
  0.4600000E-01 -0.1462011E-05
  0.4605000E-01 -0.1323026E-05
  0.4610000E-01 -0.1185452E-05
  0.4615000E-01 -0.1050087E-05
  0.4620000E-01 -0.9176301E-06
  0.4625000E-01 -0.7886707E-06
  0.4630000E-01 -0.6636819E-06
  0.4635000E-01 -0.5430174E-06
  0.4640000E-01 -0.4269043E-06
  0.4645000E-01 -0.3154417E-06
  0.4650000E-01 -0.2086025E-06
  0.4655000E-01 -0.1062417E-06
  0.4660000E-01 -0.8105090E-08
  0.4665000E-01  0.8616403E-07
  0.4670000E-01  0.1770150E-06
  0.4675000E-01  0.2649795E-06
  0.4680000E-01  0.3506614E-06
  0.4685000E-01  0.4347264E-06
  0.4690000E-01  0.5178878E-06
  0.4695000E-01  0.6008914E-06
  0.4700000E-01  0.6844998E-06
  0.4705000E-01  0.7694732E-06
  0.4710000E-01  0.8565539E-06
  0.4715000E-01  0.9464541E-06
  0.4720000E-01  0.1039844E-05
  0.4725000E-01  0.1137336E-05
  0.4730000E-01  0.1239471E-05
  0.4735000E-01  0.1346714E-05
  0.4740000E-01  0.1459437E-05
  0.4745000E-01  0.1577921E-05
  0.4750000E-01  0.1702351E-05
  0.4755000E-01  0.1832803E-05
  0.4760000E-01  0.1969243E-05
  0.4765000E-01  0.2111521E-05
  0.4770000E-01  0.2259365E-05
  0.4775000E-01  0.2412390E-05
  0.4780000E-01  0.2570100E-05
  0.4785000E-01  0.2731889E-05
  0.4790000E-01  0.2897052E-05
  0.4795000E-01  0.3064787E-05
  0.4800000E-01  0.3234213E-05
  0.4805000E-01  0.3404372E-05
  0.4810000E-01  0.3574245E-05
  0.4815000E-01  0.3742762E-05
  0.4820000E-01  0.3908815E-05
  0.4825000E-01  0.4071262E-05
  0.4830000E-01  0.4228946E-05
  0.4835000E-01  0.4380700E-05
  0.4840000E-01  0.4525367E-05
  0.4845000E-01  0.4661813E-05
  0.4850000E-01  0.4788940E-05
  0.4855000E-01  0.4905693E-05
  0.4860000E-01  0.5011064E-05
  0.4865000E-01  0.5104103E-05
  0.4870000E-01  0.5183921E-05
  0.4875000E-01  0.5249698E-05
  0.4880000E-01  0.5300694E-05
  0.4885000E-01  0.5336255E-05
  0.4890000E-01  0.5355819E-05
  0.4895000E-01  0.5358918E-05
  0.4900000E-01  0.5345179E-05
  0.4905000E-01  0.5314324E-05
  0.4910000E-01  0.5266167E-05
  0.4915000E-01  0.5200613E-05
  0.4920000E-01  0.5117663E-05
  0.4925000E-01  0.5017420E-05
  0.4930000E-01  0.4900078E-05
  0.4935000E-01  0.4765914E-05
  0.4940000E-01  0.4615284E-05
  0.4945000E-01  0.4448620E-05
  0.4950000E-01  0.4266426E-05
  0.4955000E-01  0.4069273E-05
  0.4960000E-01  0.3857790E-05
  0.4965000E-01  0.3632661E-05
  0.4970000E-01  0.3394612E-05
  0.4975000E-01  0.3144407E-05
  0.4980000E-01  0.2882841E-05
  0.4985000E-01  0.2610736E-05
  0.4990000E-01  0.2328928E-05
  0.4995000E-01  0.2038269E-05
  0.5000000E-01  0.1739616E-05
  0.5005000E-01  0.1433828E-05
  0.5010000E-01  0.1121753E-05
  0.5015000E-01  0.8042317E-06
  0.5020000E-01  0.4820869E-06
  0.5025000E-01  0.1561255E-06
  0.5030000E-01 -0.1728660E-06
  0.5035000E-01 -0.5041226E-06
  0.5040000E-01 -0.8369022E-06
  0.5045000E-01 -0.1170486E-05
  0.5050000E-01 -0.1504178E-05
  0.5055000E-01 -0.1837304E-05
  0.5060000E-01 -0.2169213E-05
  0.5065000E-01 -0.2499271E-05
  0.5070000E-01 -0.2826864E-05
  0.5075000E-01 -0.3151394E-05
  0.5080000E-01 -0.3472276E-05
  0.5085000E-01 -0.3788937E-05
  0.5090000E-01 -0.4100812E-05
  0.5095000E-01 -0.4407339E-05
  0.5100000E-01 -0.4707960E-05
  0.5105000E-01 -0.5002113E-05
  0.5110000E-01 -0.5289230E-05
  0.5115000E-01 -0.5568736E-05
  0.5120000E-01 -0.5840047E-05
  0.5125000E-01 -0.6102569E-05
  0.5130000E-01 -0.6355694E-05
  0.5135000E-01 -0.6598800E-05
  0.5140000E-01 -0.6831246E-05
  0.5145000E-01 -0.7052370E-05
  0.5150000E-01 -0.7261489E-05
  0.5155000E-01 -0.7457900E-05
  0.5160000E-01 -0.7640876E-05
  0.5165000E-01 -0.7809681E-05
  0.5170000E-01 -0.7963560E-05
  0.5175000E-01 -0.8101757E-05
  0.5180000E-01 -0.8223511E-05
  0.5185000E-01 -0.8328068E-05
  0.5190000E-01 -0.8414683E-05
  0.5195000E-01 -0.8482623E-05
  0.5200000E-01 -0.8531172E-05
  0.5205000E-01 -0.8559642E-05
  0.5210000E-01 -0.8567379E-05
  0.5215000E-01 -0.8553776E-05
  0.5220000E-01 -0.8518281E-05
  0.5225000E-01 -0.8460402E-05
  0.5230000E-01 -0.8379717E-05
  0.5235000E-01 -0.8275891E-05
  0.5240000E-01 -0.8148675E-05
  0.5245000E-01 -0.7997916E-05
  0.5250000E-01 -0.7823550E-05
  0.5255000E-01 -0.7625614E-05
  0.5260000E-01 -0.7404248E-05
  0.5265000E-01 -0.7159703E-05
  0.5270000E-01 -0.6892338E-05
  0.5275000E-01 -0.6602618E-05
  0.5280000E-01 -0.6291119E-05
  0.5285000E-01 -0.5958525E-05
  0.5290000E-01 -0.5605625E-05
  0.5295000E-01 -0.5233298E-05
  0.5300000E-01 -0.4842512E-05
  0.5305000E-01 -0.4434308E-05
  0.5310000E-01 -0.4009790E-05
  0.5315000E-01 -0.3570119E-05
  0.5320000E-01 -0.3116506E-05
  0.5325000E-01 -0.2650198E-05
  0.5330000E-01 -0.2172472E-05
  0.5335000E-01 -0.1684619E-05
  0.5340000E-01 -0.1187938E-05
  0.5345000E-01 -0.6837215E-06
  0.5350000E-01 -0.1732516E-06
  0.5355000E-01  0.3422109E-06
  0.5360000E-01  0.8614325E-06
  0.5365000E-01  0.1383214E-05
  0.5370000E-01  0.1906396E-05
  0.5375000E-01  0.2429866E-05
  0.5380000E-01  0.2952555E-05
  0.5385000E-01  0.3473441E-05
  0.5390000E-01  0.3991553E-05
  0.5395000E-01  0.4505966E-05
  0.5400000E-01  0.5015804E-05
  0.5405000E-01  0.5520233E-05
  0.5410000E-01  0.6018455E-05
  0.5415000E-01  0.6509707E-05
  0.5420000E-01  0.6993259E-05
  0.5425000E-01  0.7468406E-05
  0.5430000E-01  0.7934463E-05
  0.5435000E-01  0.8390756E-05
  0.5440000E-01  0.8836617E-05
  0.5445000E-01  0.9271384E-05
  0.5450000E-01  0.9694401E-05
  0.5455000E-01  0.1010501E-04
  0.5460000E-01  0.1050256E-04
  0.5465000E-01  0.1088640E-04
  0.5470000E-01  0.1125587E-04
  0.5475000E-01  0.1161031E-04
  0.5480000E-01  0.1194910E-04
  0.5485000E-01  0.1227160E-04
  0.5490000E-01  0.1257720E-04
  0.5495000E-01  0.1286533E-04
  0.5500000E-01  0.1313548E-04
  0.5505000E-01  0.1338715E-04
  0.5510000E-01  0.1361995E-04
  0.5515000E-01  0.1383353E-04
  0.5520000E-01  0.1402764E-04
  0.5525000E-01  0.1420213E-04
  0.5530000E-01  0.1435693E-04
  0.5535000E-01  0.1449209E-04
  0.5540000E-01  0.1460778E-04
  0.5545000E-01  0.1470427E-04
  0.5550000E-01  0.1478199E-04
  0.5555000E-01  0.1484149E-04
  0.5560000E-01  0.1488345E-04
  0.5565000E-01  0.1490871E-04
  0.5570000E-01  0.1491821E-04
  0.5575000E-01  0.1491304E-04
  0.5580000E-01  0.1489439E-04
  0.5585000E-01  0.1486356E-04
  0.5590000E-01  0.1482191E-04
  0.5595000E-01  0.1477090E-04
  0.5600000E-01  0.1471205E-04
  0.5605000E-01  0.1464691E-04
  0.5610000E-01  0.1457703E-04
  0.5615000E-01  0.1450399E-04
  0.5620000E-01  0.1442932E-04
  0.5625000E-01  0.1435448E-04
  0.5630000E-01  0.1428088E-04
  0.5635000E-01  0.1420981E-04
  0.5640000E-01  0.1414247E-04
  0.5645000E-01  0.1407991E-04
  0.5650000E-01  0.1402304E-04
  0.5655000E-01  0.1397261E-04
  0.5660000E-01  0.1392921E-04
  0.5665000E-01  0.1389321E-04
  0.5670000E-01  0.1386481E-04
  0.5675000E-01  0.1384402E-04
  0.5680000E-01  0.1383063E-04
  0.5685000E-01  0.1382427E-04
  0.5690000E-01  0.1382437E-04
  0.5695000E-01  0.1383017E-04
  0.5700000E-01  0.1384077E-04
  0.5705000E-01  0.1385512E-04
  0.5710000E-01  0.1387204E-04
  0.5715000E-01  0.1389024E-04
  0.5720000E-01  0.1390836E-04
  0.5725000E-01  0.1392495E-04
  0.5730000E-01  0.1393853E-04
  0.5735000E-01  0.1394762E-04
  0.5740000E-01  0.1395072E-04
  0.5745000E-01  0.1394639E-04
  0.5750000E-01  0.1393324E-04
  0.5755000E-01  0.1390995E-04
  0.5760000E-01  0.1387534E-04
  0.5765000E-01  0.1382832E-04
  0.5770000E-01  0.1376798E-04
  0.5775000E-01  0.1369353E-04
  0.5780000E-01  0.1360433E-04
  0.5785000E-01  0.1349991E-04
  0.5790000E-01  0.1337998E-04
  0.5795000E-01  0.1324440E-04
  0.5800000E-01  0.1309322E-04
  0.5805000E-01  0.1292664E-04
  0.5810000E-01  0.1274504E-04
  0.5815000E-01  0.1254891E-04
  0.5820000E-01  0.1233889E-04
  0.5825000E-01  0.1211575E-04
  0.5830000E-01  0.1188030E-04
  0.5835000E-01  0.1163347E-04
  0.5840000E-01  0.1137622E-04
  0.5845000E-01  0.1110956E-04
  0.5850000E-01  0.1083453E-04
  0.5855000E-01  0.1055220E-04
  0.5860000E-01  0.1026364E-04
  0.5865000E-01  0.9969888E-05
  0.5870000E-01  0.9671972E-05
  0.5875000E-01  0.9370857E-05
  0.5880000E-01  0.9067445E-05
  0.5885000E-01  0.8762567E-05
  0.5890000E-01  0.8456982E-05
  0.5895000E-01  0.8151379E-05
  0.5900000E-01  0.7846379E-05
  0.5905000E-01  0.7542525E-05
  0.5910000E-01  0.7240293E-05
  0.5915000E-01  0.6940088E-05
  0.5920000E-01  0.6642256E-05
  0.5925000E-01  0.6347092E-05
  0.5930000E-01  0.6054847E-05
  0.5935000E-01  0.5765739E-05
  0.5940000E-01  0.5479954E-05
  0.5945000E-01  0.5197661E-05
  0.5950000E-01  0.4919018E-05
  0.5955000E-01  0.4644177E-05
  0.5960000E-01  0.4373291E-05
  0.5965000E-01  0.4106528E-05
  0.5970000E-01  0.3844073E-05
  0.5975000E-01  0.3586138E-05
  0.5980000E-01  0.3332967E-05
  0.5985000E-01  0.3084832E-05
  0.5990000E-01  0.2842047E-05
  0.5995000E-01  0.2604961E-05
  0.6000000E-01  0.2373957E-05
  0.6005000E-01  0.2149448E-05
  0.6010000E-01  0.1931872E-05
  0.6015000E-01  0.1721686E-05
  0.6020000E-01  0.1519362E-05
  0.6025000E-01  0.1325382E-05
  0.6030000E-01  0.1140229E-05
  0.6035000E-01  0.9643806E-06
  0.6040000E-01  0.7983038E-06
  0.6045000E-01  0.6424452E-06
  0.6050000E-01  0.4972241E-06
  0.6055000E-01  0.3630282E-06
  0.6060000E-01  0.2402067E-06
  0.6065000E-01  0.1290657E-06
  0.6070000E-01  0.2986454E-07
  0.6075000E-01 -0.5718648E-07
  0.6080000E-01 -0.1319291E-06
  0.6085000E-01 -0.1942616E-06
  0.6090000E-01 -0.2441392E-06
  0.6095000E-01 -0.2815741E-06
  0.6100000E-01 -0.3066347E-06
  0.6105000E-01 -0.3194435E-06
  0.6110000E-01 -0.3201782E-06
  0.6115000E-01 -0.3090665E-06
  0.6120000E-01 -0.2863786E-06
  0.6125000E-01 -0.2524284E-06
  0.6130000E-01 -0.2075731E-06
  0.6135000E-01 -0.1522074E-06
  0.6140000E-01 -0.8675965E-07
  0.6145000E-01 -0.1168742E-07
  0.6150000E-01  0.7252761E-07
  0.6155000E-01  0.1653757E-06
  0.6160000E-01  0.2663229E-06
  0.6165000E-01  0.3748157E-06
  0.6170000E-01  0.4902795E-06
  0.6175000E-01  0.6121220E-06
  0.6180000E-01  0.7397414E-06
  0.6185000E-01  0.8725323E-06
  0.6190000E-01  0.1009883E-05
  0.6195000E-01  0.1151162E-05
  0.6200000E-01  0.1295716E-05
  0.6205000E-01  0.1442879E-05
  0.6210000E-01  0.1591982E-05
  0.6215000E-01  0.1742351E-05
  0.6220000E-01  0.1893303E-05
  0.6225000E-01  0.2044148E-05
  0.6230000E-01  0.2194186E-05
  0.6235000E-01  0.2342707E-05
  0.6240000E-01  0.2488989E-05
  0.6245000E-01  0.2632299E-05
  0.6250000E-01  0.2771898E-05
  0.6255000E-01  0.2907050E-05
  0.6260000E-01  0.3037017E-05
  0.6265000E-01  0.3161066E-05
  0.6270000E-01  0.3278469E-05
  0.6275000E-01  0.3388513E-05
  0.6280000E-01  0.3490500E-05
  0.6285000E-01  0.3583759E-05
  0.6290000E-01  0.3667656E-05
  0.6295000E-01  0.3741585E-05
  0.6300000E-01  0.3804958E-05
  0.6305000E-01  0.3857224E-05
  0.6310000E-01  0.3897870E-05
  0.6315000E-01  0.3926430E-05
  0.6320000E-01  0.3942468E-05
  0.6325000E-01  0.3945592E-05
  0.6330000E-01  0.3935462E-05
  0.6335000E-01  0.3911795E-05
  0.6340000E-01  0.3874371E-05
  0.6345000E-01  0.3823045E-05
  0.6350000E-01  0.3757741E-05
  0.6355000E-01  0.3678454E-05
  0.6360000E-01  0.3585258E-05
  0.6365000E-01  0.3478299E-05
  0.6370000E-01  0.3357792E-05
  0.6375000E-01  0.3224021E-05
  0.6380000E-01  0.3077345E-05
  0.6385000E-01  0.2918196E-05
  0.6390000E-01  0.2747068E-05
  0.6395000E-01  0.2564507E-05
  0.6400000E-01  0.2371123E-05
  0.6405000E-01  0.2167575E-05
  0.6410000E-01  0.1954561E-05
  0.6415000E-01  0.1732830E-05
  0.6420000E-01  0.1503175E-05
  0.6425000E-01  0.1266414E-05
  0.6430000E-01  0.1023372E-05
  0.6435000E-01  0.7748860E-06
  0.6440000E-01  0.5217919E-06
  0.6445000E-01  0.2649232E-06
  0.6450000E-01  0.5105106E-08
  0.6455000E-01 -0.2568285E-06
  0.6460000E-01 -0.5200477E-06
  0.6465000E-01 -0.7837376E-06
  0.6470000E-01 -0.1047097E-05
  0.6475000E-01 -0.1309355E-05
  0.6480000E-01 -0.1569767E-05
  0.6485000E-01 -0.1827611E-05
  0.6490000E-01 -0.2082193E-05
  0.6495000E-01 -0.2332852E-05
  0.6500000E-01 -0.2578974E-05
  0.6505000E-01 -0.2819998E-05
  0.6510000E-01 -0.3055412E-05
  0.6515000E-01 -0.3284744E-05
  0.6520000E-01 -0.3507563E-05
  0.6525000E-01 -0.3723483E-05
  0.6530000E-01 -0.3932172E-05
  0.6535000E-01 -0.4133341E-05
  0.6540000E-01 -0.4326737E-05
  0.6545000E-01 -0.4512147E-05
  0.6550000E-01 -0.4689416E-05
  0.6555000E-01 -0.4858449E-05
  0.6560000E-01 -0.5019196E-05
  0.6565000E-01 -0.5171637E-05
  0.6570000E-01 -0.5315778E-05
  0.6575000E-01 -0.5451642E-05
  0.6580000E-01 -0.5579278E-05
  0.6585000E-01 -0.5698755E-05
  0.6590000E-01 -0.5810172E-05
  0.6595000E-01 -0.5913650E-05
  0.6600000E-01 -0.6009323E-05
  0.6605000E-01 -0.6097348E-05
  0.6610000E-01 -0.6177898E-05
  0.6615000E-01 -0.6251149E-05
  0.6620000E-01 -0.6317284E-05
  0.6625000E-01 -0.6376498E-05
  0.6630000E-01 -0.6428981E-05
  0.6635000E-01 -0.6474919E-05
  0.6640000E-01 -0.6514508E-05
  0.6645000E-01 -0.6547949E-05
  0.6650000E-01 -0.6575454E-05
  0.6655000E-01 -0.6597231E-05
  0.6660000E-01 -0.6613470E-05
  0.6665000E-01 -0.6624353E-05
  0.6670000E-01 -0.6630046E-05
  0.6675000E-01 -0.6630712E-05
  0.6680000E-01 -0.6626530E-05
  0.6685000E-01 -0.6617679E-05
  0.6690000E-01 -0.6604328E-05
  0.6695000E-01 -0.6586655E-05
  0.6700000E-01 -0.6564833E-05
  0.6705000E-01 -0.6539028E-05
  0.6710000E-01 -0.6509388E-05
  0.6715000E-01 -0.6476041E-05
  0.6720000E-01 -0.6439099E-05
  0.6725000E-01 -0.6398669E-05
  0.6730000E-01 -0.6354838E-05
  0.6735000E-01 -0.6307678E-05
  0.6740000E-01 -0.6257257E-05
  0.6745000E-01 -0.6203641E-05
  0.6750000E-01 -0.6146888E-05
  0.6755000E-01 -0.6087058E-05
  0.6760000E-01 -0.6024201E-05
  0.6765000E-01 -0.5958355E-05
  0.6770000E-01 -0.5889552E-05
  0.6775000E-01 -0.5817817E-05
  0.6780000E-01 -0.5743168E-05
  0.6785000E-01 -0.5665623E-05
  0.6790000E-01 -0.5585198E-05
  0.6795000E-01 -0.5501906E-05
  0.6800000E-01 -0.5415748E-05
  0.6805000E-01 -0.5326713E-05
  0.6810000E-01 -0.5234782E-05
  0.6815000E-01 -0.5139936E-05
  0.6820000E-01 -0.5042153E-05
  0.6825000E-01 -0.4941412E-05
  0.6830000E-01 -0.4837691E-05
  0.6835000E-01 -0.4730975E-05
  0.6840000E-01 -0.4621255E-05
  0.6845000E-01 -0.4508518E-05
  0.6850000E-01 -0.4392741E-05
  0.6855000E-01 -0.4273910E-05
  0.6860000E-01 -0.4152017E-05
  0.6865000E-01 -0.4027051E-05
  0.6870000E-01 -0.3899004E-05
  0.6875000E-01 -0.3767881E-05
  0.6880000E-01 -0.3633698E-05
  0.6885000E-01 -0.3496478E-05
  0.6890000E-01 -0.3356255E-05
  0.6895000E-01 -0.3213084E-05
  0.6900000E-01 -0.3067040E-05
  0.6905000E-01 -0.2918219E-05
  0.6910000E-01 -0.2766734E-05
  0.6915000E-01 -0.2612710E-05
  0.6920000E-01 -0.2456295E-05
  0.6925000E-01 -0.2297652E-05
  0.6930000E-01 -0.2136961E-05
  0.6935000E-01 -0.1974414E-05
  0.6940000E-01 -0.1810230E-05
  0.6945000E-01 -0.1644646E-05
  0.6950000E-01 -0.1477927E-05
  0.6955000E-01 -0.1310361E-05
  0.6960000E-01 -0.1142264E-05
  0.6965000E-01 -0.9739716E-06
  0.6970000E-01 -0.8058385E-06
  0.6975000E-01 -0.6382343E-06
  0.6980000E-01 -0.4715433E-06
  0.6985000E-01 -0.3061580E-06
  0.6990000E-01 -0.1424795E-06
  0.6995000E-01  0.1908222E-07
  0.7000000E-01  0.1781119E-06
  0.7005000E-01  0.3341926E-06
  0.7010000E-01  0.4869080E-06
  0.7015000E-01  0.6358479E-06
  0.7020000E-01  0.7806122E-06
  0.7025000E-01  0.9208138E-06
  0.7030000E-01  0.1056081E-05
  0.7035000E-01  0.1186060E-05
  0.7040000E-01  0.1310418E-05
  0.7045000E-01  0.1428850E-05
  0.7050000E-01  0.1541082E-05
  0.7055000E-01  0.1646880E-05
  0.7060000E-01  0.1746053E-05
  0.7065000E-01  0.1838454E-05
  0.7070000E-01  0.1923979E-05
  0.7075000E-01  0.2002569E-05
  0.7080000E-01  0.2074209E-05
  0.7085000E-01  0.2138932E-05
  0.7090000E-01  0.2196822E-05
  0.7095000E-01  0.2248015E-05
  0.7100000E-01  0.2292692E-05
  0.7105000E-01  0.2331079E-05
  0.7110000E-01  0.2363449E-05
  0.7115000E-01  0.2390124E-05
  0.7120000E-01  0.2411463E-05
  0.7125000E-01  0.2427863E-05
  0.7130000E-01  0.2439756E-05
  0.7135000E-01  0.2447603E-05
  0.7140000E-01  0.2451893E-05
  0.7145000E-01  0.2453135E-05
  0.7150000E-01  0.2451856E-05
  0.7155000E-01  0.2448586E-05
  0.7160000E-01  0.2443843E-05
  0.7165000E-01  0.2438127E-05
  0.7170000E-01  0.2431900E-05
  0.7175000E-01  0.2425586E-05
  0.7180000E-01  0.2419571E-05
  0.7185000E-01  0.2414212E-05
  0.7190000E-01  0.2409834E-05
  0.7195000E-01  0.2406729E-05
  0.7200000E-01  0.2405145E-05
  0.7205000E-01  0.2405290E-05
  0.7210000E-01  0.2407328E-05
  0.7215000E-01  0.2411371E-05
  0.7220000E-01  0.2417479E-05
  0.7225000E-01  0.2425665E-05
  0.7230000E-01  0.2435874E-05
  0.7235000E-01  0.2447979E-05
  0.7240000E-01  0.2461782E-05
  0.7245000E-01  0.2477011E-05
  0.7250000E-01  0.2493335E-05
  0.7255000E-01  0.2510363E-05
  0.7260000E-01  0.2527662E-05
  0.7265000E-01  0.2544753E-05
  0.7270000E-01  0.2561133E-05
  0.7275000E-01  0.2576275E-05
  0.7280000E-01  0.2589628E-05
  0.7285000E-01  0.2600629E-05
  0.7290000E-01  0.2608701E-05
  0.7295000E-01  0.2613241E-05
  0.7300000E-01  0.2613643E-05
  0.7305000E-01  0.2609313E-05
  0.7310000E-01  0.2599664E-05
  0.7315000E-01  0.2584124E-05
  0.7320000E-01  0.2562147E-05
  0.7325000E-01  0.2533229E-05
  0.7330000E-01  0.2496909E-05
  0.7335000E-01  0.2452770E-05
  0.7340000E-01  0.2400443E-05
  0.7345000E-01  0.2339616E-05
  0.7350000E-01  0.2270033E-05
  0.7355000E-01  0.2191498E-05
  0.7360000E-01  0.2103869E-05
  0.7365000E-01  0.2007067E-05
  0.7370000E-01  0.1901071E-05
  0.7375000E-01  0.1785927E-05
  0.7380000E-01  0.1661739E-05
  0.7385000E-01  0.1528665E-05
  0.7390000E-01  0.1386909E-05
  0.7395000E-01  0.1236720E-05
  0.7400000E-01  0.1078386E-05
  0.7405000E-01  0.9122416E-06
  0.7410000E-01  0.7386628E-06
  0.7415000E-01  0.5580617E-06
  0.7420000E-01  0.3708773E-06
  0.7425000E-01  0.1775737E-06
  0.7430000E-01 -0.2135646E-07
  0.7435000E-01 -0.2253984E-06
  0.7440000E-01 -0.4340253E-06
  0.7445000E-01 -0.6467019E-06
  0.7450000E-01 -0.8628894E-06
  0.7455000E-01 -0.1082049E-05
  0.7460000E-01 -0.1303646E-05
  0.7465000E-01 -0.1527148E-05
  0.7470000E-01 -0.1752036E-05
  0.7475000E-01 -0.1977798E-05
  0.7480000E-01 -0.2203936E-05
  0.7485000E-01 -0.2429969E-05
  0.7490000E-01 -0.2655443E-05
  0.7495000E-01 -0.2879931E-05
  0.7500000E-01 -0.3103039E-05
  0.7505000E-01 -0.3324403E-05
  0.7510000E-01 -0.3543689E-05
  0.7515000E-01 -0.3760590E-05
  0.7520000E-01 -0.3974828E-05
  0.7525000E-01 -0.4186145E-05
  0.7530000E-01 -0.4394294E-05
  0.7535000E-01 -0.4599051E-05
  0.7540000E-01 -0.4800210E-05
  0.7545000E-01 -0.4997584E-05
  0.7550000E-01 -0.5190999E-05
  0.7555000E-01 -0.5380301E-05
  0.7560000E-01 -0.5565356E-05
  0.7565000E-01 -0.5746048E-05
  0.7570000E-01 -0.5922270E-05
  0.7575000E-01 -0.6093931E-05
  0.7580000E-01 -0.6260959E-05
  0.7585000E-01 -0.6423281E-05
  0.7590000E-01 -0.6580836E-05
  0.7595000E-01 -0.6733560E-05
  0.7600000E-01 -0.6881388E-05
  0.7605000E-01 -0.7024243E-05
  0.7610000E-01 -0.7162040E-05
  0.7615000E-01 -0.7294681E-05
  0.7620000E-01 -0.7422067E-05
  0.7625000E-01 -0.7544099E-05
  0.7630000E-01 -0.7660688E-05
  0.7635000E-01 -0.7771735E-05
  0.7640000E-01 -0.7877123E-05
  0.7645000E-01 -0.7976725E-05
  0.7650000E-01 -0.8070393E-05
  0.7655000E-01 -0.8157954E-05
  0.7660000E-01 -0.8239208E-05
  0.7665000E-01 -0.8313920E-05
  0.7670000E-01 -0.8381816E-05
  0.7675000E-01 -0.8442594E-05
  0.7680000E-01 -0.8495922E-05
  0.7685000E-01 -0.8541447E-05
  0.7690000E-01 -0.8578778E-05
  0.7695000E-01 -0.8607484E-05
  0.7700000E-01 -0.8627106E-05
  0.7705000E-01 -0.8637157E-05
  0.7710000E-01 -0.8637105E-05
  0.7715000E-01 -0.8626382E-05
  0.7720000E-01 -0.8604390E-05
  0.7725000E-01 -0.8570505E-05
  0.7730000E-01 -0.8524082E-05
  0.7735000E-01 -0.8464475E-05
  0.7740000E-01 -0.8391023E-05
  0.7745000E-01 -0.8303056E-05
  0.7750000E-01 -0.8199904E-05
  0.7755000E-01 -0.8080905E-05
  0.7760000E-01 -0.7945429E-05
  0.7765000E-01 -0.7792876E-05
  0.7770000E-01 -0.7622690E-05
  0.7775000E-01 -0.7434370E-05
  0.7780000E-01 -0.7227492E-05
  0.7785000E-01 -0.7001703E-05
  0.7790000E-01 -0.6756748E-05
  0.7795000E-01 -0.6492484E-05
  0.7800000E-01 -0.6208901E-05
  0.7805000E-01 -0.5906133E-05
  0.7810000E-01 -0.5584470E-05
  0.7815000E-01 -0.5244363E-05
  0.7820000E-01 -0.4886454E-05
  0.7825000E-01 -0.4511569E-05
  0.7830000E-01 -0.4120724E-05
  0.7835000E-01 -0.3715115E-05
  0.7840000E-01 -0.3296102E-05
  0.7845000E-01 -0.2865204E-05
  0.7850000E-01 -0.2424086E-05
  0.7855000E-01 -0.1974547E-05
  0.7860000E-01 -0.1518481E-05
  0.7865000E-01 -0.1057845E-05
  0.7870000E-01 -0.5946274E-06
  0.7875000E-01 -0.1308182E-06
  0.7880000E-01  0.3316209E-06
  0.7885000E-01  0.7907804E-06
  0.7890000E-01  0.1244827E-05
  0.7895000E-01  0.1692046E-05
  0.7900000E-01  0.2130861E-05
  0.7905000E-01  0.2559859E-05
  0.7910000E-01  0.2977804E-05
  0.7915000E-01  0.3383659E-05
  0.7920000E-01  0.3776577E-05
  0.7925000E-01  0.4155909E-05
  0.7930000E-01  0.4521203E-05
  0.7935000E-01  0.4872196E-05
  0.7940000E-01  0.5208808E-05
  0.7945000E-01  0.5531123E-05
  0.7950000E-01  0.5839356E-05
  0.7955000E-01  0.6133820E-05
  0.7960000E-01  0.6414880E-05
  0.7965000E-01  0.6682937E-05
  0.7970000E-01  0.6938414E-05
  0.7975000E-01  0.7181738E-05
  0.7980000E-01  0.7413325E-05
  0.7985000E-01  0.7633573E-05
  0.7990000E-01  0.7842844E-05
  0.7995000E-01  0.8041436E-05
  0.8000000E-01  0.8229581E-05
  0.8005000E-01  0.8407451E-05
  0.8010000E-01  0.8575198E-05
  0.8015000E-01  0.8732954E-05
  0.8020000E-01  0.8880851E-05
  0.8025000E-01  0.9019025E-05
  0.8030000E-01  0.9147610E-05
  0.8035000E-01  0.9266755E-05
  0.8040000E-01  0.9376603E-05
  0.8045000E-01  0.9477300E-05
  0.8050000E-01  0.9569019E-05
  0.8055000E-01  0.9651953E-05
  0.8060000E-01  0.9726324E-05
  0.8065000E-01  0.9792384E-05
  0.8070000E-01  0.9850410E-05
  0.8075000E-01  0.9900710E-05
  0.8080000E-01  0.9943622E-05
  0.8085000E-01  0.9979523E-05
  0.8090000E-01  0.1000879E-04
  0.8095000E-01  0.1003182E-04
  0.8100000E-01  0.1004907E-04
  0.8105000E-01  0.1006102E-04
  0.8110000E-01  0.1006820E-04
  0.8115000E-01  0.1007111E-04
  0.8120000E-01  0.1007029E-04
  0.8125000E-01  0.1006626E-04
  0.8130000E-01  0.1005951E-04
  0.8135000E-01  0.1005052E-04
  0.8140000E-01  0.1003975E-04
  0.8145000E-01  0.1002767E-04
  0.8150000E-01  0.1001467E-04
  0.8155000E-01  0.1000107E-04
  0.8160000E-01  0.9987052E-05
  0.8165000E-01  0.9972705E-05
  0.8170000E-01  0.9958015E-05
  0.8175000E-01  0.9942866E-05
  0.8180000E-01  0.9927031E-05
  0.8185000E-01  0.9910195E-05
  0.8190000E-01  0.9891976E-05
  0.8195000E-01  0.9871937E-05
  0.8200000E-01  0.9849585E-05
  0.8205000E-01  0.9824348E-05
  0.8210000E-01  0.9795612E-05
  0.8215000E-01  0.9762699E-05
  0.8220000E-01  0.9724859E-05
  0.8225000E-01  0.9681333E-05
  0.8230000E-01  0.9631402E-05
  0.8235000E-01  0.9574411E-05
  0.8240000E-01  0.9509780E-05
  0.8245000E-01  0.9437027E-05
  0.8250000E-01  0.9355767E-05
  0.8255000E-01  0.9265723E-05
  0.8260000E-01  0.9166762E-05
  0.8265000E-01  0.9058892E-05
  0.8270000E-01  0.8942275E-05
  0.8275000E-01  0.8817210E-05
  0.8280000E-01  0.8684133E-05
  0.8285000E-01  0.8543604E-05
  0.8290000E-01  0.8396298E-05
  0.8295000E-01  0.8243030E-05
  0.8300000E-01  0.8084727E-05
  0.8305000E-01  0.7922419E-05
  0.8310000E-01  0.7757257E-05
  0.8315000E-01  0.7590486E-05
  0.8320000E-01  0.7423416E-05
  0.8325000E-01  0.7257461E-05
  0.8330000E-01  0.7094117E-05
  0.8335000E-01  0.6934953E-05
  0.8340000E-01  0.6781659E-05
  0.8345000E-01  0.6636003E-05
  0.8350000E-01  0.6499817E-05
  0.8355000E-01  0.6374991E-05
  0.8360000E-01  0.6263467E-05
  0.8365000E-01  0.6167207E-05
  0.8370000E-01  0.6088206E-05
  0.8375000E-01  0.6028479E-05
  0.8380000E-01  0.5990050E-05
  0.8385000E-01  0.5974918E-05
  0.8390000E-01  0.5985005E-05
  0.8395000E-01  0.6022170E-05
  0.8400000E-01  0.6088186E-05
  0.8405000E-01  0.6184675E-05
  0.8410000E-01  0.6313070E-05
  0.8415000E-01  0.6474551E-05
  0.8420000E-01  0.6670027E-05
  0.8425000E-01  0.6900063E-05
  0.8430000E-01  0.7164832E-05
  0.8435000E-01  0.7464058E-05
  0.8440000E-01  0.7796988E-05
  0.8445000E-01  0.8162322E-05
  0.8450000E-01  0.8558190E-05
  0.8455000E-01  0.8982144E-05
  0.8460000E-01  0.9431162E-05
  0.8465000E-01  0.9901649E-05
  0.8470000E-01  0.1038946E-04
  0.8475000E-01  0.1088988E-04
  0.8480000E-01  0.1139763E-04
  0.8485000E-01  0.1190692E-04
  0.8490000E-01  0.1241150E-04
  0.8495000E-01  0.1290476E-04
  0.8500000E-01  0.1337991E-04
  0.8505000E-01  0.1383001E-04
  0.8510000E-01  0.1424805E-04
  0.8515000E-01  0.1462709E-04
  0.8520000E-01  0.1496038E-04
  0.8525000E-01  0.1524142E-04
  0.8530000E-01  0.1546414E-04
  0.8535000E-01  0.1562304E-04
  0.8540000E-01  0.1571323E-04
  0.8545000E-01  0.1573043E-04
  0.8550000E-01  0.1567112E-04
  0.8555000E-01  0.1553257E-04
  0.8560000E-01  0.1531286E-04
  0.8565000E-01  0.1501101E-04
  0.8570000E-01  0.1462693E-04
  0.8575000E-01  0.1416143E-04
  0.8580000E-01  0.1361619E-04
  0.8585000E-01  0.1299365E-04
  0.8590000E-01  0.1229703E-04
  0.8595000E-01  0.1153020E-04
  0.8600000E-01  0.1069775E-04
  0.8605000E-01  0.9804858E-05
  0.8610000E-01  0.8857190E-05
  0.8615000E-01  0.7860794E-05
  0.8620000E-01  0.6821963E-05
  0.8625000E-01  0.5747183E-05
  0.8630000E-01  0.4643021E-05
  0.8635000E-01  0.3516034E-05
  0.8640000E-01  0.2372781E-05
  0.8645000E-01  0.1219746E-05
  0.8650000E-01  0.6314097E-07
  0.8655000E-01 -0.1091247E-05
  0.8660000E-01 -0.2238041E-05
  0.8665000E-01 -0.3372310E-05
  0.8670000E-01 -0.4489660E-05
  0.8675000E-01 -0.5586271E-05
  0.8680000E-01 -0.6658849E-05
  0.8685000E-01 -0.7704571E-05
  0.8690000E-01 -0.8721154E-05
  0.8695000E-01 -0.9706771E-05
  0.8700000E-01 -0.1065999E-04
  0.8705000E-01 -0.1157972E-04
  0.8710000E-01 -0.1246515E-04
  0.8715000E-01 -0.1331581E-04
  0.8720000E-01 -0.1413145E-04
  0.8725000E-01 -0.1491195E-04
  0.8730000E-01 -0.1565725E-04
  0.8735000E-01 -0.1636725E-04
  0.8740000E-01 -0.1704170E-04
  0.8745000E-01 -0.1768026E-04
  0.8750000E-01 -0.1828250E-04
  0.8755000E-01 -0.1884788E-04
  0.8760000E-01 -0.1937565E-04
  0.8765000E-01 -0.1986484E-04
  0.8770000E-01 -0.2031431E-04
  0.8775000E-01 -0.2072275E-04
  0.8780000E-01 -0.2108872E-04
  0.8785000E-01 -0.2141071E-04
  0.8790000E-01 -0.2168716E-04
  0.8795000E-01 -0.2191652E-04
  0.8800000E-01 -0.2209722E-04
  0.8805000E-01 -0.2222785E-04
  0.8810000E-01 -0.2230723E-04
  0.8815000E-01 -0.2233444E-04
  0.8820000E-01 -0.2230891E-04
  0.8825000E-01 -0.2223044E-04
  0.8830000E-01 -0.2209924E-04
  0.8835000E-01 -0.2191604E-04
  0.8840000E-01 -0.2168206E-04
  0.8845000E-01 -0.2139905E-04
  0.8850000E-01 -0.2106929E-04
  0.8855000E-01 -0.2069557E-04
  0.8860000E-01 -0.2028114E-04
  0.8865000E-01 -0.1982967E-04
  0.8870000E-01 -0.1934519E-04
  0.8875000E-01 -0.1883204E-04
  0.8880000E-01 -0.1829477E-04
  0.8885000E-01 -0.1773820E-04
  0.8890000E-01 -0.1716728E-04
  0.8895000E-01 -0.1658708E-04
  0.8900000E-01 -0.1600271E-04
  0.8905000E-01 -0.1541928E-04
  0.8910000E-01 -0.1484182E-04
  0.8915000E-01 -0.1427525E-04
  0.8920000E-01 -0.1372434E-04
  0.8925000E-01 -0.1319358E-04
  0.8930000E-01 -0.1268720E-04
  0.8935000E-01 -0.1220905E-04
  0.8940000E-01 -0.1176263E-04
  0.8945000E-01 -0.1135104E-04
  0.8950000E-01 -0.1097695E-04
  0.8955000E-01 -0.1064262E-04
  0.8960000E-01 -0.1034986E-04
  0.8965000E-01 -0.1010006E-04
  0.8970000E-01 -0.9894104E-05
  0.8975000E-01 -0.9732444E-05
  0.8980000E-01 -0.9615066E-05
  0.8985000E-01 -0.9541515E-05
  0.8990000E-01 -0.9510898E-05
  0.8995000E-01 -0.9521874E-05
  0.9000000E-01 -0.9572680E-05
  0.9005000E-01 -0.9661139E-05
  0.9010000E-01 -0.9784691E-05
  0.9015000E-01 -0.9940418E-05
  0.9020000E-01 -0.1012507E-04
  0.9025000E-01 -0.1033512E-04
  0.9030000E-01 -0.1056688E-04
  0.9035000E-01 -0.1081649E-04
  0.9040000E-01 -0.1108003E-04
  0.9045000E-01 -0.1135350E-04
  0.9050000E-01 -0.1163292E-04
  0.9055000E-01 -0.1191434E-04
  0.9060000E-01 -0.1219391E-04
  0.9065000E-01 -0.1246786E-04
  0.9070000E-01 -0.1273251E-04
  0.9075000E-01 -0.1298429E-04
  0.9080000E-01 -0.1321982E-04
  0.9085000E-01 -0.1343589E-04
  0.9090000E-01 -0.1362949E-04
  0.9095000E-01 -0.1379766E-04
  0.9100000E-01 -0.1393754E-04
  0.9105000E-01 -0.1404626E-04
  0.9110000E-01 -0.1412088E-04
  0.9115000E-01 -0.1415832E-04
  0.9120000E-01 -0.1415527E-04
  0.9125000E-01 -0.1410815E-04
  0.9130000E-01 -0.1401319E-04
  0.9135000E-01 -0.1386633E-04
  0.9140000E-01 -0.1366324E-04
  0.9145000E-01 -0.1339927E-04
  0.9150000E-01 -0.1306956E-04
  0.9155000E-01 -0.1266913E-04
  0.9160000E-01 -0.1219289E-04
  0.9165000E-01 -0.1163568E-04
  0.9170000E-01 -0.1099251E-04
  0.9175000E-01 -0.1025866E-04
  0.9180000E-01 -0.9429865E-05
  0.9185000E-01 -0.8502410E-05
  0.9190000E-01 -0.7473385E-05
  0.9195000E-01 -0.6340837E-05
  0.9200000E-01 -0.5104106E-05
  0.9205000E-01 -0.3763937E-05
  0.9210000E-01 -0.2322655E-05
  0.9215000E-01 -0.7843760E-06
  0.9220000E-01  0.8449641E-06
  0.9225000E-01  0.2557572E-05
  0.9230000E-01  0.4343967E-05
  0.9235000E-01  0.6193075E-05
  0.9240000E-01  0.8092324E-05
  0.9245000E-01  0.1002767E-04
  0.9250000E-01  0.1198363E-04
  0.9255000E-01  0.1394373E-04
  0.9260000E-01  0.1589065E-04
  0.9265000E-01  0.1780628E-04
  0.9270000E-01  0.1967174E-04
  0.9275000E-01  0.2146743E-04
  0.9280000E-01  0.2317331E-04
  0.9285000E-01  0.2476889E-04
  0.9290000E-01  0.2623284E-04
  0.9295000E-01  0.2754317E-04
  0.9300000E-01  0.2867715E-04
  0.9305000E-01  0.2961135E-04
  0.9310000E-01  0.3032177E-04
  0.9315000E-01  0.3078366E-04
  0.9320000E-01  0.3097179E-04
  0.9325000E-01  0.3086097E-04
  0.9330000E-01  0.3042689E-04
  0.9335000E-01  0.2964763E-04
  0.9340000E-01  0.2850536E-04
  0.9345000E-01  0.2698789E-04
  0.9350000E-01  0.2509012E-04
  0.9355000E-01  0.2281530E-04
  0.9360000E-01  0.2017577E-04
  0.9365000E-01  0.1719295E-04
  0.9370000E-01  0.1389657E-04
  0.9375000E-01  0.1032301E-04
  0.9380000E-01  0.6512897E-05
  0.9385000E-01  0.2508179E-05
  0.9390000E-01 -0.1651115E-05
  0.9395000E-01 -0.5930309E-05
  0.9400000E-01 -0.1030302E-04
  0.9405000E-01 -0.1475350E-04
  0.9410000E-01 -0.1927811E-04
  0.9415000E-01 -0.2388560E-04
  0.9420000E-01 -0.2859608E-04
  0.9425000E-01 -0.3343883E-04
  0.9430000E-01 -0.3844925E-04
  0.9435000E-01 -0.4366499E-04
  0.9440000E-01 -0.4912164E-04
  0.9445000E-01 -0.5484828E-04
  0.9450000E-01 -0.6086256E-04
  0.9455000E-01 -0.6716615E-04
  0.9460000E-01 -0.7373998E-04
  0.9465000E-01 -0.8054021E-04
  0.9470000E-01 -0.8749498E-04
  0.9475000E-01 -0.9450182E-04
  0.9480000E-01 -0.1014262E-03
  0.9485000E-01 -0.1081028E-03
  0.9490000E-01 -0.1143390E-03
  0.9495000E-01 -0.1199214E-03
  0.9500000E-01 -0.1246251E-03
  0.9505000E-01 -0.1282256E-03
  0.9510000E-01 -0.1305141E-03
  0.9515000E-01 -0.1313123E-03
  0.9520000E-01 -0.1304881E-03
  0.9525000E-01 -0.1279680E-03
  0.9530000E-01 -0.1237468E-03
  0.9535000E-01 -0.1178912E-03
  0.9540000E-01 -0.1105392E-03
  0.9545000E-01 -0.1018937E-03
  0.9550000E-01 -0.9221088E-04
  0.9555000E-01 -0.8178511E-04
  0.9560000E-01 -0.7093190E-04
  0.9565000E-01 -0.5996977E-04
  0.9570000E-01 -0.4920326E-04
  0.9575000E-01 -0.3890831E-04
  0.9580000E-01 -0.2932073E-04
  0.9585000E-01 -0.2062865E-04
  0.9590000E-01 -0.1296842E-04
  0.9595000E-01 -0.6423749E-05
  0.9600000E-01 -0.1027885E-05
  0.9605000E-01  0.3231970E-05
  0.9610000E-01  0.6408671E-05
  0.9615000E-01  0.8588033E-05
  0.9620000E-01  0.9881095E-05
  0.9625000E-01  0.1041601E-04
  0.9630000E-01  0.1032975E-04
  0.9635000E-01  0.9760273E-05
  0.9640000E-01  0.8839369E-05
  0.9645000E-01  0.7686832E-05
  0.9650000E-01  0.6406518E-05
  0.9655000E-01  0.5084844E-05
  0.9660000E-01  0.3791887E-05
  0.9665000E-01  0.2584797E-05
  0.9670000E-01  0.1512436E-05
  0.9675000E-01  0.6194958E-06
  0.9680000E-01 -0.5227408E-07
  0.9685000E-01 -0.4678290E-06
  0.9690000E-01 -0.6093511E-06
  0.9695000E-01 -0.4939371E-06
  0.9700000E-01 -0.1971670E-06
  0.9705000E-01  0.1206267E-06
  0.9710000E-01  0.1902184E-06
  0.9715000E-01 -0.3824360E-06
  0.9720000E-01 -0.2117447E-05
  0.9725000E-01 -0.5641067E-05
  0.9730000E-01 -0.1163887E-04
  0.9735000E-01 -0.2077880E-04
  0.9740000E-01 -0.3360456E-04
  0.9745000E-01 -0.5040726E-04
  0.9750000E-01 -0.7109097E-04
  0.9755000E-01 -0.9505923E-04
  0.9760000E-01 -0.1211536E-03
  0.9765000E-01 -0.1476771E-03
  0.9770000E-01 -0.1725224E-03
  0.9775000E-01 -0.1934080E-03
  0.9780000E-01 -0.2081888E-03
  0.9785000E-01 -0.2151897E-03
  0.9790000E-01 -0.2134919E-03
  0.9795000E-01 -0.2031079E-03
  0.9800000E-01 -0.1849994E-03
  0.9805000E-01 -0.1609340E-03
  0.9810000E-01 -0.1332119E-03
  0.9815000E-01 -0.1043265E-03
  0.9820000E-01 -0.7662900E-04
  0.9825000E-01 -0.5205863E-04
  0.9830000E-01 -0.3197670E-04
  0.9835000E-01 -0.1711453E-04
  0.9840000E-01 -0.7616723E-05
  0.9845000E-01 -0.3151996E-05
  0.9850000E-01 -0.3054433E-05
  0.9855000E-01 -0.6467482E-05
  0.9860000E-01 -0.1246838E-04
  0.9865000E-01 -0.2016395E-04
  0.9870000E-01 -0.2875462E-04
  0.9875000E-01 -0.3756999E-04
  0.9880000E-01 -0.4608105E-04
  0.9885000E-01 -0.5389481E-04
  0.9890000E-01 -0.6073810E-04
  0.9895000E-01 -0.6643606E-04
  0.9900000E-01 -0.7088911E-04
  0.9905000E-01 -0.7405174E-04
  0.9910000E-01 -0.7591431E-04
  0.9915000E-01 -0.7649066E-04
  0.9920000E-01 -0.7581081E-04
  0.9925000E-01 -0.7391872E-04
  0.9930000E-01 -0.7087434E-04
  0.9935000E-01 -0.6675884E-04
  0.9940000E-01 -0.6168131E-04
  0.9945000E-01 -0.5578494E-04
  0.9950000E-01 -0.4925019E-04
  0.9955000E-01 -0.4229372E-04
  0.9960000E-01 -0.3516157E-04
  0.9965000E-01 -0.2811642E-04
  0.9970000E-01 -0.2142153E-04
  0.9975000E-01 -0.1532400E-04
  0.9980000E-01 -0.1004082E-04
  0.9985000E-01 -0.5750153E-05
  0.9990000E-01 -0.2588505E-05
  0.9995000E-01 -0.6522280E-06
  0.1000000E+00  0.0000000E+00
