  0.0000000E+00  0.0000000E+00
  0.5000000E-04  0.2247988E-06
  0.1000000E-03  0.8946710E-06
  0.1500000E-03  0.1998467E-05
  0.2000000E-03  0.3521179E-05
  0.2500000E-03  0.5444972E-05
  0.3000000E-03  0.7748822E-05
  0.3500000E-03  0.1040684E-04
  0.4000000E-03  0.1338517E-04
  0.4500000E-03  0.1663815E-04
  0.5000000E-03  0.2010427E-04
  0.5500000E-03  0.2370251E-04
  0.6000000E-03  0.2733009E-04
  0.6500000E-03  0.3086294E-04
  0.7000000E-03  0.3415986E-04
  0.7500000E-03  0.3707102E-04
  0.8000000E-03  0.3945092E-04
  0.8500000E-03  0.4117449E-04
  0.9000000E-03  0.4215446E-04
  0.9500000E-03  0.4235627E-04
  0.1000000E-02  0.4180722E-04
  0.1050000E-02  0.4059642E-04
  0.1100000E-02  0.3886414E-04
  0.1150000E-02  0.3678114E-04
  0.1200000E-02  0.3452155E-04
  0.1250000E-02  0.3223399E-04
  0.1300000E-02  0.3001762E-04
  0.1350000E-02  0.2790837E-04
  0.1400000E-02  0.2587858E-04
  0.1450000E-02  0.2385008E-04
  0.1500000E-02  0.2171808E-04
  0.1550000E-02  0.1937934E-04
  0.1600000E-02  0.1675938E-04
  0.1650000E-02  0.1383167E-04
  0.1700000E-02  0.1062681E-04
  0.1750000E-02  0.7229666E-05
  0.1800000E-02  0.3767235E-05
  0.1850000E-02  0.3897036E-06
  0.1900000E-02 -0.2750313E-05
  0.1950000E-02 -0.5516806E-05
  0.2000000E-02 -0.7804833E-05
  0.2050000E-02 -0.9548829E-05
  0.2100000E-02 -0.1072489E-04
  0.2150000E-02 -0.1134748E-04
  0.2200000E-02 -0.1146263E-04
  0.2250000E-02 -0.1113862E-04
  0.2300000E-02 -0.1045634E-04
  0.2350000E-02 -0.9500147E-05
  0.2400000E-02 -0.8350525E-05
  0.2450000E-02 -0.7078647E-05
  0.2500000E-02 -0.5742987E-05
  0.2550000E-02 -0.4387475E-05
  0.2600000E-02 -0.3040999E-05
  0.2650000E-02 -0.1717778E-05
  0.2700000E-02 -0.4184381E-06
  0.2750000E-02  0.8683049E-06
  0.2800000E-02  0.2163222E-05
  0.2850000E-02  0.3493053E-05
  0.2900000E-02  0.4885721E-05
  0.2950000E-02  0.6363943E-05
  0.3000000E-02  0.7937401E-05
  0.3050000E-02  0.9593766E-05
  0.3100000E-02  0.1128963E-04
  0.3150000E-02  0.1294260E-04
  0.3200000E-02  0.1442628E-04
  0.3250000E-02  0.1556979E-04
  0.3300000E-02  0.1616376E-04
  0.3350000E-02  0.1597339E-04
  0.3400000E-02  0.1475894E-04
  0.3450000E-02  0.1230189E-04
  0.3500000E-02  0.8434186E-05
  0.3550000E-02  0.3065793E-05
  0.3600000E-02 -0.3793929E-05
  0.3650000E-02 -0.1202588E-04
  0.3700000E-02 -0.2140430E-04
  0.3750000E-02 -0.3161444E-04
  0.3800000E-02 -0.4228208E-04
  0.3850000E-02 -0.5301074E-04
  0.3900000E-02 -0.6341900E-04
  0.3950000E-02 -0.7317265E-04
  0.4000000E-02 -0.8200606E-04
  0.4050000E-02 -0.8973010E-04
  0.4100000E-02 -0.9622729E-04
  0.4150000E-02 -0.1014379E-03
  0.4200000E-02 -0.1053400E-03
  0.4250000E-02 -0.1079281E-03
  0.4300000E-02 -0.1091958E-03
  0.4350000E-02 -0.1091245E-03
  0.4400000E-02 -0.1076830E-03
  0.4450000E-02 -0.1048347E-03
  0.4500000E-02 -0.1005532E-03
  0.4550000E-02 -0.9484249E-04
  0.4600000E-02 -0.8775724E-04
  0.4650000E-02 -0.7941867E-04
  0.4700000E-02 -0.7002041E-04
  0.4750000E-02 -0.5982254E-04
  0.4800000E-02 -0.4913284E-04
  0.4850000E-02 -0.3827774E-04
  0.4900000E-02 -0.2756754E-04
  0.4950000E-02 -0.1726211E-04
  0.5000000E-02 -0.7542671E-05
  0.5050000E-02  0.1505250E-05
  0.5100000E-02  0.9895737E-05
  0.5150000E-02  0.1773335E-04
  0.5200000E-02  0.2519304E-04
  0.5250000E-02  0.3249200E-04
  0.5300000E-02  0.3985670E-04
  0.5350000E-02  0.4748868E-04
  0.5400000E-02  0.5553139E-04
  0.5450000E-02  0.6404019E-04
  0.5500000E-02  0.7295831E-04
  0.5550000E-02  0.8210139E-04
  0.5600000E-02  0.9115458E-04
  0.5650000E-02  0.9968546E-04
  0.5700000E-02  0.1071751E-03
  0.5750000E-02  0.1130671E-03
  0.5800000E-02  0.1168318E-03
  0.5850000E-02  0.1180365E-03
  0.5900000E-02  0.1164132E-03
  0.5950000E-02  0.1119094E-03
  0.6000000E-02  0.1047126E-03
  0.6050000E-02  0.9524054E-04
  0.6100000E-02  0.8409622E-04
  0.6150000E-02  0.7199498E-04
  0.6200000E-02  0.5967676E-04
  0.6250000E-02  0.4781870E-04
  0.6300000E-02  0.3696427E-04
  0.6350000E-02  0.2748014E-04
  0.6400000E-02  0.1954498E-04
  0.6450000E-02  0.1316867E-04
  0.6500000E-02  0.8233567E-05
  0.6550000E-02  0.4547163E-05
  0.6600000E-02  0.1894859E-05
  0.6650000E-02  0.8348298E-07
  0.6700000E-02 -0.1030859E-05
  0.6750000E-02 -0.1533621E-05
  0.6800000E-02 -0.1460669E-05
  0.6850000E-02 -0.8214744E-06
  0.6900000E-02  0.3692991E-06
  0.6950000E-02  0.2059525E-05
  0.7000000E-02  0.4134845E-05
  0.7050000E-02  0.6408353E-05
  0.7100000E-02  0.8629076E-05
  0.7150000E-02  0.1050913E-04
  0.7200000E-02  0.1176462E-04
  0.7250000E-02  0.1216124E-04
  0.7300000E-02  0.1155387E-04
  0.7350000E-02  0.9910348E-05
  0.7400000E-02  0.7313987E-05
  0.7450000E-02  0.3945091E-05
  0.7500000E-02  0.4710879E-07
  0.7550000E-02 -0.4113371E-05
  0.7600000E-02 -0.8283407E-05
  0.7650000E-02 -0.1225025E-04
  0.7700000E-02 -0.1585454E-04
  0.7750000E-02 -0.1899128E-04
  0.7800000E-02 -0.2160236E-04
  0.7850000E-02 -0.2366525E-04
  0.7900000E-02 -0.2518169E-04
  0.7950000E-02 -0.2616943E-04
  0.8000000E-02 -0.2665729E-04
  0.8050000E-02 -0.2668284E-04
  0.8100000E-02 -0.2629159E-04
  0.8150000E-02 -0.2553646E-04
  0.8200000E-02 -0.2447702E-04
  0.8250000E-02 -0.2317823E-04
  0.8300000E-02 -0.2170848E-04
  0.8350000E-02 -0.2013741E-04
  0.8400000E-02 -0.1853364E-04
  0.8450000E-02 -0.1696280E-04
  0.8500000E-02 -0.1548548E-04
  0.8550000E-02 -0.1415553E-04
  0.8600000E-02 -0.1301816E-04
  0.8650000E-02 -0.1210823E-04
  0.8700000E-02 -0.1144852E-04
  0.8750000E-02 -0.1104828E-04
  0.8800000E-02 -0.1090196E-04
  0.8850000E-02 -0.1098858E-04
  0.8900000E-02 -0.1127180E-04
  0.8950000E-02 -0.1170097E-04
  0.9000000E-02 -0.1221325E-04
  0.9050000E-02 -0.1273680E-04
  0.9100000E-02 -0.1319498E-04
  0.9150000E-02 -0.1351131E-04
  0.9200000E-02 -0.1361491E-04
  0.9250000E-02 -0.1344586E-04
  0.9300000E-02 -0.1295999E-04
  0.9350000E-02 -0.1213252E-04
  0.9400000E-02 -0.1096015E-04
  0.9450000E-02 -0.9461281E-05
  0.9500000E-02 -0.7674588E-05
  0.9550000E-02 -0.5655982E-05
  0.9600000E-02 -0.3474021E-05
  0.9650000E-02 -0.1204729E-05
  0.9700000E-02  0.1074044E-05
  0.9750000E-02  0.3287837E-05
  0.9800000E-02  0.5370315E-05
  0.9850000E-02  0.7267019E-05
  0.9900000E-02  0.8937825E-05
  0.9950000E-02  0.1035817E-04
  0.1000000E-01  0.1151896E-04
  0.1005000E-01  0.1242541E-04
  0.1010000E-01  0.1309514E-04
  0.1015000E-01  0.1355570E-04
  0.1020000E-01  0.1384149E-04
  0.1025000E-01  0.1399061E-04
  0.1030000E-01  0.1404178E-04
  0.1035000E-01  0.1403176E-04
  0.1040000E-01  0.1399319E-04
  0.1045000E-01  0.1395302E-04
  0.1050000E-01  0.1393166E-04
  0.1055000E-01  0.1394273E-04
  0.1060000E-01  0.1399353E-04
  0.1065000E-01  0.1408578E-04
  0.1070000E-01  0.1421677E-04
  0.1075000E-01  0.1438052E-04
  0.1080000E-01  0.1456899E-04
  0.1085000E-01  0.1477322E-04
  0.1090000E-01  0.1498418E-04
  0.1095000E-01  0.1519351E-04
  0.1100000E-01  0.1539396E-04
  0.1105000E-01  0.1557980E-04
  0.1110000E-01  0.1574718E-04
  0.1115000E-01  0.1589431E-04
  0.1120000E-01  0.1602148E-04
  0.1125000E-01  0.1613104E-04
  0.1130000E-01  0.1622700E-04
  0.1135000E-01  0.1631459E-04
  0.1140000E-01  0.1639957E-04
  0.1145000E-01  0.1648750E-04
  0.1150000E-01  0.1658299E-04
  0.1155000E-01  0.1668888E-04
  0.1160000E-01  0.1680570E-04
  0.1165000E-01  0.1693123E-04
  0.1170000E-01  0.1706033E-04
  0.1175000E-01  0.1718513E-04
  0.1180000E-01  0.1729567E-04
  0.1185000E-01  0.1738083E-04
  0.1190000E-01  0.1742957E-04
  0.1195000E-01  0.1743215E-04
  0.1200000E-01  0.1738132E-04
  0.1205000E-01  0.1727315E-04
  0.1210000E-01  0.1710757E-04
  0.1215000E-01  0.1688850E-04
  0.1220000E-01  0.1662342E-04
  0.1225000E-01  0.1632262E-04
  0.1230000E-01  0.1599820E-04
  0.1235000E-01  0.1566307E-04
  0.1240000E-01  0.1532985E-04
  0.1245000E-01  0.1500999E-04
  0.1250000E-01  0.1471305E-04
  0.1255000E-01  0.1444625E-04
  0.1260000E-01  0.1421416E-04
  0.1265000E-01  0.1401855E-04
  0.1270000E-01  0.1385841E-04
  0.1275000E-01  0.1372992E-04
  0.1280000E-01  0.1362674E-04
  0.1285000E-01  0.1354026E-04
  0.1290000E-01  0.1345983E-04
  0.1295000E-01  0.1337314E-04
  0.1300000E-01  0.1326699E-04
  0.1305000E-01  0.1312812E-04
  0.1310000E-01  0.1294413E-04
  0.1315000E-01  0.1270446E-04
  0.1320000E-01  0.1240130E-04
  0.1325000E-01  0.1203036E-04
  0.1330000E-01  0.1159117E-04
  0.1335000E-01  0.1108698E-04
  0.1340000E-01  0.1052430E-04
  0.1345000E-01  0.9911954E-05
  0.1350000E-01  0.9260083E-05
  0.1355000E-01  0.8579004E-05
  0.1360000E-01  0.7878311E-05
  0.1365000E-01  0.7166054E-05
  0.1370000E-01  0.6448208E-05
  0.1375000E-01  0.5728512E-05
  0.1380000E-01  0.5008658E-05
  0.1385000E-01  0.4288760E-05
  0.1390000E-01  0.3567828E-05
  0.1395000E-01  0.2844383E-05
  0.1400000E-01  0.2117039E-05
  0.1405000E-01  0.1385114E-05
  0.1410000E-01  0.6490307E-06
  0.1415000E-01 -0.8950241E-07
  0.1420000E-01 -0.8274644E-06
  0.1425000E-01 -0.1560551E-05
  0.1430000E-01 -0.2283141E-05
  0.1435000E-01 -0.2988345E-05
  0.1440000E-01 -0.3668186E-05
  0.1445000E-01 -0.4313804E-05
  0.1450000E-01 -0.4915628E-05
  0.1455000E-01 -0.5463632E-05
  0.1460000E-01 -0.5947870E-05
  0.1465000E-01 -0.6359185E-05
  0.1470000E-01 -0.6690081E-05
  0.1475000E-01 -0.6935925E-05
  0.1480000E-01 -0.7096183E-05
  0.1485000E-01 -0.7175406E-05
  0.1490000E-01 -0.7183921E-05
  0.1495000E-01 -0.7137962E-05
  0.1500000E-01 -0.7059105E-05
  0.1505000E-01 -0.6973127E-05
  0.1510000E-01 -0.6908189E-05
  0.1515000E-01 -0.6892443E-05
  0.1520000E-01 -0.6951225E-05
  0.1525000E-01 -0.7104192E-05
  0.1530000E-01 -0.7362548E-05
  0.1535000E-01 -0.7726588E-05
  0.1540000E-01 -0.8183855E-05
  0.1545000E-01 -0.8708156E-05
  0.1550000E-01 -0.9259749E-05
  0.1555000E-01 -0.9786524E-05
  0.1560000E-01 -0.1022645E-04
  0.1565000E-01 -0.1051122E-04
  0.1570000E-01 -0.1057097E-04
  0.1575000E-01 -0.1033971E-04
  0.1580000E-01 -0.9760797E-05
  0.1585000E-01 -0.8792165E-05
  0.1590000E-01 -0.7410644E-05
  0.1595000E-01 -0.5614855E-05
  0.1600000E-01 -0.3426500E-05
  0.1605000E-01 -0.8898194E-06
  0.1610000E-01  0.1930779E-05
  0.1615000E-01  0.4954675E-05
  0.1620000E-01  0.8090140E-05
  0.1625000E-01  0.1124006E-04
  0.1630000E-01  0.1430778E-04
  0.1635000E-01  0.1720252E-04
  0.1640000E-01  0.1984404E-04
  0.1645000E-01  0.2216624E-04
  0.1650000E-01  0.2411956E-04
  0.1655000E-01  0.2567221E-04
  0.1660000E-01  0.2681039E-04
  0.1665000E-01  0.2753766E-04
  0.1670000E-01  0.2787387E-04
  0.1675000E-01  0.2785391E-04
  0.1680000E-01  0.2752624E-04
  0.1685000E-01  0.2695176E-04
  0.1690000E-01  0.2620260E-04
  0.1695000E-01  0.2536092E-04
  0.1700000E-01  0.2451786E-04
  0.1705000E-01  0.2377210E-04
  0.1710000E-01  0.2322795E-04
  0.1715000E-01  0.2299297E-04
  0.1720000E-01  0.2317497E-04
  0.1725000E-01  0.2387850E-04
  0.1730000E-01  0.2520088E-04
  0.1735000E-01  0.2722767E-04
  0.1740000E-01  0.3002703E-04
  0.1745000E-01  0.3364251E-04
  0.1750000E-01  0.3808338E-04
  0.1755000E-01  0.4331259E-04
  0.1760000E-01  0.4923317E-04
  0.1765000E-01  0.5567579E-04
  0.1770000E-01  0.6239157E-04
  0.1775000E-01  0.6905516E-04
  0.1780000E-01  0.7528218E-04
  0.1785000E-01  0.8066259E-04
  0.1790000E-01  0.8480751E-04
  0.1795000E-01  0.8740219E-04
  0.1800000E-01  0.8825464E-04
  0.1805000E-01  0.8732919E-04
  0.1810000E-01  0.8475641E-04
  0.1815000E-01  0.8081692E-04
  0.1820000E-01  0.7590266E-04
  0.1825000E-01  0.7046451E-04
  0.1830000E-01  0.6495792E-04
  0.1835000E-01  0.5979742E-04
  0.1840000E-01  0.5532772E-04
  0.1845000E-01  0.5181360E-04
  0.1850000E-01  0.4944599E-04
  0.1855000E-01  0.4835781E-04
  0.1860000E-01  0.4864165E-04
  0.1865000E-01  0.5036147E-04
  0.1870000E-01  0.5355299E-04
  0.1875000E-01  0.5821056E-04
  0.1880000E-01  0.6426232E-04
  0.1885000E-01  0.7153988E-04
  0.1890000E-01  0.7975158E-04
  0.1895000E-01  0.8847006E-04
  0.1900000E-01  0.9714352E-04
  0.1905000E-01  0.1051357E-03
  0.1910000E-01  0.1117929E-03
  0.1915000E-01  0.1165272E-03
  0.1920000E-01  0.1189020E-03
  0.1925000E-01  0.1186996E-03
  0.1930000E-01  0.1159558E-03
  0.1935000E-01  0.1109542E-03
  0.1940000E-01  0.1041801E-03
  0.1945000E-01  0.9624634E-04
  0.1950000E-01  0.8780702E-04
  0.1955000E-01  0.7947838E-04
  0.1960000E-01  0.7178003E-04
  0.1965000E-01  0.6510414E-04
  0.1970000E-01  0.5971199E-04
  0.1975000E-01  0.5575117E-04
  0.1980000E-01  0.5328347E-04
  0.1985000E-01  0.5231299E-04
  0.1990000E-01  0.5280624E-04
  0.1995000E-01  0.5469953E-04
  0.2000000E-01  0.5789338E-04
  0.2005000E-01  0.6223729E-04
  0.2010000E-01  0.6751133E-04
  0.2015000E-01  0.7341271E-04
  0.2020000E-01  0.7955506E-04
  0.2025000E-01  0.8548579E-04
  0.2030000E-01  0.9072235E-04
  0.2035000E-01  0.9480337E-04
  0.2040000E-01  0.9734554E-04
  0.2045000E-01  0.9809472E-04
  0.2050000E-01  0.9695974E-04
  0.2055000E-01  0.9402129E-04
  0.2060000E-01  0.8951418E-04
  0.2065000E-01  0.8378774E-04
  0.2070000E-01  0.7725408E-04
  0.2075000E-01  0.7033496E-04
  0.2080000E-01  0.6341736E-04
  0.2085000E-01  0.5682352E-04
  0.2090000E-01  0.5079696E-04
  0.2095000E-01  0.4550183E-04
  0.2100000E-01  0.4103128E-04
  0.2105000E-01  0.3741994E-04
  0.2110000E-01  0.3465676E-04
  0.2115000E-01  0.3269634E-04
  0.2120000E-01  0.3146788E-04
  0.2125000E-01  0.3088234E-04
  0.2130000E-01  0.3083812E-04
  0.2135000E-01  0.3122602E-04
  0.2140000E-01  0.3193368E-04
  0.2145000E-01  0.3284938E-04
  0.2150000E-01  0.3386521E-04
  0.2155000E-01  0.3487960E-04
  0.2160000E-01  0.3579906E-04
  0.2165000E-01  0.3653966E-04
  0.2170000E-01  0.3702806E-04
  0.2175000E-01  0.3720261E-04
  0.2180000E-01  0.3701455E-04
  0.2185000E-01  0.3642924E-04
  0.2190000E-01  0.3542744E-04
  0.2195000E-01  0.3400660E-04
  0.2200000E-01  0.3218178E-04
  0.2205000E-01  0.2998609E-04
  0.2210000E-01  0.2747026E-04
  0.2215000E-01  0.2470117E-04
  0.2220000E-01  0.2175923E-04
  0.2225000E-01  0.1873453E-04
  0.2230000E-01  0.1572210E-04
  0.2235000E-01  0.1281644E-04
  0.2240000E-01  0.1010570E-04
  0.2245000E-01  0.7666153E-05
  0.2250000E-01  0.5557264E-05
  0.2255000E-01  0.3818141E-05
  0.2260000E-01  0.2465488E-05
  0.2265000E-01  0.1493404E-05
  0.2270000E-01  0.8749858E-06
  0.2275000E-01  0.5654824E-06
  0.2280000E-01  0.5066731E-06
  0.2285000E-01  0.6320117E-06
  0.2290000E-01  0.8719519E-06
  0.2295000E-01  0.1159024E-05
  0.2300000E-01  0.1432268E-05
  0.2305000E-01  0.1640729E-05
  0.2310000E-01  0.1745802E-05
  0.2315000E-01  0.1722410E-05
  0.2320000E-01  0.1559050E-05
  0.2325000E-01  0.1256776E-05
  0.2330000E-01  0.8273805E-06
  0.2335000E-01  0.2909407E-06
  0.2340000E-01 -0.3270251E-06
  0.2345000E-01 -0.9984825E-06
  0.2350000E-01 -0.1695585E-05
  0.2355000E-01 -0.2392987E-05
  0.2360000E-01 -0.3069582E-05
  0.2365000E-01 -0.3709462E-05
  0.2370000E-01 -0.4302118E-05
  0.2375000E-01 -0.4842001E-05
  0.2380000E-01 -0.5327686E-05
  0.2385000E-01 -0.5760794E-05
  0.2390000E-01 -0.6144848E-05
  0.2395000E-01 -0.6484308E-05
  0.2400000E-01 -0.6783911E-05
  0.2405000E-01 -0.7048248E-05
  0.2410000E-01 -0.7281690E-05
  0.2415000E-01 -0.7488470E-05
  0.2420000E-01 -0.7672816E-05
  0.2425000E-01 -0.7839082E-05
  0.2430000E-01 -0.7991786E-05
  0.2435000E-01 -0.8135470E-05
  0.2440000E-01 -0.8274426E-05
  0.2445000E-01 -0.8412424E-05
  0.2450000E-01 -0.8552434E-05
  0.2455000E-01 -0.8696426E-05
  0.2460000E-01 -0.8845182E-05
  0.2465000E-01 -0.8998197E-05
  0.2470000E-01 -0.9153825E-05
  0.2475000E-01 -0.9309556E-05
  0.2480000E-01 -0.9462366E-05
  0.2485000E-01 -0.9609085E-05
  0.2490000E-01 -0.9746827E-05
  0.2495000E-01 -0.9873300E-05
  0.2500000E-01 -0.9986914E-05
  0.2505000E-01 -0.1008670E-04
  0.2510000E-01 -0.1017209E-04
  0.2515000E-01 -0.1024261E-04
  0.2520000E-01 -0.1029767E-04
  0.2525000E-01 -0.1033628E-04
  0.2530000E-01 -0.1035706E-04
  0.2535000E-01 -0.1035827E-04
  0.2540000E-01 -0.1033797E-04
  0.2545000E-01 -0.1029426E-04
  0.2550000E-01 -0.1022566E-04
  0.2555000E-01 -0.1013125E-04
  0.2560000E-01 -0.1001083E-04
  0.2565000E-01 -0.9864848E-05
  0.2570000E-01 -0.9694347E-05
  0.2575000E-01 -0.9500826E-05
  0.2580000E-01 -0.9286093E-05
  0.2585000E-01 -0.9052125E-05
  0.2590000E-01 -0.8800992E-05
  0.2595000E-01 -0.8534788E-05
  0.2600000E-01 -0.8255608E-05
  0.2605000E-01 -0.7965548E-05
  0.2610000E-01 -0.7666709E-05
  0.2615000E-01 -0.7361223E-05
  0.2620000E-01 -0.7051221E-05
  0.2625000E-01 -0.6738808E-05
  0.2630000E-01 -0.6426036E-05
  0.2635000E-01 -0.6114872E-05
  0.2640000E-01 -0.5807133E-05
  0.2645000E-01 -0.5504419E-05
  0.2650000E-01 -0.5208102E-05
  0.2655000E-01 -0.4919332E-05
  0.2660000E-01 -0.4639036E-05
  0.2665000E-01 -0.4367861E-05
  0.2670000E-01 -0.4106168E-05
  0.2675000E-01 -0.3854095E-05
  0.2680000E-01 -0.3611585E-05
  0.2685000E-01 -0.3378384E-05
  0.2690000E-01 -0.3154102E-05
  0.2695000E-01 -0.2938261E-05
  0.2700000E-01 -0.2730331E-05
  0.2705000E-01 -0.2529763E-05
  0.2710000E-01 -0.2336056E-05
  0.2715000E-01 -0.2148787E-05
  0.2720000E-01 -0.1967653E-05
  0.2725000E-01 -0.1792505E-05
  0.2730000E-01 -0.1623370E-05
  0.2735000E-01 -0.1460449E-05
  0.2740000E-01 -0.1304117E-05
  0.2745000E-01 -0.1154913E-05
  0.2750000E-01 -0.1013500E-05
  0.2755000E-01 -0.8806248E-06
  0.2760000E-01 -0.7570654E-06
  0.2765000E-01 -0.6435696E-06
  0.2770000E-01 -0.5407948E-06
  0.2775000E-01 -0.4492468E-06
  0.2780000E-01 -0.3692241E-06
  0.2785000E-01 -0.3007722E-06
  0.2790000E-01 -0.2436489E-06
  0.2795000E-01 -0.1973032E-06
  0.2800000E-01 -0.1608649E-06
  0.2805000E-01 -0.1331525E-06
  0.2810000E-01 -0.1126982E-06
  0.2815000E-01 -0.9778650E-07
  0.2820000E-01 -0.8650244E-07
  0.2825000E-01 -0.7678578E-07
  0.2830000E-01 -0.6649369E-07
  0.2835000E-01 -0.5346322E-07
  0.2840000E-01 -0.3557237E-07
  0.2845000E-01 -0.1079621E-07
  0.2850000E-01  0.2274098E-07
  0.2855000E-01  0.6672115E-07
  0.2860000E-01  0.1225943E-06
  0.2865000E-01  0.1915485E-06
  0.2870000E-01  0.2744908E-06
  0.2875000E-01  0.3720339E-06
  0.2880000E-01  0.4844876E-06
  0.2885000E-01  0.6118565E-06
  0.2890000E-01  0.7538481E-06
  0.2895000E-01  0.9098805E-06
  0.2900000E-01  0.1079099E-05
  0.2905000E-01  0.1260384E-05
  0.2910000E-01  0.1452370E-05
  0.2915000E-01  0.1653463E-05
  0.2920000E-01  0.1861871E-05
  0.2925000E-01  0.2075617E-05
  0.2930000E-01  0.2292566E-05
  0.2935000E-01  0.2510447E-05
  0.2940000E-01  0.2726890E-05
  0.2945000E-01  0.2939455E-05
  0.2950000E-01  0.3145683E-05
  0.2955000E-01  0.3343138E-05
  0.2960000E-01  0.3529457E-05
  0.2965000E-01  0.3702403E-05
  0.2970000E-01  0.3859904E-05
  0.2975000E-01  0.4000094E-05
  0.2980000E-01  0.4121341E-05
  0.2985000E-01  0.4222285E-05
  0.2990000E-01  0.4301887E-05
  0.2995000E-01  0.4359449E-05
  0.3000000E-01  0.4394631E-05
  0.3005000E-01  0.4407463E-05
  0.3010000E-01  0.4398349E-05
  0.3015000E-01  0.4368062E-05
  0.3020000E-01  0.4317752E-05
  0.3025000E-01  0.4248929E-05
  0.3030000E-01  0.4163474E-05
  0.3035000E-01  0.4063624E-05
  0.3040000E-01  0.3951965E-05
  0.3045000E-01  0.3831425E-05
  0.3050000E-01  0.3705275E-05
  0.3055000E-01  0.3577108E-05
  0.3060000E-01  0.3450832E-05
  0.3065000E-01  0.3330660E-05
  0.3070000E-01  0.3221104E-05
  0.3075000E-01  0.3126933E-05
  0.3080000E-01  0.3053145E-05
  0.3085000E-01  0.3004934E-05
  0.3090000E-01  0.2987658E-05
  0.3095000E-01  0.3006779E-05
  0.3100000E-01  0.3067800E-05
  0.3105000E-01  0.3176168E-05
  0.3110000E-01  0.3337179E-05
  0.3115000E-01  0.3555873E-05
  0.3120000E-01  0.3836914E-05
  0.3125000E-01  0.4184451E-05
  0.3130000E-01  0.4601987E-05
  0.3135000E-01  0.5092235E-05
  0.3140000E-01  0.5656983E-05
  0.3145000E-01  0.6296968E-05
  0.3150000E-01  0.7011723E-05
  0.3155000E-01  0.7799466E-05
  0.3160000E-01  0.8657014E-05
  0.3165000E-01  0.9579723E-05
  0.3170000E-01  0.1056143E-04
  0.3175000E-01  0.1159440E-04
  0.3180000E-01  0.1266942E-04
  0.3185000E-01  0.1377586E-04
  0.3190000E-01  0.1490183E-04
  0.3195000E-01  0.1603432E-04
  0.3200000E-01  0.1715937E-04
  0.3205000E-01  0.1826235E-04
  0.3210000E-01  0.1932821E-04
  0.3215000E-01  0.2034180E-04
  0.3220000E-01  0.2128811E-04
  0.3225000E-01  0.2215267E-04
  0.3230000E-01  0.2292192E-04
  0.3235000E-01  0.2358353E-04
  0.3240000E-01  0.2412673E-04
  0.3245000E-01  0.2454254E-04
  0.3250000E-01  0.2482404E-04
  0.3255000E-01  0.2496655E-04
  0.3260000E-01  0.2496772E-04
  0.3265000E-01  0.2482760E-04
  0.3270000E-01  0.2454861E-04
  0.3275000E-01  0.2413549E-04
  0.3280000E-01  0.2359513E-04
  0.3285000E-01  0.2293639E-04
  0.3290000E-01  0.2216987E-04
  0.3295000E-01  0.2130766E-04
  0.3300000E-01  0.2036301E-04
  0.3305000E-01  0.1935007E-04
  0.3310000E-01  0.1828348E-04
  0.3315000E-01  0.1717808E-04
  0.3320000E-01  0.1604861E-04
  0.3325000E-01  0.1490937E-04
  0.3330000E-01  0.1377392E-04
  0.3335000E-01  0.1265495E-04
  0.3340000E-01  0.1156404E-04
  0.3345000E-01  0.1051151E-04
  0.3350000E-01  0.9506304E-05
  0.3355000E-01  0.8555968E-05
  0.3360000E-01  0.7666595E-05
  0.3365000E-01  0.6842820E-05
  0.3370000E-01  0.6087890E-05
  0.3375000E-01  0.5403746E-05
  0.3380000E-01  0.4791082E-05
  0.3385000E-01  0.4249458E-05
  0.3390000E-01  0.3777445E-05
  0.3395000E-01  0.3372740E-05
  0.3400000E-01  0.3032290E-05
  0.3405000E-01  0.2752431E-05
  0.3410000E-01  0.2529007E-05
  0.3415000E-01  0.2357503E-05
  0.3420000E-01  0.2233141E-05
  0.3425000E-01  0.2150966E-05
  0.3430000E-01  0.2105923E-05
  0.3435000E-01  0.2092959E-05
  0.3440000E-01  0.2107070E-05
  0.3445000E-01  0.2143357E-05
  0.3450000E-01  0.2197043E-05
  0.3455000E-01  0.2263521E-05
  0.3460000E-01  0.2338387E-05
  0.3465000E-01  0.2417454E-05
  0.3470000E-01  0.2496765E-05
  0.3475000E-01  0.2572608E-05
  0.3480000E-01  0.2641537E-05
  0.3485000E-01  0.2700397E-05
  0.3490000E-01  0.2746354E-05
  0.3495000E-01  0.2776915E-05
  0.3500000E-01  0.2789953E-05
  0.3505000E-01  0.2783708E-05
  0.3510000E-01  0.2756808E-05
  0.3515000E-01  0.2708285E-05
  0.3520000E-01  0.2637586E-05
  0.3525000E-01  0.2544576E-05
  0.3530000E-01  0.2429561E-05
  0.3535000E-01  0.2293279E-05
  0.3540000E-01  0.2136890E-05
  0.3545000E-01  0.1961952E-05
  0.3550000E-01  0.1770373E-05
  0.3555000E-01  0.1564352E-05
  0.3560000E-01  0.1346322E-05
  0.3565000E-01  0.1118907E-05
  0.3570000E-01  0.8848787E-06
  0.3575000E-01  0.6471091E-06
  0.3580000E-01  0.4085103E-06
  0.3585000E-01  0.1719876E-06
  0.3590000E-01 -0.5960475E-07
  0.3595000E-01 -0.2835050E-06
  0.3600000E-01 -0.4970946E-06
  0.3605000E-01 -0.6979544E-06
  0.3610000E-01 -0.8838924E-06
  0.3615000E-01 -0.1052981E-05
  0.3620000E-01 -0.1203590E-05
  0.3625000E-01 -0.1334408E-05
  0.3630000E-01 -0.1444468E-05
  0.3635000E-01 -0.1533166E-05
  0.3640000E-01 -0.1600288E-05
  0.3645000E-01 -0.1646022E-05
  0.3650000E-01 -0.1670962E-05
  0.3655000E-01 -0.1676105E-05
  0.3660000E-01 -0.1662835E-05
  0.3665000E-01 -0.1632893E-05
  0.3670000E-01 -0.1588354E-05
  0.3675000E-01 -0.1531583E-05
  0.3680000E-01 -0.1465170E-05
  0.3685000E-01 -0.1391866E-05
  0.3690000E-01 -0.1314494E-05
  0.3695000E-01 -0.1235868E-05
  0.3700000E-01 -0.1158711E-05
  0.3705000E-01 -0.1085571E-05
  0.3710000E-01 -0.1018742E-05
  0.3715000E-01 -0.9602012E-06
  0.3720000E-01 -0.9115535E-06
  0.3725000E-01 -0.8739664E-06
  0.3730000E-01 -0.8481128E-06
  0.3735000E-01 -0.8341909E-06
  0.3740000E-01 -0.8319407E-06
  0.3745000E-01 -0.8406659E-06
  0.3750000E-01 -0.8592825E-06
  0.3755000E-01 -0.8863712E-06
  0.3760000E-01 -0.9202382E-06
  0.3765000E-01 -0.9589912E-06
  0.3770000E-01 -0.1000620E-05
  0.3775000E-01 -0.1043082E-05
  0.3780000E-01 -0.1084371E-05
  0.3785000E-01 -0.1122584E-05
  0.3790000E-01 -0.1155984E-05
  0.3795000E-01 -0.1183047E-05
  0.3800000E-01 -0.1202492E-05
  0.3805000E-01 -0.1213293E-05
  0.3810000E-01 -0.1214684E-05
  0.3815000E-01 -0.1206157E-05
  0.3820000E-01 -0.1187461E-05
  0.3825000E-01 -0.1158573E-05
  0.3830000E-01 -0.1119676E-05
  0.3835000E-01 -0.1071117E-05
  0.3840000E-01 -0.1013368E-05
  0.3845000E-01 -0.9469951E-06
  0.3850000E-01 -0.8726344E-06
  0.3855000E-01 -0.7909740E-06
  0.3860000E-01 -0.7027394E-06
  0.3865000E-01 -0.6086792E-06
  0.3870000E-01 -0.5095536E-06
  0.3875000E-01 -0.4061337E-06
  0.3880000E-01 -0.2992012E-06
  0.3885000E-01 -0.1895477E-06
  0.3890000E-01 -0.7798090E-07
  0.3895000E-01  0.3466794E-07
  0.3900000E-01  0.1475437E-06
  0.3905000E-01  0.2597645E-06
  0.3910000E-01  0.3704183E-06
  0.3915000E-01  0.4785689E-06
  0.3920000E-01  0.5832613E-06
  0.3925000E-01  0.6835256E-06
  0.3930000E-01  0.7783870E-06
  0.3935000E-01  0.8668811E-06
  0.3940000E-01  0.9480747E-06
  0.3945000E-01  0.1021079E-05
  0.3950000E-01  0.1085071E-05
  0.3955000E-01  0.1139317E-05
  0.3960000E-01  0.1183191E-05
  0.3965000E-01  0.1216184E-05
  0.3970000E-01  0.1237928E-05
  0.3975000E-01  0.1248207E-05
  0.3980000E-01  0.1246965E-05
  0.3985000E-01  0.1234318E-05
  0.3990000E-01  0.1210555E-05
  0.3995000E-01  0.1176141E-05
  0.4000000E-01  0.1131706E-05
  0.4005000E-01  0.1078034E-05
  0.4010000E-01  0.1016059E-05
  0.4015000E-01  0.9468510E-06
  0.4020000E-01  0.8715862E-06
  0.4025000E-01  0.7915188E-06
  0.4030000E-01  0.7079467E-06
  0.4035000E-01  0.6221785E-06
  0.4040000E-01  0.5355061E-06
  0.4045000E-01  0.4491722E-06
  0.4050000E-01  0.3643454E-06
  0.4055000E-01  0.2820963E-06
  0.4060000E-01  0.2033754E-06
  0.4065000E-01  0.1289926E-06
  0.4070000E-01  0.5960586E-07
  0.4075000E-01 -0.4283794E-08
  0.4080000E-01 -0.6233476E-07
  0.4085000E-01 -0.1143608E-06
  0.4090000E-01 -0.1603240E-06
  0.4095000E-01 -0.2003230E-06
  0.4100000E-01 -0.2345776E-06
  0.4105000E-01 -0.2634108E-06
  0.4110000E-01 -0.2872292E-06
  0.4115000E-01 -0.3065028E-06
  0.4120000E-01 -0.3217476E-06
  0.4125000E-01 -0.3335055E-06
  0.4130000E-01 -0.3423256E-06
  0.4135000E-01 -0.3487492E-06
  0.4140000E-01 -0.3532962E-06
  0.4145000E-01 -0.3564542E-06
  0.4150000E-01 -0.3586715E-06
  0.4155000E-01 -0.3603490E-06
  0.4160000E-01 -0.3618366E-06
  0.4165000E-01 -0.3634321E-06
  0.4170000E-01 -0.3653835E-06
  0.4175000E-01 -0.3678917E-06
  0.4180000E-01 -0.3711160E-06
  0.4185000E-01 -0.3751774E-06
  0.4190000E-01 -0.3801615E-06
  0.4195000E-01 -0.3861257E-06
  0.4200000E-01 -0.3931025E-06
  0.4205000E-01 -0.4011035E-06
  0.4210000E-01 -0.4101213E-06
  0.4215000E-01 -0.4201335E-06
  0.4220000E-01 -0.4311055E-06
  0.4225000E-01 -0.4429918E-06
  0.4230000E-01 -0.4557343E-06
  0.4235000E-01 -0.4692619E-06
  0.4240000E-01 -0.4834961E-06
  0.4245000E-01 -0.4983531E-06
  0.4250000E-01 -0.5137422E-06
  0.4255000E-01 -0.5295628E-06
  0.4260000E-01 -0.5457048E-06
  0.4265000E-01 -0.5620495E-06
  0.4270000E-01 -0.5784701E-06
  0.4275000E-01 -0.5948293E-06
  0.4280000E-01 -0.6109762E-06
  0.4285000E-01 -0.6267476E-06
  0.4290000E-01 -0.6419683E-06
  0.4295000E-01 -0.6564503E-06
  0.4300000E-01 -0.6699897E-06
  0.4305000E-01 -0.6823682E-06
  0.4310000E-01 -0.6933570E-06
  0.4315000E-01 -0.7027197E-06
  0.4320000E-01 -0.7102133E-06
  0.4325000E-01 -0.7155880E-06
  0.4330000E-01 -0.7185875E-06
  0.4335000E-01 -0.7189518E-06
  0.4340000E-01 -0.7164209E-06
  0.4345000E-01 -0.7107381E-06
  0.4350000E-01 -0.7016518E-06
  0.4355000E-01 -0.6889176E-06
  0.4360000E-01 -0.6723026E-06
  0.4365000E-01 -0.6515888E-06
  0.4370000E-01 -0.6265753E-06
  0.4375000E-01 -0.5970805E-06
  0.4380000E-01 -0.5629452E-06
  0.4385000E-01 -0.5240362E-06
  0.4390000E-01 -0.4802487E-06
  0.4395000E-01 -0.4315079E-06
  0.4400000E-01 -0.3777703E-06
  0.4405000E-01 -0.3190258E-06
  0.4410000E-01 -0.2552977E-06
  0.4415000E-01 -0.1866451E-06
  0.4420000E-01 -0.1131631E-06
  0.4425000E-01 -0.3498327E-07
  0.4430000E-01  0.4772538E-07
  0.4435000E-01  0.1347549E-06
  0.4440000E-01  0.2258573E-06
  0.4445000E-01  0.3207462E-06
  0.4450000E-01  0.4191011E-06
  0.4455000E-01  0.5205694E-06
  0.4460000E-01  0.6247708E-06
  0.4465000E-01  0.7312986E-06
  0.4470000E-01  0.8397227E-06
  0.4475000E-01  0.9495962E-06
  0.4480000E-01  0.1060448E-05
  0.4485000E-01  0.1171789E-05
  0.4490000E-01  0.1283123E-05
  0.4495000E-01  0.1393951E-05
  0.4500000E-01  0.1503778E-05
  0.4505000E-01  0.1612104E-05
  0.4510000E-01  0.1718436E-05
  0.4515000E-01  0.1822294E-05
  0.4520000E-01  0.1923217E-05
  0.4525000E-01  0.2020766E-05
  0.4530000E-01  0.2114526E-05
  0.4535000E-01  0.2204106E-05
  0.4540000E-01  0.2289144E-05
  0.4545000E-01  0.2369303E-05
  0.4550000E-01  0.2444271E-05
  0.4555000E-01  0.2513760E-05
  0.4560000E-01  0.2577501E-05
  0.4565000E-01  0.2635259E-05
  0.4570000E-01  0.2686832E-05
  0.4575000E-01  0.2732045E-05
  0.4580000E-01  0.2770756E-05
  0.4585000E-01  0.2802855E-05
  0.4590000E-01  0.2828261E-05
  0.4595000E-01  0.2846919E-05
  0.4600000E-01  0.2858804E-05
  0.4605000E-01  0.2863924E-05
  0.4610000E-01  0.2862319E-05
  0.4615000E-01  0.2854059E-05
  0.4620000E-01  0.2839243E-05
  0.4625000E-01  0.2817992E-05
  0.4630000E-01  0.2790440E-05
  0.4635000E-01  0.2756733E-05
  0.4640000E-01  0.2717026E-05
  0.4645000E-01  0.2671488E-05
  0.4650000E-01  0.2620302E-05
  0.4655000E-01  0.2563664E-05
  0.4660000E-01  0.2501790E-05
  0.4665000E-01  0.2434895E-05
  0.4670000E-01  0.2363202E-05
  0.4675000E-01  0.2286946E-05
  0.4680000E-01  0.2206373E-05
  0.4685000E-01  0.2121743E-05
  0.4690000E-01  0.2033316E-05
  0.4695000E-01  0.1941351E-05
  0.4700000E-01  0.1846109E-05
  0.4705000E-01  0.1747855E-05
  0.4710000E-01  0.1646862E-05
  0.4715000E-01  0.1543402E-05
  0.4720000E-01  0.1437742E-05
  0.4725000E-01  0.1330153E-05
  0.4730000E-01  0.1220914E-05
  0.4735000E-01  0.1110318E-05
  0.4740000E-01  0.9986725E-06
  0.4745000E-01  0.8862907E-06
  0.4750000E-01  0.7734914E-06
  0.4755000E-01  0.6605922E-06
  0.4760000E-01  0.5479046E-06
  0.4765000E-01  0.4357415E-06
  0.4770000E-01  0.3244253E-06
  0.4775000E-01  0.2142837E-06
  0.4780000E-01  0.1056385E-06
  0.4785000E-01 -0.1195428E-08
  0.4790000E-01 -0.1059122E-06
  0.4795000E-01 -0.2082133E-06
  0.4800000E-01 -0.3078045E-06
  0.4805000E-01 -0.4043995E-06
  0.4810000E-01 -0.4977167E-06
  0.4815000E-01 -0.5874824E-06
  0.4820000E-01 -0.6734354E-06
  0.4825000E-01 -0.7553351E-06
  0.4830000E-01 -0.8329636E-06
  0.4835000E-01 -0.9061229E-06
  0.4840000E-01 -0.9746365E-06
  0.4845000E-01 -0.1038353E-05
  0.4850000E-01 -0.1097149E-05
  0.4855000E-01 -0.1150927E-05
  0.4860000E-01 -0.1199625E-05
  0.4865000E-01 -0.1243215E-05
  0.4870000E-01 -0.1281713E-05
  0.4875000E-01 -0.1315169E-05
  0.4880000E-01 -0.1343663E-05
  0.4885000E-01 -0.1367309E-05
  0.4890000E-01 -0.1386252E-05
  0.4895000E-01 -0.1400666E-05
  0.4900000E-01 -0.1410753E-05
  0.4905000E-01 -0.1416744E-05
  0.4910000E-01 -0.1418899E-05
  0.4915000E-01 -0.1417501E-05
  0.4920000E-01 -0.1412863E-05
  0.4925000E-01 -0.1405320E-05
  0.4930000E-01 -0.1395225E-05
  0.4935000E-01 -0.1382948E-05
  0.4940000E-01 -0.1368874E-05
  0.4945000E-01 -0.1353397E-05
  0.4950000E-01 -0.1336918E-05
  0.4955000E-01 -0.1319839E-05
  0.4960000E-01 -0.1302561E-05
  0.4965000E-01 -0.1285482E-05
  0.4970000E-01 -0.1268996E-05
  0.4975000E-01 -0.1253486E-05
  0.4980000E-01 -0.1239321E-05
  0.4985000E-01 -0.1226851E-05
  0.4990000E-01 -0.1216410E-05
  0.4995000E-01 -0.1208306E-05
  0.5000000E-01 -0.1202825E-05
  0.5005000E-01 -0.1200226E-05
  0.5010000E-01 -0.1200741E-05
  0.5015000E-01 -0.1204573E-05
  0.5020000E-01 -0.1211893E-05
  0.5025000E-01 -0.1222840E-05
  0.5030000E-01 -0.1237522E-05
  0.5035000E-01 -0.1256013E-05
  0.5040000E-01 -0.1278360E-05
  0.5045000E-01 -0.1304575E-05
  0.5050000E-01 -0.1334645E-05
  0.5055000E-01 -0.1368524E-05
  0.5060000E-01 -0.1406141E-05
  0.5065000E-01 -0.1447400E-05
  0.5070000E-01 -0.1492182E-05
  0.5075000E-01 -0.1540349E-05
  0.5080000E-01 -0.1591744E-05
  0.5085000E-01 -0.1646197E-05
  0.5090000E-01 -0.1703529E-05
  0.5095000E-01 -0.1763553E-05
  0.5100000E-01 -0.1826081E-05
  0.5105000E-01 -0.1890920E-05
  0.5110000E-01 -0.1957882E-05
  0.5115000E-01 -0.2026785E-05
  0.5120000E-01 -0.2097453E-05
  0.5125000E-01 -0.2169725E-05
  0.5130000E-01 -0.2243447E-05
  0.5135000E-01 -0.2318481E-05
  0.5140000E-01 -0.2394704E-05
  0.5145000E-01 -0.2472013E-05
  0.5150000E-01 -0.2550321E-05
  0.5155000E-01 -0.2629566E-05
  0.5160000E-01 -0.2709707E-05
  0.5165000E-01 -0.2790731E-05
  0.5170000E-01 -0.2872648E-05
  0.5175000E-01 -0.2955489E-05
  0.5180000E-01 -0.3039309E-05
  0.5185000E-01 -0.3124183E-05
  0.5190000E-01 -0.3210207E-05
  0.5195000E-01 -0.3297498E-05
  0.5200000E-01 -0.3386196E-05
  0.5205000E-01 -0.3476463E-05
  0.5210000E-01 -0.3568486E-05
  0.5215000E-01 -0.3662470E-05
  0.5220000E-01 -0.3758641E-05
  0.5225000E-01 -0.3857241E-05
  0.5230000E-01 -0.3958531E-05
  0.5235000E-01 -0.4062777E-05
  0.5240000E-01 -0.4170265E-05
  0.5245000E-01 -0.4281298E-05
  0.5250000E-01 -0.4396196E-05
  0.5255000E-01 -0.4515285E-05
  0.5260000E-01 -0.4638900E-05
  0.5265000E-01 -0.4767384E-05
  0.5270000E-01 -0.4901095E-05
  0.5275000E-01 -0.5040403E-05
  0.5280000E-01 -0.5185680E-05
  0.5285000E-01 -0.5337306E-05
  0.5290000E-01 -0.5495668E-05
  0.5295000E-01 -0.5661162E-05
  0.5300000E-01 -0.5834180E-05
  0.5305000E-01 -0.6015107E-05
  0.5310000E-01 -0.6204319E-05
  0.5315000E-01 -0.6402172E-05
  0.5320000E-01 -0.6609012E-05
  0.5325000E-01 -0.6825171E-05
  0.5330000E-01 -0.7050968E-05
  0.5335000E-01 -0.7286703E-05
  0.5340000E-01 -0.7532661E-05
  0.5345000E-01 -0.7789114E-05
  0.5350000E-01 -0.8056317E-05
  0.5355000E-01 -0.8334509E-05
  0.5360000E-01 -0.8623900E-05
  0.5365000E-01 -0.8924660E-05
  0.5370000E-01 -0.9236921E-05
  0.5375000E-01 -0.9560774E-05
  0.5380000E-01 -0.9896262E-05
  0.5385000E-01 -0.1024337E-04
  0.5390000E-01 -0.1060202E-04
  0.5395000E-01 -0.1097210E-04
  0.5400000E-01 -0.1135345E-04
  0.5405000E-01 -0.1174586E-04
  0.5410000E-01 -0.1214909E-04
  0.5415000E-01 -0.1256285E-04
  0.5420000E-01 -0.1298678E-04
  0.5425000E-01 -0.1342049E-04
  0.5430000E-01 -0.1386353E-04
  0.5435000E-01 -0.1431540E-04
  0.5440000E-01 -0.1477554E-04
  0.5445000E-01 -0.1524336E-04
  0.5450000E-01 -0.1571818E-04
  0.5455000E-01 -0.1619926E-04
  0.5460000E-01 -0.1668580E-04
  0.5465000E-01 -0.1717696E-04
  0.5470000E-01 -0.1767182E-04
  0.5475000E-01 -0.1816947E-04
  0.5480000E-01 -0.1866891E-04
  0.5485000E-01 -0.1916910E-04
  0.5490000E-01 -0.1966898E-04
  0.5495000E-01 -0.2016743E-04
  0.5500000E-01 -0.2066335E-04
  0.5505000E-01 -0.2115562E-04
  0.5510000E-01 -0.2164313E-04
  0.5515000E-01 -0.2212477E-04
  0.5520000E-01 -0.2259946E-04
  0.5525000E-01 -0.2306607E-04
  0.5530000E-01 -0.2352350E-04
  0.5535000E-01 -0.2397066E-04
  0.5540000E-01 -0.2440647E-04
  0.5545000E-01 -0.2482986E-04
  0.5550000E-01 -0.2523978E-04
  0.5555000E-01 -0.2563521E-04
  0.5560000E-01 -0.2601518E-04
  0.5565000E-01 -0.2637872E-04
  0.5570000E-01 -0.2672492E-04
  0.5575000E-01 -0.2705289E-04
  0.5580000E-01 -0.2736179E-04
  0.5585000E-01 -0.2765083E-04
  0.5590000E-01 -0.2791930E-04
  0.5595000E-01 -0.2816656E-04
  0.5600000E-01 -0.2839200E-04
  0.5605000E-01 -0.2859513E-04
  0.5610000E-01 -0.2877547E-04
  0.5615000E-01 -0.2893264E-04
  0.5620000E-01 -0.2906629E-04
  0.5625000E-01 -0.2917616E-04
  0.5630000E-01 -0.2926204E-04
  0.5635000E-01 -0.2932379E-04
  0.5640000E-01 -0.2936131E-04
  0.5645000E-01 -0.2937461E-04
  0.5650000E-01 -0.2936374E-04
  0.5655000E-01 -0.2932879E-04
  0.5660000E-01 -0.2926993E-04
  0.5665000E-01 -0.2918737E-04
  0.5670000E-01 -0.2908144E-04
  0.5675000E-01 -0.2895253E-04
  0.5680000E-01 -0.2880114E-04
  0.5685000E-01 -0.2862781E-04
  0.5690000E-01 -0.2843315E-04
  0.5695000E-01 -0.2821786E-04
  0.5700000E-01 -0.2798264E-04
  0.5705000E-01 -0.2772823E-04
  0.5710000E-01 -0.2745539E-04
  0.5715000E-01 -0.2716497E-04
  0.5720000E-01 -0.2685785E-04
  0.5725000E-01 -0.2653499E-04
  0.5730000E-01 -0.2619734E-04
  0.5735000E-01 -0.2584589E-04
  0.5740000E-01 -0.2548158E-04
  0.5745000E-01 -0.2510539E-04
  0.5750000E-01 -0.2471826E-04
  0.5755000E-01 -0.2432116E-04
  0.5760000E-01 -0.2391508E-04
  0.5765000E-01 -0.2350099E-04
  0.5770000E-01 -0.2307988E-04
  0.5775000E-01 -0.2265279E-04
  0.5780000E-01 -0.2222067E-04
  0.5785000E-01 -0.2178450E-04
  0.5790000E-01 -0.2134517E-04
  0.5795000E-01 -0.2090358E-04
  0.5800000E-01 -0.2046056E-04
  0.5805000E-01 -0.2001692E-04
  0.5810000E-01 -0.1957343E-04
  0.5815000E-01 -0.1913086E-04
  0.5820000E-01 -0.1868992E-04
  0.5825000E-01 -0.1825127E-04
  0.5830000E-01 -0.1781551E-04
  0.5835000E-01 -0.1738318E-04
  0.5840000E-01 -0.1695478E-04
  0.5845000E-01 -0.1653078E-04
  0.5850000E-01 -0.1611162E-04
  0.5855000E-01 -0.1569770E-04
  0.5860000E-01 -0.1528936E-04
  0.5865000E-01 -0.1488693E-04
  0.5870000E-01 -0.1449067E-04
  0.5875000E-01 -0.1410081E-04
  0.5880000E-01 -0.1371754E-04
  0.5885000E-01 -0.1334099E-04
  0.5890000E-01 -0.1297130E-04
  0.5895000E-01 -0.1260855E-04
  0.5900000E-01 -0.1225276E-04
  0.5905000E-01 -0.1190394E-04
  0.5910000E-01 -0.1156208E-04
  0.5915000E-01 -0.1122715E-04
  0.5920000E-01 -0.1089912E-04
  0.5925000E-01 -0.1057796E-04
  0.5930000E-01 -0.1026359E-04
  0.5935000E-01 -0.9955951E-05
  0.5940000E-01 -0.9654943E-05
  0.5945000E-01 -0.9360485E-05
  0.5950000E-01 -0.9072491E-05
  0.5955000E-01 -0.8790883E-05
  0.5960000E-01 -0.8515593E-05
  0.5965000E-01 -0.8246554E-05
  0.5970000E-01 -0.7983691E-05
  0.5975000E-01 -0.7726931E-05
  0.5980000E-01 -0.7476199E-05
  0.5985000E-01 -0.7231419E-05
  0.5990000E-01 -0.6992520E-05
  0.5995000E-01 -0.6759442E-05
  0.6000000E-01 -0.6532142E-05
  0.6005000E-01 -0.6310602E-05
  0.6010000E-01 -0.6094819E-05
  0.6015000E-01 -0.5884821E-05
  0.6020000E-01 -0.5680634E-05
  0.6025000E-01 -0.5482282E-05
  0.6030000E-01 -0.5289780E-05
  0.6035000E-01 -0.5103144E-05
  0.6040000E-01 -0.4922391E-05
  0.6045000E-01 -0.4747543E-05
  0.6050000E-01 -0.4578628E-05
  0.6055000E-01 -0.4415662E-05
  0.6060000E-01 -0.4258663E-05
  0.6065000E-01 -0.4107633E-05
  0.6070000E-01 -0.3962573E-05
  0.6075000E-01 -0.3823491E-05
  0.6080000E-01 -0.3690397E-05
  0.6085000E-01 -0.3563300E-05
  0.6090000E-01 -0.3442211E-05
  0.6095000E-01 -0.3327136E-05
  0.6100000E-01 -0.3218091E-05
  0.6105000E-01 -0.3115086E-05
  0.6110000E-01 -0.3018111E-05
  0.6115000E-01 -0.2927146E-05
  0.6120000E-01 -0.2842160E-05
  0.6125000E-01 -0.2763109E-05
  0.6130000E-01 -0.2689931E-05
  0.6135000E-01 -0.2622545E-05
  0.6140000E-01 -0.2560859E-05
  0.6145000E-01 -0.2504792E-05
  0.6150000E-01 -0.2454274E-05
  0.6155000E-01 -0.2409230E-05
  0.6160000E-01 -0.2369575E-05
  0.6165000E-01 -0.2335205E-05
  0.6170000E-01 -0.2305998E-05
  0.6175000E-01 -0.2281814E-05
  0.6180000E-01 -0.2262508E-05
  0.6185000E-01 -0.2247917E-05
  0.6190000E-01 -0.2237851E-05
  0.6195000E-01 -0.2232109E-05
  0.6200000E-01 -0.2230479E-05
  0.6205000E-01 -0.2232745E-05
  0.6210000E-01 -0.2238693E-05
  0.6215000E-01 -0.2248099E-05
  0.6220000E-01 -0.2260725E-05
  0.6225000E-01 -0.2276308E-05
  0.6230000E-01 -0.2294571E-05
  0.6235000E-01 -0.2315230E-05
  0.6240000E-01 -0.2337988E-05
  0.6245000E-01 -0.2362525E-05
  0.6250000E-01 -0.2388508E-05
  0.6255000E-01 -0.2415587E-05
  0.6260000E-01 -0.2443407E-05
  0.6265000E-01 -0.2471598E-05
  0.6270000E-01 -0.2499777E-05
  0.6275000E-01 -0.2527556E-05
  0.6280000E-01 -0.2554521E-05
  0.6285000E-01 -0.2580235E-05
  0.6290000E-01 -0.2604263E-05
  0.6295000E-01 -0.2626177E-05
  0.6300000E-01 -0.2645552E-05
  0.6305000E-01 -0.2661968E-05
  0.6310000E-01 -0.2675023E-05
  0.6315000E-01 -0.2684332E-05
  0.6320000E-01 -0.2689528E-05
  0.6325000E-01 -0.2690271E-05
  0.6330000E-01 -0.2686240E-05
  0.6335000E-01 -0.2677134E-05
  0.6340000E-01 -0.2662679E-05
  0.6345000E-01 -0.2642628E-05
  0.6350000E-01 -0.2616756E-05
  0.6355000E-01 -0.2584865E-05
  0.6360000E-01 -0.2546800E-05
  0.6365000E-01 -0.2502452E-05
  0.6370000E-01 -0.2451748E-05
  0.6375000E-01 -0.2394645E-05
  0.6380000E-01 -0.2331123E-05
  0.6385000E-01 -0.2261188E-05
  0.6390000E-01 -0.2184866E-05
  0.6395000E-01 -0.2102217E-05
  0.6400000E-01 -0.2013348E-05
  0.6405000E-01 -0.1918407E-05
  0.6410000E-01 -0.1817567E-05
  0.6415000E-01 -0.1711035E-05
  0.6420000E-01 -0.1599059E-05
  0.6425000E-01 -0.1481929E-05
  0.6430000E-01 -0.1359976E-05
  0.6435000E-01 -0.1233571E-05
  0.6440000E-01 -0.1103115E-05
  0.6445000E-01 -0.9690302E-06
  0.6450000E-01 -0.8317608E-06
  0.6455000E-01 -0.6917546E-06
  0.6460000E-01 -0.5494610E-06
  0.6465000E-01 -0.4053357E-06
  0.6470000E-01 -0.2598378E-06
  0.6475000E-01 -0.1134326E-06
  0.6480000E-01  0.3340400E-07
  0.6485000E-01  0.1801942E-06
  0.6490000E-01  0.3264602E-06
  0.6495000E-01  0.4717337E-06
  0.6500000E-01  0.6155657E-06
  0.6505000E-01  0.7575238E-06
  0.6510000E-01  0.8971965E-06
  0.6515000E-01  0.1034197E-05
  0.6520000E-01  0.1168164E-05
  0.6525000E-01  0.1298753E-05
  0.6530000E-01  0.1425638E-05
  0.6535000E-01  0.1548510E-05
  0.6540000E-01  0.1667089E-05
  0.6545000E-01  0.1781125E-05
  0.6550000E-01  0.1890397E-05
  0.6555000E-01  0.1994713E-05
  0.6560000E-01  0.2093905E-05
  0.6565000E-01  0.2187823E-05
  0.6570000E-01  0.2276335E-05
  0.6575000E-01  0.2359332E-05
  0.6580000E-01  0.2436729E-05
  0.6585000E-01  0.2508466E-05
  0.6590000E-01  0.2574503E-05
  0.6595000E-01  0.2634822E-05
  0.6600000E-01  0.2689427E-05
  0.6605000E-01  0.2738342E-05
  0.6610000E-01  0.2781604E-05
  0.6615000E-01  0.2819257E-05
  0.6620000E-01  0.2851348E-05
  0.6625000E-01  0.2877938E-05
  0.6630000E-01  0.2899093E-05
  0.6635000E-01  0.2914892E-05
  0.6640000E-01  0.2925420E-05
  0.6645000E-01  0.2930775E-05
  0.6650000E-01  0.2931054E-05
  0.6655000E-01  0.2926352E-05
  0.6660000E-01  0.2916770E-05
  0.6665000E-01  0.2902413E-05
  0.6670000E-01  0.2883384E-05
  0.6675000E-01  0.2859785E-05
  0.6680000E-01  0.2831721E-05
  0.6685000E-01  0.2799285E-05
  0.6690000E-01  0.2762572E-05
  0.6695000E-01  0.2721676E-05
  0.6700000E-01  0.2676681E-05
  0.6705000E-01  0.2627669E-05
  0.6710000E-01  0.2574728E-05
  0.6715000E-01  0.2517947E-05
  0.6720000E-01  0.2457415E-05
  0.6725000E-01  0.2393221E-05
  0.6730000E-01  0.2325459E-05
  0.6735000E-01  0.2254219E-05
  0.6740000E-01  0.2179591E-05
  0.6745000E-01  0.2101659E-05
  0.6750000E-01  0.2020504E-05
  0.6755000E-01  0.1936217E-05
  0.6760000E-01  0.1848897E-05
  0.6765000E-01  0.1758646E-05
  0.6770000E-01  0.1665570E-05
  0.6775000E-01  0.1569777E-05
  0.6780000E-01  0.1471381E-05
  0.6785000E-01  0.1370486E-05
  0.6790000E-01  0.1267190E-05
  0.6795000E-01  0.1161592E-05
  0.6800000E-01  0.1053798E-05
  0.6805000E-01  0.9439201E-06
  0.6810000E-01  0.8320769E-06
  0.6815000E-01  0.7184024E-06
  0.6820000E-01  0.6030383E-06
  0.6825000E-01  0.4861262E-06
  0.6830000E-01  0.3678077E-06
  0.6835000E-01  0.2482412E-06
  0.6840000E-01  0.1275931E-06
  0.6845000E-01  0.6039799E-08
  0.6850000E-01 -0.1162345E-06
  0.6855000E-01 -0.2390423E-06
  0.6860000E-01 -0.3621905E-06
  0.6865000E-01 -0.4854820E-06
  0.6870000E-01 -0.6087122E-06
  0.6875000E-01 -0.7316705E-06
  0.6880000E-01 -0.8541424E-06
  0.6885000E-01 -0.9759147E-06
  0.6890000E-01 -0.1096773E-05
  0.6895000E-01 -0.1216503E-05
  0.6900000E-01 -0.1334890E-05
  0.6905000E-01 -0.1451719E-05
  0.6910000E-01 -0.1566787E-05
  0.6915000E-01 -0.1679906E-05
  0.6920000E-01 -0.1790914E-05
  0.6925000E-01 -0.1899668E-05
  0.6930000E-01 -0.2006027E-05
  0.6935000E-01 -0.2109862E-05
  0.6940000E-01 -0.2211058E-05
  0.6945000E-01 -0.2309515E-05
  0.6950000E-01 -0.2405139E-05
  0.6955000E-01 -0.2497832E-05
  0.6960000E-01 -0.2587497E-05
  0.6965000E-01 -0.2674048E-05
  0.6970000E-01 -0.2757414E-05
  0.6975000E-01 -0.2837537E-05
  0.6980000E-01 -0.2914372E-05
  0.6985000E-01 -0.2987885E-05
  0.6990000E-01 -0.3058052E-05
  0.6995000E-01 -0.3124854E-05
  0.7000000E-01 -0.3188269E-05
  0.7005000E-01 -0.3248287E-05
  0.7010000E-01 -0.3304911E-05
  0.7015000E-01 -0.3358156E-05
  0.7020000E-01 -0.3408044E-05
  0.7025000E-01 -0.3454598E-05
  0.7030000E-01 -0.3497838E-05
  0.7035000E-01 -0.3537780E-05
  0.7040000E-01 -0.3574441E-05
  0.7045000E-01 -0.3607843E-05
  0.7050000E-01 -0.3638012E-05
  0.7055000E-01 -0.3664972E-05
  0.7060000E-01 -0.3688744E-05
  0.7065000E-01 -0.3709348E-05
  0.7070000E-01 -0.3726798E-05
  0.7075000E-01 -0.3741095E-05
  0.7080000E-01 -0.3752240E-05
  0.7085000E-01 -0.3760228E-05
  0.7090000E-01 -0.3765051E-05
  0.7095000E-01 -0.3766690E-05
  0.7100000E-01 -0.3765127E-05
  0.7105000E-01 -0.3760344E-05
  0.7110000E-01 -0.3752329E-05
  0.7115000E-01 -0.3741079E-05
  0.7120000E-01 -0.3726596E-05
  0.7125000E-01 -0.3708894E-05
  0.7130000E-01 -0.3687989E-05
  0.7135000E-01 -0.3663899E-05
  0.7140000E-01 -0.3636644E-05
  0.7145000E-01 -0.3606243E-05
  0.7150000E-01 -0.3572722E-05
  0.7155000E-01 -0.3536116E-05
  0.7160000E-01 -0.3496479E-05
  0.7165000E-01 -0.3453872E-05
  0.7170000E-01 -0.3408384E-05
  0.7175000E-01 -0.3360128E-05
  0.7180000E-01 -0.3309245E-05
  0.7185000E-01 -0.3255902E-05
  0.7190000E-01 -0.3200288E-05
  0.7195000E-01 -0.3142610E-05
  0.7200000E-01 -0.3083102E-05
  0.7205000E-01 -0.3022029E-05
  0.7210000E-01 -0.2959681E-05
  0.7215000E-01 -0.2896371E-05
  0.7220000E-01 -0.2832446E-05
  0.7225000E-01 -0.2768279E-05
  0.7230000E-01 -0.2704274E-05
  0.7235000E-01 -0.2640854E-05
  0.7240000E-01 -0.2578444E-05
  0.7245000E-01 -0.2517475E-05
  0.7250000E-01 -0.2458402E-05
  0.7255000E-01 -0.2401699E-05
  0.7260000E-01 -0.2347860E-05
  0.7265000E-01 -0.2297392E-05
  0.7270000E-01 -0.2250817E-05
  0.7275000E-01 -0.2208662E-05
  0.7280000E-01 -0.2171431E-05
  0.7285000E-01 -0.2139617E-05
  0.7290000E-01 -0.2113694E-05
  0.7295000E-01 -0.2094108E-05
  0.7300000E-01 -0.2081271E-05
  0.7305000E-01 -0.2075562E-05
  0.7310000E-01 -0.2077322E-05
  0.7315000E-01 -0.2086847E-05
  0.7320000E-01 -0.2104392E-05
  0.7325000E-01 -0.2130172E-05
  0.7330000E-01 -0.2164348E-05
  0.7335000E-01 -0.2207015E-05
  0.7340000E-01 -0.2258168E-05
  0.7345000E-01 -0.2317709E-05
  0.7350000E-01 -0.2385444E-05
  0.7355000E-01 -0.2461083E-05
  0.7360000E-01 -0.2544251E-05
  0.7365000E-01 -0.2634490E-05
  0.7370000E-01 -0.2731262E-05
  0.7375000E-01 -0.2833960E-05
  0.7380000E-01 -0.2941908E-05
  0.7385000E-01 -0.3054358E-05
  0.7390000E-01 -0.3170507E-05
  0.7395000E-01 -0.3289520E-05
  0.7400000E-01 -0.3410527E-05
  0.7405000E-01 -0.3532618E-05
  0.7410000E-01 -0.3654872E-05
  0.7415000E-01 -0.3776366E-05
  0.7420000E-01 -0.3896204E-05
  0.7425000E-01 -0.4013525E-05
  0.7430000E-01 -0.4127509E-05
  0.7435000E-01 -0.4237401E-05
  0.7440000E-01 -0.4342519E-05
  0.7445000E-01 -0.4442261E-05
  0.7450000E-01 -0.4536100E-05
  0.7455000E-01 -0.4623597E-05
  0.7460000E-01 -0.4704411E-05
  0.7465000E-01 -0.4778289E-05
  0.7470000E-01 -0.4845079E-05
  0.7475000E-01 -0.4904734E-05
  0.7480000E-01 -0.4957301E-05
  0.7485000E-01 -0.5002933E-05
  0.7490000E-01 -0.5041869E-05
  0.7495000E-01 -0.5074427E-05
  0.7500000E-01 -0.5101002E-05
  0.7505000E-01 -0.5122040E-05
  0.7510000E-01 -0.5138041E-05
  0.7515000E-01 -0.5149545E-05
  0.7520000E-01 -0.5157125E-05
  0.7525000E-01 -0.5161368E-05
  0.7530000E-01 -0.5162838E-05
  0.7535000E-01 -0.5162063E-05
  0.7540000E-01 -0.5159537E-05
  0.7545000E-01 -0.5155704E-05
  0.7550000E-01 -0.5150945E-05
  0.7555000E-01 -0.5145560E-05
  0.7560000E-01 -0.5139769E-05
  0.7565000E-01 -0.5133716E-05
  0.7570000E-01 -0.5127466E-05
  0.7575000E-01 -0.5120993E-05
  0.7580000E-01 -0.5114161E-05
  0.7585000E-01 -0.5106737E-05
  0.7590000E-01 -0.5098403E-05
  0.7595000E-01 -0.5088771E-05
  0.7600000E-01 -0.5077385E-05
  0.7605000E-01 -0.5063726E-05
  0.7610000E-01 -0.5047214E-05
  0.7615000E-01 -0.5027231E-05
  0.7620000E-01 -0.5003126E-05
  0.7625000E-01 -0.4974228E-05
  0.7630000E-01 -0.4939861E-05
  0.7635000E-01 -0.4899349E-05
  0.7640000E-01 -0.4852043E-05
  0.7645000E-01 -0.4797339E-05
  0.7650000E-01 -0.4734725E-05
  0.7655000E-01 -0.4663776E-05
  0.7660000E-01 -0.4584142E-05
  0.7665000E-01 -0.4495565E-05
  0.7670000E-01 -0.4397878E-05
  0.7675000E-01 -0.4290994E-05
  0.7680000E-01 -0.4174905E-05
  0.7685000E-01 -0.4049665E-05
  0.7690000E-01 -0.3915389E-05
  0.7695000E-01 -0.3772220E-05
  0.7700000E-01 -0.3620323E-05
  0.7705000E-01 -0.3459878E-05
  0.7710000E-01 -0.3291056E-05
  0.7715000E-01 -0.3113981E-05
  0.7720000E-01 -0.2928712E-05
  0.7725000E-01 -0.2735247E-05
  0.7730000E-01 -0.2533485E-05
  0.7735000E-01 -0.2323177E-05
  0.7740000E-01 -0.2103879E-05
  0.7745000E-01 -0.1874958E-05
  0.7750000E-01 -0.1635561E-05
  0.7755000E-01 -0.1384552E-05
  0.7760000E-01 -0.1120491E-05
  0.7765000E-01 -0.8416445E-06
  0.7770000E-01 -0.5460100E-06
  0.7775000E-01 -0.2312831E-06
  0.7780000E-01  0.1051549E-06
  0.7785000E-01  0.4661977E-06
  0.7790000E-01  0.8549817E-06
  0.7795000E-01  0.1274847E-05
  0.7800000E-01  0.1729305E-05
  0.7805000E-01  0.2222013E-05
  0.7810000E-01  0.2756720E-05
  0.7815000E-01  0.3337197E-05
  0.7820000E-01  0.3967113E-05
  0.7825000E-01  0.4649939E-05
  0.7830000E-01  0.5388851E-05
  0.7835000E-01  0.6186659E-05
  0.7840000E-01  0.7045720E-05
  0.7845000E-01  0.7967828E-05
  0.7850000E-01  0.8954158E-05
  0.7855000E-01  0.1000514E-04
  0.7860000E-01  0.1112035E-04
  0.7865000E-01  0.1229847E-04
  0.7870000E-01  0.1353726E-04
  0.7875000E-01  0.1483347E-04
  0.7880000E-01  0.1618286E-04
  0.7885000E-01  0.1758017E-04
  0.7890000E-01  0.1901904E-04
  0.7895000E-01  0.2049198E-04
  0.7900000E-01  0.2199051E-04
  0.7905000E-01  0.2350524E-04
  0.7910000E-01  0.2502601E-04
  0.7915000E-01  0.2654208E-04
  0.7920000E-01  0.2804228E-04
  0.7925000E-01  0.2951505E-04
  0.7930000E-01  0.3094876E-04
  0.7935000E-01  0.3233181E-04
  0.7940000E-01  0.3365299E-04
  0.7945000E-01  0.3490156E-04
  0.7950000E-01  0.3606741E-04
  0.7955000E-01  0.3714136E-04
  0.7960000E-01  0.3811530E-04
  0.7965000E-01  0.3898231E-04
  0.7970000E-01  0.3973677E-04
  0.7975000E-01  0.4037441E-04
  0.7980000E-01  0.4089251E-04
  0.7985000E-01  0.4129005E-04
  0.7990000E-01  0.4156796E-04
  0.7995000E-01  0.4172886E-04
  0.8000000E-01  0.4177702E-04
  0.8005000E-01  0.4171806E-04
  0.8010000E-01  0.4155895E-04
  0.8015000E-01  0.4130800E-04
  0.8020000E-01  0.4097467E-04
  0.8025000E-01  0.4056939E-04
  0.8030000E-01  0.4010328E-04
  0.8035000E-01  0.3958795E-04
  0.8040000E-01  0.3903528E-04
  0.8045000E-01  0.3845722E-04
  0.8050000E-01  0.3786568E-04
  0.8055000E-01  0.3727221E-04
  0.8060000E-01  0.3668777E-04
  0.8065000E-01  0.3612266E-04
  0.8070000E-01  0.3558639E-04
  0.8075000E-01  0.3508765E-04
  0.8080000E-01  0.3463420E-04
  0.8085000E-01  0.3423266E-04
  0.8090000E-01  0.3388835E-04
  0.8095000E-01  0.3360533E-04
  0.8100000E-01  0.3338648E-04
  0.8105000E-01  0.3323356E-04
  0.8110000E-01  0.3314725E-04
  0.8115000E-01  0.3312715E-04
  0.8120000E-01  0.3317184E-04
  0.8125000E-01  0.3327909E-04
  0.8130000E-01  0.3344605E-04
  0.8135000E-01  0.3366936E-04
  0.8140000E-01  0.3394534E-04
  0.8145000E-01  0.3427014E-04
  0.8150000E-01  0.3463986E-04
  0.8155000E-01  0.3505066E-04
  0.8160000E-01  0.3549867E-04
  0.8165000E-01  0.3598012E-04
  0.8170000E-01  0.3649148E-04
  0.8175000E-01  0.3702943E-04
  0.8180000E-01  0.3759087E-04
  0.8185000E-01  0.3817300E-04
  0.8190000E-01  0.3877337E-04
  0.8195000E-01  0.3938984E-04
  0.8200000E-01  0.4002038E-04
  0.8205000E-01  0.4066301E-04
  0.8210000E-01  0.4131571E-04
  0.8215000E-01  0.4197641E-04
  0.8220000E-01  0.4264297E-04
  0.8225000E-01  0.4331291E-04
  0.8230000E-01  0.4398336E-04
  0.8235000E-01  0.4465087E-04
  0.8240000E-01  0.4531153E-04
  0.8245000E-01  0.4596084E-04
  0.8250000E-01  0.4659371E-04
  0.8255000E-01  0.4720455E-04
  0.8260000E-01  0.4778732E-04
  0.8265000E-01  0.4833556E-04
  0.8270000E-01  0.4884241E-04
  0.8275000E-01  0.4930060E-04
  0.8280000E-01  0.4970253E-04
  0.8285000E-01  0.5004063E-04
  0.8290000E-01  0.5030756E-04
  0.8295000E-01  0.5049639E-04
  0.8300000E-01  0.5060078E-04
  0.8305000E-01  0.5061496E-04
  0.8310000E-01  0.5053381E-04
  0.8315000E-01  0.5035303E-04
  0.8320000E-01  0.5006896E-04
  0.8325000E-01  0.4967876E-04
  0.8330000E-01  0.4918066E-04
  0.8335000E-01  0.4857402E-04
  0.8340000E-01  0.4785922E-04
  0.8345000E-01  0.4703767E-04
  0.8350000E-01  0.4611167E-04
  0.8355000E-01  0.4508436E-04
  0.8360000E-01  0.4395977E-04
  0.8365000E-01  0.4274277E-04
  0.8370000E-01  0.4143882E-04
  0.8375000E-01  0.4005396E-04
  0.8380000E-01  0.3859465E-04
  0.8385000E-01  0.3706773E-04
  0.8390000E-01  0.3548018E-04
  0.8395000E-01  0.3383900E-04
  0.8400000E-01  0.3215127E-04
  0.8405000E-01  0.3042396E-04
  0.8410000E-01  0.2866393E-04
  0.8415000E-01  0.2687793E-04
  0.8420000E-01  0.2507242E-04
  0.8425000E-01  0.2325367E-04
  0.8430000E-01  0.2142772E-04
  0.8435000E-01  0.1960037E-04
  0.8440000E-01  0.1777722E-04
  0.8445000E-01  0.1596371E-04
  0.8450000E-01  0.1416511E-04
  0.8455000E-01  0.1238663E-04
  0.8460000E-01  0.1063335E-04
  0.8465000E-01  0.8910336E-05
  0.8470000E-01  0.7222661E-05
  0.8475000E-01  0.5575390E-05
  0.8480000E-01  0.3973561E-05
  0.8485000E-01  0.2422198E-05
  0.8490000E-01  0.9263137E-06
  0.8495000E-01 -0.5091432E-06
  0.8500000E-01 -0.1879313E-05
  0.8505000E-01 -0.3179488E-05
  0.8510000E-01 -0.4405185E-05
  0.8515000E-01 -0.5552176E-05
  0.8520000E-01 -0.6616556E-05
  0.8525000E-01 -0.7594786E-05
  0.8530000E-01 -0.8483741E-05
  0.8535000E-01 -0.9280786E-05
  0.8540000E-01 -0.9983828E-05
  0.8545000E-01 -0.1059137E-04
  0.8550000E-01 -0.1110260E-04
  0.8555000E-01 -0.1151741E-04
  0.8560000E-01 -0.1183648E-04
  0.8565000E-01 -0.1206124E-04
  0.8570000E-01 -0.1219392E-04
  0.8575000E-01 -0.1223753E-04
  0.8580000E-01 -0.1219587E-04
  0.8585000E-01 -0.1207348E-04
  0.8590000E-01 -0.1187556E-04
  0.8595000E-01 -0.1160792E-04
  0.8600000E-01 -0.1127686E-04
  0.8605000E-01 -0.1088912E-04
  0.8610000E-01 -0.1045182E-04
  0.8615000E-01 -0.9972357E-05
  0.8620000E-01 -0.9458303E-05
  0.8625000E-01 -0.8917327E-05
  0.8630000E-01 -0.8357057E-05
  0.8635000E-01 -0.7784991E-05
  0.8640000E-01 -0.7208389E-05
  0.8645000E-01 -0.6634202E-05
  0.8650000E-01 -0.6068980E-05
  0.8655000E-01 -0.5518762E-05
  0.8660000E-01 -0.4989009E-05
  0.8665000E-01 -0.4484575E-05
  0.8670000E-01 -0.4009686E-05
  0.8675000E-01 -0.3567926E-05
  0.8680000E-01 -0.3162211E-05
  0.8685000E-01 -0.2794769E-05
  0.8690000E-01 -0.2467152E-05
  0.8695000E-01 -0.2180268E-05
  0.8700000E-01 -0.1934402E-05
  0.8705000E-01 -0.1729257E-05
  0.8710000E-01 -0.1563997E-05
  0.8715000E-01 -0.1437297E-05
  0.8720000E-01 -0.1347409E-05
  0.8725000E-01 -0.1292221E-05
  0.8730000E-01 -0.1269326E-05
  0.8735000E-01 -0.1276090E-05
  0.8740000E-01 -0.1309710E-05
  0.8745000E-01 -0.1367275E-05
  0.8750000E-01 -0.1445838E-05
  0.8755000E-01 -0.1542462E-05
  0.8760000E-01 -0.1654272E-05
  0.8765000E-01 -0.1778503E-05
  0.8770000E-01 -0.1912544E-05
  0.8775000E-01 -0.2053983E-05
  0.8780000E-01 -0.2200640E-05
  0.8785000E-01 -0.2350589E-05
  0.8790000E-01 -0.2502171E-05
  0.8795000E-01 -0.2653980E-05
  0.8800000E-01 -0.2804871E-05
  0.8805000E-01 -0.2953957E-05
  0.8810000E-01 -0.3100619E-05
  0.8815000E-01 -0.3244498E-05
  0.8820000E-01 -0.3385473E-05
  0.8825000E-01 -0.3523640E-05
  0.8830000E-01 -0.3659267E-05
  0.8835000E-01 -0.3792769E-05
  0.8840000E-01 -0.3924665E-05
  0.8845000E-01 -0.4055538E-05
  0.8850000E-01 -0.4186027E-05
  0.8855000E-01 -0.4316811E-05
  0.8860000E-01 -0.4448570E-05
  0.8865000E-01 -0.4581986E-05
  0.8870000E-01 -0.4717713E-05
  0.8875000E-01 -0.4856335E-05
  0.8880000E-01 -0.4998345E-05
  0.8885000E-01 -0.5144124E-05
  0.8890000E-01 -0.5293933E-05
  0.8895000E-01 -0.5447902E-05
  0.8900000E-01 -0.5606015E-05
  0.8905000E-01 -0.5768099E-05
  0.8910000E-01 -0.5933790E-05
  0.8915000E-01 -0.6102533E-05
  0.8920000E-01 -0.6273563E-05
  0.8925000E-01 -0.6445900E-05
  0.8930000E-01 -0.6618347E-05
  0.8935000E-01 -0.6789482E-05
  0.8940000E-01 -0.6957654E-05
  0.8945000E-01 -0.7120964E-05
  0.8950000E-01 -0.7277241E-05
  0.8955000E-01 -0.7424004E-05
  0.8960000E-01 -0.7558452E-05
  0.8965000E-01 -0.7677438E-05
  0.8970000E-01 -0.7777467E-05
  0.8975000E-01 -0.7854673E-05
  0.8980000E-01 -0.7904781E-05
  0.8985000E-01 -0.7923127E-05
  0.8990000E-01 -0.7904658E-05
  0.8995000E-01 -0.7843933E-05
  0.9000000E-01 -0.7735128E-05
  0.9005000E-01 -0.7572045E-05
  0.9010000E-01 -0.7348083E-05
  0.9015000E-01 -0.7056308E-05
  0.9020000E-01 -0.6689564E-05
  0.9025000E-01 -0.6240583E-05
  0.9030000E-01 -0.5702127E-05
  0.9035000E-01 -0.5067178E-05
  0.9040000E-01 -0.4329138E-05
  0.9045000E-01 -0.3482064E-05
  0.9050000E-01 -0.2520963E-05
  0.9055000E-01 -0.1442045E-05
  0.9060000E-01 -0.2429665E-06
  0.9065000E-01  0.1076934E-05
  0.9070000E-01  0.2516357E-05
  0.9075000E-01  0.4071805E-05
  0.9080000E-01  0.5737344E-05
  0.9085000E-01  0.7504265E-05
  0.9090000E-01  0.9360993E-05
  0.9095000E-01  0.1129305E-04
  0.9100000E-01  0.1328293E-04
  0.9105000E-01  0.1531007E-04
  0.9110000E-01  0.1735100E-04
  0.9115000E-01  0.1937935E-04
  0.9120000E-01  0.2136639E-04
  0.9125000E-01  0.2328132E-04
  0.9130000E-01  0.2509183E-04
  0.9135000E-01  0.2676472E-04
  0.9140000E-01  0.2826657E-04
  0.9145000E-01  0.2956437E-04
  0.9150000E-01  0.3062607E-04
  0.9155000E-01  0.3142138E-04
  0.9160000E-01  0.3192272E-04
  0.9165000E-01  0.3210598E-04
  0.9170000E-01  0.3195118E-04
  0.9175000E-01  0.3144312E-04
  0.9180000E-01  0.3057198E-04
  0.9185000E-01  0.2933372E-04
  0.9190000E-01  0.2773031E-04
  0.9195000E-01  0.2577000E-04
  0.9200000E-01  0.2346736E-04
  0.9205000E-01  0.2084302E-04
  0.9210000E-01  0.1792343E-04
  0.9215000E-01  0.1474072E-04
  0.9220000E-01  0.1133226E-04
  0.9225000E-01  0.7740042E-05
  0.9230000E-01  0.4009907E-05
  0.9235000E-01  0.1908191E-06
  0.9240000E-01 -0.3665996E-05
  0.9245000E-01 -0.7507899E-05
  0.9250000E-01 -0.1128171E-04
  0.9255000E-01 -0.1493458E-04
  0.9260000E-01 -0.1841498E-04
  0.9265000E-01 -0.2167373E-04
  0.9270000E-01 -0.2466495E-04
  0.9275000E-01 -0.2734687E-04
  0.9280000E-01 -0.2968250E-04
  0.9285000E-01 -0.3164028E-04
  0.9290000E-01 -0.3319453E-04
  0.9295000E-01 -0.3432608E-04
  0.9300000E-01 -0.3502263E-04
  0.9305000E-01 -0.3527901E-04
  0.9310000E-01 -0.3509705E-04
  0.9315000E-01 -0.3448543E-04
  0.9320000E-01 -0.3345937E-04
  0.9325000E-01 -0.3204019E-04
  0.9330000E-01 -0.3025497E-04
  0.9335000E-01 -0.2813577E-04
  0.9340000E-01 -0.2571907E-04
  0.9345000E-01 -0.2304472E-04
  0.9350000E-01 -0.2015473E-04
  0.9355000E-01 -0.1709213E-04
  0.9360000E-01 -0.1390001E-04
  0.9365000E-01 -0.1062042E-04
  0.9370000E-01 -0.7293636E-05
  0.9375000E-01 -0.3957333E-05
  0.9380000E-01 -0.6457534E-06
  0.9385000E-01  0.2610948E-05
  0.9390000E-01  0.5786885E-05
  0.9395000E-01  0.8860510E-05
  0.9400000E-01  0.1181484E-04
  0.9405000E-01  0.1463727E-04
  0.9410000E-01  0.1731939E-04
  0.9415000E-01  0.1985615E-04
  0.9420000E-01  0.2224481E-04
  0.9425000E-01  0.2448407E-04
  0.9430000E-01  0.2657321E-04
  0.9435000E-01  0.2851142E-04
  0.9440000E-01  0.3029737E-04
  0.9445000E-01  0.3192865E-04
  0.9450000E-01  0.3340080E-04
  0.9455000E-01  0.3470670E-04
  0.9460000E-01  0.3583680E-04
  0.9465000E-01  0.3677921E-04
  0.9470000E-01  0.3752030E-04
  0.9475000E-01  0.3804546E-04
  0.9480000E-01  0.3834043E-04
  0.9485000E-01  0.3839211E-04
  0.9490000E-01  0.3818970E-04
  0.9495000E-01  0.3772621E-04
  0.9500000E-01  0.3699957E-04
  0.9505000E-01  0.3601427E-04
  0.9510000E-01  0.3478273E-04
  0.9515000E-01  0.3332599E-04
  0.9520000E-01  0.3167439E-04
  0.9525000E-01  0.2986743E-04
  0.9530000E-01  0.2795360E-04
  0.9535000E-01  0.2598974E-04
  0.9540000E-01  0.2404021E-04
  0.9545000E-01  0.2217425E-04
  0.9550000E-01  0.2046335E-04
  0.9555000E-01  0.1897850E-04
  0.9560000E-01  0.1778741E-04
  0.9565000E-01  0.1695110E-04
  0.9570000E-01  0.1652090E-04
  0.9575000E-01  0.1653523E-04
  0.9580000E-01  0.1701736E-04
  0.9585000E-01  0.1797325E-04
  0.9590000E-01  0.1939041E-04
  0.9595000E-01  0.2123732E-04
  0.9600000E-01  0.2346432E-04
  0.9605000E-01  0.2600429E-04
  0.9610000E-01  0.2877448E-04
  0.9615000E-01  0.3167970E-04
  0.9620000E-01  0.3461588E-04
  0.9625000E-01  0.3747316E-04
  0.9630000E-01  0.4014011E-04
  0.9635000E-01  0.4250751E-04
  0.9640000E-01  0.4447403E-04
  0.9645000E-01  0.4595018E-04
  0.9650000E-01  0.4686311E-04
  0.9655000E-01  0.4715947E-04
  0.9660000E-01  0.4680864E-04
  0.9665000E-01  0.4580425E-04
  0.9670000E-01  0.4416505E-04
  0.9675000E-01  0.4193416E-04
  0.9680000E-01  0.3917767E-04
  0.9685000E-01  0.3598163E-04
  0.9690000E-01  0.3244846E-04
  0.9695000E-01  0.2869161E-04
  0.9700000E-01  0.2482955E-04
  0.9705000E-01  0.2097918E-04
  0.9710000E-01  0.1724965E-04
  0.9715000E-01  0.1373594E-04
  0.9720000E-01  0.1051395E-04
  0.9725000E-01  0.7636297E-05
  0.9730000E-01  0.5130433E-05
  0.9735000E-01  0.2998449E-05
  0.9740000E-01  0.1219507E-05
  0.9745000E-01 -0.2465172E-06
  0.9750000E-01 -0.1452851E-05
  0.9755000E-01 -0.2459031E-05
  0.9760000E-01 -0.3322885E-05
  0.9765000E-01 -0.4092802E-05
  0.9770000E-01 -0.4800724E-05
  0.9775000E-01 -0.5457395E-05
  0.9780000E-01 -0.6049271E-05
  0.9785000E-01 -0.6538478E-05
  0.9790000E-01 -0.6864851E-05
  0.9795000E-01 -0.6951039E-05
  0.9800000E-01 -0.6709196E-05
  0.9805000E-01 -0.6049468E-05
  0.9810000E-01 -0.4888608E-05
  0.9815000E-01 -0.3158957E-05
  0.9820000E-01 -0.8156486E-06
  0.9825000E-01  0.2157236E-05
  0.9830000E-01  0.5743449E-05
  0.9835000E-01  0.9893042E-05
  0.9840000E-01  0.1452412E-04
  0.9845000E-01  0.1952599E-04
  0.9850000E-01  0.2476521E-04
  0.9855000E-01  0.3009199E-04
  0.9860000E-01  0.3534854E-04
  0.9865000E-01  0.4037628E-04
  0.9870000E-01  0.4502386E-04
  0.9875000E-01  0.4915359E-04
  0.9880000E-01  0.5264765E-04
  0.9885000E-01  0.5541244E-04
  0.9890000E-01  0.5738157E-04
  0.9895000E-01  0.5851688E-04
  0.9900000E-01  0.5880832E-04
  0.9905000E-01  0.5827260E-04
  0.9910000E-01  0.5695067E-04
  0.9915000E-01  0.5490416E-04
  0.9920000E-01  0.5221135E-04
  0.9925000E-01  0.4896286E-04
  0.9930000E-01  0.4525782E-04
  0.9935000E-01  0.4120037E-04
  0.9940000E-01  0.3689629E-04
  0.9945000E-01  0.3245043E-04
  0.9950000E-01  0.2796472E-04
  0.9955000E-01  0.2353708E-04
  0.9960000E-01  0.1926069E-04
  0.9965000E-01  0.1522382E-04
  0.9970000E-01  0.1150996E-04
  0.9975000E-01  0.8198120E-05
  0.9980000E-01  0.5362377E-05
  0.9985000E-01  0.3070830E-05
  0.9990000E-01  0.1383474E-05
  0.9995000E-01  0.3488945E-06
  0.1000000E+00  0.0000000E+00
