  0.0000000E+00  0.0000000E+00
  0.5000000E-04 -0.2584386E-06
  0.1000000E-03 -0.1014208E-05
  0.1500000E-03 -0.2217044E-05
  0.2000000E-03 -0.3798457E-05
  0.2500000E-03 -0.5681888E-05
  0.3000000E-03 -0.7789495E-05
  0.3500000E-03 -0.1004615E-04
  0.4000000E-03 -0.1238063E-04
  0.4500000E-03 -0.1472490E-04
  0.5000000E-03 -0.1701255E-04
  0.5500000E-03 -0.1917767E-04
  0.6000000E-03 -0.2115415E-04
  0.6500000E-03 -0.2287613E-04
  0.7000000E-03 -0.2427999E-04
  0.7500000E-03 -0.2530769E-04
  0.8000000E-03 -0.2591049E-04
  0.8500000E-03 -0.2605327E-04
  0.9000000E-03 -0.2571840E-04
  0.9500000E-03 -0.2490783E-04
  0.1000000E-02 -0.2364444E-04
  0.1050000E-02 -0.2197207E-04
  0.1100000E-02 -0.1995361E-04
  0.1150000E-02 -0.1766774E-04
  0.1200000E-02 -0.1520432E-04
  0.1250000E-02 -0.1265951E-04
  0.1300000E-02 -0.1013035E-04
  0.1350000E-02 -0.7709313E-05
  0.1400000E-02 -0.5479188E-05
  0.1450000E-02 -0.3508628E-05
  0.1500000E-02 -0.1849611E-05
  0.1550000E-02 -0.5351219E-06
  0.1600000E-02  0.4201617E-06
  0.1650000E-02  0.1019982E-05
  0.1700000E-02  0.1284285E-05
  0.1750000E-02  0.1247425E-05
  0.1800000E-02  0.9539529E-06
  0.1850000E-02  0.4559877E-06
  0.1900000E-02 -0.1906230E-06
  0.1950000E-02 -0.9287775E-06
  0.2000000E-02 -0.1703101E-05
  0.2050000E-02 -0.2461313E-05
  0.2100000E-02 -0.3156046E-05
  0.2150000E-02 -0.3745141E-05
  0.2200000E-02 -0.4192771E-05
  0.2250000E-02 -0.4468657E-05
  0.2300000E-02 -0.4548321E-05
  0.2350000E-02 -0.4412254E-05
  0.2400000E-02 -0.4046103E-05
  0.2450000E-02 -0.3439890E-05
  0.2500000E-02 -0.2588874E-05
  0.2550000E-02 -0.1493257E-05
  0.2600000E-02 -0.1589544E-06
  0.2650000E-02  0.1403229E-05
  0.2700000E-02  0.3177174E-05
  0.2750000E-02  0.5141863E-05
  0.2800000E-02  0.7271367E-05
  0.2850000E-02  0.9535841E-05
  0.2900000E-02  0.1190174E-04
  0.2950000E-02  0.1433332E-04
  0.3000000E-02  0.1679298E-04
  0.3050000E-02  0.1924265E-04
  0.3100000E-02  0.2164467E-04
  0.3150000E-02  0.2396342E-04
  0.3200000E-02  0.2616543E-04
  0.3250000E-02  0.2822095E-04
  0.3300000E-02  0.3010400E-04
  0.3350000E-02  0.3179351E-04
  0.3400000E-02  0.3327323E-04
  0.3450000E-02  0.3453181E-04
  0.3500000E-02  0.3556159E-04
  0.3550000E-02  0.3635880E-04
  0.3600000E-02  0.3692301E-04
  0.3650000E-02  0.3725652E-04
  0.3700000E-02  0.3736318E-04
  0.3750000E-02  0.3724881E-04
  0.3800000E-02  0.3692143E-04
  0.3850000E-02  0.3639146E-04
  0.3900000E-02  0.3567182E-04
  0.3950000E-02  0.3477801E-04
  0.4000000E-02  0.3372752E-04
  0.4050000E-02  0.3253980E-04
  0.4100000E-02  0.3123553E-04
  0.4150000E-02  0.2983616E-04
  0.4200000E-02  0.2836264E-04
  0.4250000E-02  0.2683401E-04
  0.4300000E-02  0.2526562E-04
  0.4350000E-02  0.2366789E-04
  0.4400000E-02  0.2204502E-04
  0.4450000E-02  0.2039412E-04
  0.4500000E-02  0.1870496E-04
  0.4550000E-02  0.1696047E-04
  0.4600000E-02  0.1513766E-04
  0.4650000E-02  0.1320908E-04
  0.4700000E-02  0.1114431E-04
  0.4750000E-02  0.8911674E-05
  0.4800000E-02  0.6479522E-05
  0.4850000E-02  0.3816774E-05
  0.4900000E-02  0.8926219E-06
  0.4950000E-02 -0.2324671E-05
  0.5000000E-02 -0.5869510E-05
  0.5050000E-02 -0.9781048E-05
  0.5100000E-02 -0.1410507E-04
  0.5150000E-02 -0.1889474E-04
  0.5200000E-02 -0.2420919E-04
  0.5250000E-02 -0.3010882E-04
  0.5300000E-02 -0.3664656E-04
  0.5350000E-02 -0.4385462E-04
  0.5400000E-02 -0.5172688E-04
  0.5450000E-02 -0.6019878E-04
  0.5500000E-02 -0.6912739E-04
  0.5550000E-02 -0.7827529E-04
  0.5600000E-02 -0.8730347E-04
  0.5650000E-02 -0.9577812E-04
  0.5700000E-02 -0.1031945E-03
  0.5750000E-02 -0.1090193E-03
  0.5800000E-02 -0.1127481E-03
  0.5850000E-02 -0.1139726E-03
  0.5900000E-02 -0.1124448E-03
  0.5950000E-02 -0.1081266E-03
  0.6000000E-02 -0.1012139E-03
  0.6050000E-02 -0.9212693E-04
  0.6100000E-02 -0.8146617E-04
  0.6150000E-02 -0.6994048E-04
  0.6200000E-02 -0.5828023E-04
  0.6250000E-02 -0.4715145E-04
  0.6300000E-02 -0.3708588E-04
  0.6350000E-02 -0.2843871E-04
  0.6400000E-02 -0.2137804E-04
  0.6450000E-02 -0.1590430E-04
  0.6500000E-02 -0.1189155E-04
  0.6550000E-02 -0.9140113E-05
  0.6600000E-02 -0.7429351E-05
  0.6650000E-02 -0.6561150E-05
  0.6700000E-02 -0.6387483E-05
  0.6750000E-02 -0.6819537E-05
  0.6800000E-02 -0.7818716E-05
  0.6850000E-02 -0.9373280E-05
  0.6900000E-02 -0.1146662E-04
  0.6950000E-02 -0.1404492E-04
  0.7000000E-02 -0.1699225E-04
  0.7050000E-02 -0.2012001E-04
  0.7100000E-02 -0.2317537E-04
  0.7150000E-02 -0.2586846E-04
  0.7200000E-02 -0.2791322E-04
  0.7250000E-02 -0.2907306E-04
  0.7300000E-02 -0.2920024E-04
  0.7350000E-02 -0.2825962E-04
  0.7400000E-02 -0.2633138E-04
  0.7450000E-02 -0.2359253E-04
  0.7500000E-02 -0.2028320E-04
  0.7550000E-02 -0.1666675E-04
  0.7600000E-02 -0.1299321E-04
  0.7650000E-02 -0.9472810E-05
  0.7700000E-02 -0.6262859E-05
  0.7750000E-02 -0.3466979E-05
  0.7800000E-02 -0.1142701E-05
  0.7850000E-02  0.6874516E-06
  0.7900000E-02  0.2024933E-05
  0.7950000E-02  0.2886730E-05
  0.8000000E-02  0.3300373E-05
  0.8050000E-02  0.3301794E-05
  0.8100000E-02  0.2934580E-05
  0.8150000E-02  0.2249506E-05
  0.8200000E-02  0.1303897E-05
  0.8250000E-02  0.1602744E-06
  0.8300000E-02 -0.1115543E-05
  0.8350000E-02 -0.2456334E-05
  0.8400000E-02 -0.3795683E-05
  0.8450000E-02 -0.5070056E-05
  0.8500000E-02 -0.6220680E-05
  0.8550000E-02 -0.7195308E-05
  0.8600000E-02 -0.7949917E-05
  0.8650000E-02 -0.8450378E-05
  0.8700000E-02 -0.8674168E-05
  0.8750000E-02 -0.8611952E-05
  0.8800000E-02 -0.8268910E-05
  0.8850000E-02 -0.7665603E-05
  0.8900000E-02 -0.6837920E-05
  0.8950000E-02 -0.5835938E-05
  0.9000000E-02 -0.4721842E-05
  0.9050000E-02 -0.3566696E-05
  0.9100000E-02 -0.2446333E-05
  0.9150000E-02 -0.1436379E-05
  0.9200000E-02 -0.6068276E-06
  0.9250000E-02 -0.1669282E-07
  0.9300000E-02  0.2907110E-06
  0.9350000E-02  0.2913656E-06
  0.9400000E-02 -0.1732373E-07
  0.9450000E-02 -0.6162110E-06
  0.9500000E-02 -0.1465971E-05
  0.9550000E-02 -0.2510310E-05
  0.9600000E-02 -0.3680512E-05
  0.9650000E-02 -0.4900864E-05
  0.9700000E-02 -0.6094273E-05
  0.9750000E-02 -0.7187570E-05
  0.9800000E-02 -0.8116311E-05
  0.9850000E-02 -0.8828486E-05
  0.9900000E-02 -0.9286916E-05
  0.9950000E-02 -0.9470302E-05
  0.1000000E-01 -0.9373103E-05
  0.1005000E-01 -0.9004315E-05
  0.1010000E-01 -0.8385477E-05
  0.1015000E-01 -0.7548173E-05
  0.1020000E-01 -0.6531141E-05
  0.1025000E-01 -0.5377099E-05
  0.1030000E-01 -0.4129750E-05
  0.1035000E-01 -0.2831119E-05
  0.1040000E-01 -0.1519184E-05
  0.1045000E-01 -0.2259774E-06
  0.1050000E-01  0.1023429E-05
  0.1055000E-01  0.2210936E-05
  0.1060000E-01  0.3324928E-05
  0.1065000E-01  0.4359437E-05
  0.1070000E-01  0.5313088E-05
  0.1075000E-01  0.6187955E-05
  0.1080000E-01  0.6988491E-05
  0.1085000E-01  0.7720661E-05
  0.1090000E-01  0.8391040E-05
  0.1095000E-01  0.9006029E-05
  0.1100000E-01  0.9571334E-05
  0.1105000E-01  0.1009167E-04
  0.1110000E-01  0.1057033E-04
  0.1115000E-01  0.1100867E-04
  0.1120000E-01  0.1140627E-04
  0.1125000E-01  0.1176121E-04
  0.1130000E-01  0.1207031E-04
  0.1135000E-01  0.1232947E-04
  0.1140000E-01  0.1253397E-04
  0.1145000E-01  0.1267925E-04
  0.1150000E-01  0.1276188E-04
  0.1155000E-01  0.1278008E-04
  0.1160000E-01  0.1273416E-04
  0.1165000E-01  0.1262692E-04
  0.1170000E-01  0.1246374E-04
  0.1175000E-01  0.1225238E-04
  0.1180000E-01  0.1200254E-04
  0.1185000E-01  0.1172506E-04
  0.1190000E-01  0.1143072E-04
  0.1195000E-01  0.1112890E-04
  0.1200000E-01  0.1082628E-04
  0.1205000E-01  0.1052606E-04
  0.1210000E-01  0.1022775E-04
  0.1215000E-01  0.9927006E-05
  0.1220000E-01  0.9616399E-05
  0.1225000E-01  0.9286279E-05
  0.1230000E-01  0.8925540E-05
  0.1235000E-01  0.8522921E-05
  0.1240000E-01  0.8068095E-05
  0.1245000E-01  0.7552322E-05
  0.1250000E-01  0.6969015E-05
  0.1255000E-01  0.6314450E-05
  0.1260000E-01  0.5588163E-05
  0.1265000E-01  0.4793037E-05
  0.1270000E-01  0.3935139E-05
  0.1275000E-01  0.3023663E-05
  0.1280000E-01  0.2070730E-05
  0.1285000E-01  0.1090975E-05
  0.1290000E-01  0.1009412E-06
  0.1295000E-01 -0.8814846E-06
  0.1300000E-01 -0.1837829E-05
  0.1305000E-01 -0.2749934E-05
  0.1310000E-01 -0.3600945E-05
  0.1315000E-01 -0.4376331E-05
  0.1320000E-01 -0.5064884E-05
  0.1325000E-01 -0.5659408E-05
  0.1330000E-01 -0.6157092E-05
  0.1335000E-01 -0.6559528E-05
  0.1340000E-01 -0.6872104E-05
  0.1345000E-01 -0.7103070E-05
  0.1350000E-01 -0.7262521E-05
  0.1355000E-01 -0.7361119E-05
  0.1360000E-01 -0.7409006E-05
  0.1365000E-01 -0.7414884E-05
  0.1370000E-01 -0.7385468E-05
  0.1375000E-01 -0.7325289E-05
  0.1380000E-01 -0.7236818E-05
  0.1385000E-01 -0.7120788E-05
  0.1390000E-01 -0.6976823E-05
  0.1395000E-01 -0.6804098E-05
  0.1400000E-01 -0.6601929E-05
  0.1405000E-01 -0.6370335E-05
  0.1410000E-01 -0.6110497E-05
  0.1415000E-01 -0.5825163E-05
  0.1420000E-01 -0.5518801E-05
  0.1425000E-01 -0.5197560E-05
  0.1430000E-01 -0.4869133E-05
  0.1435000E-01 -0.4542552E-05
  0.1440000E-01 -0.4227952E-05
  0.1445000E-01 -0.3936406E-05
  0.1450000E-01 -0.3679628E-05
  0.1455000E-01 -0.3469427E-05
  0.1460000E-01 -0.3317113E-05
  0.1465000E-01 -0.3232635E-05
  0.1470000E-01 -0.3223542E-05
  0.1475000E-01 -0.3293849E-05
  0.1480000E-01 -0.3442863E-05
  0.1485000E-01 -0.3664028E-05
  0.1490000E-01 -0.3944204E-05
  0.1495000E-01 -0.4263504E-05
  0.1500000E-01 -0.4595785E-05
  0.1505000E-01 -0.4910060E-05
  0.1510000E-01 -0.5172514E-05
  0.1515000E-01 -0.5349026E-05
  0.1520000E-01 -0.5408093E-05
  0.1525000E-01 -0.5324019E-05
  0.1530000E-01 -0.5079887E-05
  0.1535000E-01 -0.4670237E-05
  0.1540000E-01 -0.4103121E-05
  0.1545000E-01 -0.3401281E-05
  0.1550000E-01 -0.2602261E-05
  0.1555000E-01 -0.1757267E-05
  0.1560000E-01 -0.9286682E-06
  0.1565000E-01 -0.1863371E-06
  0.1570000E-01  0.3970431E-06
  0.1575000E-01  0.7513812E-06
  0.1580000E-01  0.8148438E-06
  0.1585000E-01  0.5392030E-06
  0.1590000E-01 -0.1056707E-06
  0.1595000E-01 -0.1128636E-05
  0.1600000E-01 -0.2515846E-05
  0.1605000E-01 -0.4231146E-05
  0.1610000E-01 -0.6218232E-05
  0.1615000E-01 -0.8404328E-05
  0.1620000E-01 -0.1070516E-04
  0.1625000E-01 -0.1303064E-04
  0.1630000E-01 -0.1529058E-04
  0.1635000E-01 -0.1739998E-04
  0.1640000E-01 -0.1928371E-04
  0.1645000E-01 -0.2088017E-04
  0.1650000E-01 -0.2214361E-04
  0.1655000E-01 -0.2304538E-04
  0.1660000E-01 -0.2357403E-04
  0.1665000E-01 -0.2373480E-04
  0.1670000E-01 -0.2354856E-04
  0.1675000E-01 -0.2305060E-04
  0.1680000E-01 -0.2228932E-04
  0.1685000E-01 -0.2132523E-04
  0.1690000E-01 -0.2022988E-04
  0.1695000E-01 -0.1908489E-04
  0.1700000E-01 -0.1798070E-04
  0.1705000E-01 -0.1701507E-04
  0.1710000E-01 -0.1629134E-04
  0.1715000E-01 -0.1591607E-04
  0.1720000E-01 -0.1599615E-04
  0.1725000E-01 -0.1663528E-04
  0.1730000E-01 -0.1793008E-04
  0.1735000E-01 -0.1996546E-04
  0.1740000E-01 -0.2280915E-04
  0.1745000E-01 -0.2650436E-04
  0.1750000E-01 -0.3106017E-04
  0.1755000E-01 -0.3643935E-04
  0.1760000E-01 -0.4254475E-04
  0.1765000E-01 -0.4920664E-04
  0.1770000E-01 -0.5617549E-04
  0.1775000E-01 -0.6312493E-04
  0.1780000E-01 -0.6966922E-04
  0.1785000E-01 -0.7539658E-04
  0.1790000E-01 -0.7991594E-04
  0.1795000E-01 -0.8290981E-04
  0.1800000E-01 -0.8418295E-04
  0.1805000E-01 -0.8369597E-04
  0.1810000E-01 -0.8157531E-04
  0.1815000E-01 -0.7809703E-04
  0.1820000E-01 -0.7364809E-04
  0.1825000E-01 -0.6867404E-04
  0.1830000E-01 -0.6362459E-04
  0.1835000E-01 -0.5890832E-04
  0.1840000E-01 -0.5486380E-04
  0.1845000E-01 -0.5174959E-04
  0.1850000E-01 -0.4975036E-04
  0.1855000E-01 -0.4899288E-04
  0.1860000E-01 -0.4956376E-04
  0.1865000E-01 -0.5152130E-04
  0.1870000E-01 -0.5489599E-04
  0.1875000E-01 -0.5967738E-04
  0.1880000E-01 -0.6578944E-04
  0.1885000E-01 -0.7306027E-04
  0.1890000E-01 -0.8119552E-04
  0.1895000E-01 -0.8976608E-04
  0.1900000E-01 -0.9821978E-04
  0.1905000E-01 -0.1059215E-03
  0.1910000E-01 -0.1122199E-03
  0.1915000E-01 -0.1165315E-03
  0.1920000E-01 -0.1184254E-03
  0.1925000E-01 -0.1176913E-03
  0.1930000E-01 -0.1143740E-03
  0.1935000E-01 -0.1087671E-03
  0.1940000E-01 -0.1013669E-03
  0.1945000E-01 -0.9279757E-04
  0.1950000E-01 -0.8372523E-04
  0.1955000E-01 -0.7477773E-04
  0.1960000E-01 -0.6648567E-04
  0.1965000E-01 -0.5925131E-04
  0.1970000E-01 -0.5334474E-04
  0.1975000E-01 -0.4892083E-04
  0.1980000E-01 -0.4604686E-04
  0.1985000E-01 -0.4473048E-04
  0.1990000E-01 -0.4493982E-04
  0.1995000E-01 -0.4661104E-04
  0.2000000E-01 -0.4964292E-04
  0.2005000E-01 -0.5388184E-04
  0.2010000E-01 -0.5910366E-04
  0.2015000E-01 -0.6500051E-04
  0.2020000E-01 -0.7118032E-04
  0.2025000E-01 -0.7718441E-04
  0.2030000E-01 -0.8252409E-04
  0.2035000E-01 -0.8673206E-04
  0.2040000E-01 -0.8941946E-04
  0.2045000E-01 -0.9032714E-04
  0.2050000E-01 -0.8935943E-04
  0.2055000E-01 -0.8659302E-04
  0.2060000E-01 -0.8225921E-04
  0.2065000E-01 -0.7670436E-04
  0.2070000E-01 -0.7033795E-04
  0.2075000E-01 -0.6357950E-04
  0.2080000E-01 -0.5681410E-04
  0.2085000E-01 -0.5036241E-04
  0.2090000E-01 -0.4446667E-04
  0.2095000E-01 -0.3928999E-04
  0.2100000E-01 -0.3492462E-04
  0.2105000E-01 -0.3140443E-04
  0.2110000E-01 -0.2871778E-04
  0.2115000E-01 -0.2681881E-04
  0.2120000E-01 -0.2563641E-04
  0.2125000E-01 -0.2508136E-04
  0.2130000E-01 -0.2505207E-04
  0.2135000E-01 -0.2543948E-04
  0.2140000E-01 -0.2613141E-04
  0.2145000E-01 -0.2701629E-04
  0.2150000E-01 -0.2798631E-04
  0.2155000E-01 -0.2893993E-04
  0.2160000E-01 -0.2978366E-04
  0.2165000E-01 -0.3043344E-04
  0.2170000E-01 -0.3081584E-04
  0.2175000E-01 -0.3086906E-04
  0.2180000E-01 -0.3054406E-04
  0.2185000E-01 -0.2980591E-04
  0.2190000E-01 -0.2863520E-04
  0.2195000E-01 -0.2702933E-04
  0.2200000E-01 -0.2500354E-04
  0.2205000E-01 -0.2259135E-04
  0.2210000E-01 -0.1984427E-04
  0.2215000E-01 -0.1683034E-04
  0.2220000E-01 -0.1363162E-04
  0.2225000E-01 -0.1034044E-04
  0.2230000E-01 -0.7054669E-05
  0.2235000E-01 -0.3872257E-05
  0.2240000E-01 -0.8854862E-06
  0.2245000E-01  0.1824602E-05
  0.2250000E-01  0.4193088E-05
  0.2255000E-01  0.6174847E-05
  0.2260000E-01  0.7746658E-05
  0.2265000E-01  0.8907517E-05
  0.2270000E-01  0.9677202E-05
  0.2275000E-01  0.1009331E-04
  0.2280000E-01  0.1020706E-04
  0.2285000E-01  0.1007831E-04
  0.2290000E-01  0.9770427E-05
  0.2295000E-01  0.9345398E-05
  0.2300000E-01  0.8859633E-05
  0.2305000E-01  0.8360680E-05
  0.2310000E-01  0.7884957E-05
  0.2315000E-01  0.7456690E-05
  0.2320000E-01  0.7087996E-05
  0.2325000E-01  0.6779943E-05
  0.2330000E-01  0.6524398E-05
  0.2335000E-01  0.6306470E-05
  0.2340000E-01  0.6107194E-05
  0.2345000E-01  0.5906351E-05
  0.2350000E-01  0.5684980E-05
  0.2355000E-01  0.5427444E-05
  0.2360000E-01  0.5122884E-05
  0.2365000E-01  0.4765931E-05
  0.2370000E-01  0.4356695E-05
  0.2375000E-01  0.3900100E-05
  0.2380000E-01  0.3404718E-05
  0.2385000E-01  0.2881412E-05
  0.2390000E-01  0.2342015E-05
  0.2395000E-01  0.1798204E-05
  0.2400000E-01  0.1260710E-05
  0.2405000E-01  0.7388507E-06
  0.2410000E-01  0.2404122E-06
  0.2415000E-01 -0.2282552E-06
  0.2420000E-01 -0.6620396E-06
  0.2425000E-01 -0.1056851E-05
  0.2430000E-01 -0.1409460E-05
  0.2435000E-01 -0.1717476E-05
  0.2440000E-01 -0.1979388E-05
  0.2445000E-01 -0.2194691E-05
  0.2450000E-01 -0.2364031E-05
  0.2455000E-01 -0.2489285E-05
  0.2460000E-01 -0.2573577E-05
  0.2465000E-01 -0.2621153E-05
  0.2470000E-01 -0.2637154E-05
  0.2475000E-01 -0.2627266E-05
  0.2480000E-01 -0.2597289E-05
  0.2485000E-01 -0.2552679E-05
  0.2490000E-01 -0.2498159E-05
  0.2495000E-01 -0.2437424E-05
  0.2500000E-01 -0.2373041E-05
  0.2505000E-01 -0.2306536E-05
  0.2510000E-01 -0.2238656E-05
  0.2515000E-01 -0.2169742E-05
  0.2520000E-01 -0.2100086E-05
  0.2525000E-01 -0.2030229E-05
  0.2530000E-01 -0.1961096E-05
  0.2535000E-01 -0.1893971E-05
  0.2540000E-01 -0.1830343E-05
  0.2545000E-01 -0.1771680E-05
  0.2550000E-01 -0.1719183E-05
  0.2555000E-01 -0.1673608E-05
  0.2560000E-01 -0.1635168E-05
  0.2565000E-01 -0.1603545E-05
  0.2570000E-01 -0.1577979E-05
  0.2575000E-01 -0.1557415E-05
  0.2580000E-01 -0.1540643E-05
  0.2585000E-01 -0.1526421E-05
  0.2590000E-01 -0.1513556E-05
  0.2595000E-01 -0.1500934E-05
  0.2600000E-01 -0.1487525E-05
  0.2605000E-01 -0.1472361E-05
  0.2610000E-01 -0.1454526E-05
  0.2615000E-01 -0.1433151E-05
  0.2620000E-01 -0.1407424E-05
  0.2625000E-01 -0.1376604E-05
  0.2630000E-01 -0.1340048E-05
  0.2635000E-01 -0.1297247E-05
  0.2640000E-01 -0.1247854E-05
  0.2645000E-01 -0.1191704E-05
  0.2650000E-01 -0.1128829E-05
  0.2655000E-01 -0.1059470E-05
  0.2660000E-01 -0.9840614E-06
  0.2665000E-01 -0.9032289E-06
  0.2670000E-01 -0.8177673E-06
  0.2675000E-01 -0.7286208E-06
  0.2680000E-01 -0.6368670E-06
  0.2685000E-01 -0.5436836E-06
  0.2690000E-01 -0.4503045E-06
  0.2695000E-01 -0.3579815E-06
  0.2700000E-01 -0.2679389E-06
  0.2705000E-01 -0.1813198E-06
  0.2710000E-01 -0.9913770E-07
  0.2715000E-01 -0.2223270E-07
  0.2720000E-01  0.4876641E-07
  0.2725000E-01  0.1134688E-06
  0.2730000E-01  0.1717380E-06
  0.2735000E-01  0.2236975E-06
  0.2740000E-01  0.2697189E-06
  0.2745000E-01  0.3103971E-06
  0.2750000E-01  0.3465133E-06
  0.2755000E-01  0.3789886E-06
  0.2760000E-01  0.4088283E-06
  0.2765000E-01  0.4370599E-06
  0.2770000E-01  0.4646675E-06
  0.2775000E-01  0.4925270E-06
  0.2780000E-01  0.5213476E-06
  0.2785000E-01  0.5516213E-06
  0.2790000E-01  0.5835844E-06
  0.2795000E-01  0.6171946E-06
  0.2800000E-01  0.6521170E-06
  0.2805000E-01  0.6877289E-06
  0.2810000E-01  0.7231391E-06
  0.2815000E-01  0.7572147E-06
  0.2820000E-01  0.7886194E-06
  0.2825000E-01  0.8158662E-06
  0.2830000E-01  0.8373788E-06
  0.2835000E-01  0.8515496E-06
  0.2840000E-01  0.8567934E-06
  0.2845000E-01  0.8516013E-06
  0.2850000E-01  0.8345873E-06
  0.2855000E-01  0.8045286E-06
  0.2860000E-01  0.7603972E-06
  0.2865000E-01  0.7013849E-06
  0.2870000E-01  0.6269339E-06
  0.2875000E-01  0.5367612E-06
  0.2880000E-01  0.4308690E-06
  0.2885000E-01  0.3095307E-06
  0.2890000E-01  0.1732736E-06
  0.2895000E-01  0.2286975E-07
  0.2900000E-01 -0.1406695E-06
  0.2905000E-01 -0.3161038E-06
  0.2910000E-01 -0.5019768E-06
  0.2915000E-01 -0.6966306E-06
  0.2920000E-01 -0.8982132E-06
  0.2925000E-01 -0.1104707E-05
  0.2930000E-01 -0.1313962E-05
  0.2935000E-01 -0.1523736E-05
  0.2940000E-01 -0.1731700E-05
  0.2945000E-01 -0.1935479E-05
  0.2950000E-01 -0.2132669E-05
  0.2955000E-01 -0.2320865E-05
  0.2960000E-01 -0.2497725E-05
  0.2965000E-01 -0.2661021E-05
  0.2970000E-01 -0.2808703E-05
  0.2975000E-01 -0.2938942E-05
  0.2980000E-01 -0.3050155E-05
  0.2985000E-01 -0.3141036E-05
  0.2990000E-01 -0.3210591E-05
  0.2995000E-01 -0.3258173E-05
  0.3000000E-01 -0.3283510E-05
  0.3005000E-01 -0.3286697E-05
  0.3010000E-01 -0.3268191E-05
  0.3015000E-01 -0.3228820E-05
  0.3020000E-01 -0.3169791E-05
  0.3025000E-01 -0.3092688E-05
  0.3030000E-01 -0.2999438E-05
  0.3035000E-01 -0.2892315E-05
  0.3040000E-01 -0.2773945E-05
  0.3045000E-01 -0.2647288E-05
  0.3050000E-01 -0.2515642E-05
  0.3055000E-01 -0.2382628E-05
  0.3060000E-01 -0.2252156E-05
  0.3065000E-01 -0.2128439E-05
  0.3070000E-01 -0.2015983E-05
  0.3075000E-01 -0.1919563E-05
  0.3080000E-01 -0.1844199E-05
  0.3085000E-01 -0.1795105E-05
  0.3090000E-01 -0.1777648E-05
  0.3095000E-01 -0.1797281E-05
  0.3100000E-01 -0.1859504E-05
  0.3105000E-01 -0.1969774E-05
  0.3110000E-01 -0.2133402E-05
  0.3115000E-01 -0.2355441E-05
  0.3120000E-01 -0.2640556E-05
  0.3125000E-01 -0.2992890E-05
  0.3130000E-01 -0.3415943E-05
  0.3135000E-01 -0.3912429E-05
  0.3140000E-01 -0.4484147E-05
  0.3145000E-01 -0.5131834E-05
  0.3150000E-01 -0.5855035E-05
  0.3155000E-01 -0.6651995E-05
  0.3160000E-01 -0.7519579E-05
  0.3165000E-01 -0.8453200E-05
  0.3170000E-01 -0.9446782E-05
  0.3175000E-01 -0.1049276E-04
  0.3180000E-01 -0.1158207E-04
  0.3185000E-01 -0.1270426E-04
  0.3190000E-01 -0.1384758E-04
  0.3195000E-01 -0.1499918E-04
  0.3200000E-01 -0.1614519E-04
  0.3205000E-01 -0.1727104E-04
  0.3210000E-01 -0.1836176E-04
  0.3215000E-01 -0.1940223E-04
  0.3220000E-01 -0.2037756E-04
  0.3225000E-01 -0.2127342E-04
  0.3230000E-01 -0.2207640E-04
  0.3235000E-01 -0.2277430E-04
  0.3240000E-01 -0.2335642E-04
  0.3245000E-01 -0.2381383E-04
  0.3250000E-01 -0.2413961E-04
  0.3255000E-01 -0.2432905E-04
  0.3260000E-01 -0.2437979E-04
  0.3265000E-01 -0.2429190E-04
  0.3270000E-01 -0.2406783E-04
  0.3275000E-01 -0.2371235E-04
  0.3280000E-01 -0.2323237E-04
  0.3285000E-01 -0.2263682E-04
  0.3290000E-01 -0.2193636E-04
  0.3295000E-01 -0.2114315E-04
  0.3300000E-01 -0.2027052E-04
  0.3305000E-01 -0.1933258E-04
  0.3310000E-01 -0.1834393E-04
  0.3315000E-01 -0.1731931E-04
  0.3320000E-01 -0.1627325E-04
  0.3325000E-01 -0.1521987E-04
  0.3330000E-01 -0.1417254E-04
  0.3335000E-01 -0.1314373E-04
  0.3340000E-01 -0.1214475E-04
  0.3345000E-01 -0.1118564E-04
  0.3350000E-01 -0.1027507E-04
  0.3355000E-01 -0.9420322E-05
  0.3360000E-01 -0.8627202E-05
  0.3365000E-01 -0.7900077E-05
  0.3370000E-01 -0.7241918E-05
  0.3375000E-01 -0.6654378E-05
  0.3380000E-01 -0.6137889E-05
  0.3385000E-01 -0.5691762E-05
  0.3390000E-01 -0.5314324E-05
  0.3395000E-01 -0.5003039E-05
  0.3400000E-01 -0.4754648E-05
  0.3405000E-01 -0.4565291E-05
  0.3410000E-01 -0.4430624E-05
  0.3415000E-01 -0.4345948E-05
  0.3420000E-01 -0.4306318E-05
  0.3425000E-01 -0.4306641E-05
  0.3430000E-01 -0.4341754E-05
  0.3435000E-01 -0.4406487E-05
  0.3440000E-01 -0.4495734E-05
  0.3445000E-01 -0.4604503E-05
  0.3450000E-01 -0.4727947E-05
  0.3455000E-01 -0.4861395E-05
  0.3460000E-01 -0.5000392E-05
  0.3465000E-01 -0.5140715E-05
  0.3470000E-01 -0.5278385E-05
  0.3475000E-01 -0.5409687E-05
  0.3480000E-01 -0.5531188E-05
  0.3485000E-01 -0.5639754E-05
  0.3490000E-01 -0.5732556E-05
  0.3495000E-01 -0.5807093E-05
  0.3500000E-01 -0.5861206E-05
  0.3505000E-01 -0.5893097E-05
  0.3510000E-01 -0.5901348E-05
  0.3515000E-01 -0.5884947E-05
  0.3520000E-01 -0.5843308E-05
  0.3525000E-01 -0.5776265E-05
  0.3530000E-01 -0.5684079E-05
  0.3535000E-01 -0.5567416E-05
  0.3540000E-01 -0.5427342E-05
  0.3545000E-01 -0.5265293E-05
  0.3550000E-01 -0.5083055E-05
  0.3555000E-01 -0.4882717E-05
  0.3560000E-01 -0.4666621E-05
  0.3565000E-01 -0.4437317E-05
  0.3570000E-01 -0.4197513E-05
  0.3575000E-01 -0.3950019E-05
  0.3580000E-01 -0.3697694E-05
  0.3585000E-01 -0.3443396E-05
  0.3590000E-01 -0.3189942E-05
  0.3595000E-01 -0.2940052E-05
  0.3600000E-01 -0.2696307E-05
  0.3605000E-01 -0.2461113E-05
  0.3610000E-01 -0.2236659E-05
  0.3615000E-01 -0.2024884E-05
  0.3620000E-01 -0.1827448E-05
  0.3625000E-01 -0.1645700E-05
  0.3630000E-01 -0.1480660E-05
  0.3635000E-01 -0.1332995E-05
  0.3640000E-01 -0.1203001E-05
  0.3645000E-01 -0.1090586E-05
  0.3650000E-01 -0.9952653E-06
  0.3655000E-01 -0.9161731E-06
  0.3660000E-01 -0.8520708E-06
  0.3665000E-01 -0.8013649E-06
  0.3670000E-01 -0.7621432E-06
  0.3675000E-01 -0.7322142E-06
  0.3680000E-01 -0.7091636E-06
  0.3685000E-01 -0.6904312E-06
  0.3690000E-01 -0.6733717E-06
  0.3695000E-01 -0.6553309E-06
  0.3700000E-01 -0.6337290E-06
  0.3705000E-01 -0.6061503E-06
  0.3710000E-01 -0.5704224E-06
  0.3715000E-01 -0.5246841E-06
  0.3720000E-01 -0.4674498E-06
  0.3725000E-01 -0.3976642E-06
  0.3730000E-01 -0.3147294E-06
  0.3735000E-01 -0.2185153E-06
  0.3740000E-01 -0.1093642E-06
  0.3745000E-01  0.1194623E-07
  0.3750000E-01  0.1442438E-06
  0.3755000E-01  0.2860188E-06
  0.3760000E-01  0.4354927E-06
  0.3765000E-01  0.5906925E-06
  0.3770000E-01  0.7495251E-06
  0.3775000E-01  0.9098590E-06
  0.3780000E-01  0.1069606E-05
  0.3785000E-01  0.1226778E-05
  0.3790000E-01  0.1379542E-05
  0.3795000E-01  0.1526271E-05
  0.3800000E-01  0.1665581E-05
  0.3805000E-01  0.1796351E-05
  0.3810000E-01  0.1917720E-05
  0.3815000E-01  0.2029083E-05
  0.3820000E-01  0.2130075E-05
  0.3825000E-01  0.2220547E-05
  0.3830000E-01  0.2300547E-05
  0.3835000E-01  0.2370289E-05
  0.3840000E-01  0.2430119E-05
  0.3845000E-01  0.2480477E-05
  0.3850000E-01  0.2521883E-05
  0.3855000E-01  0.2554911E-05
  0.3860000E-01  0.2580173E-05
  0.3865000E-01  0.2598307E-05
  0.3870000E-01  0.2609954E-05
  0.3875000E-01  0.2615758E-05
  0.3880000E-01  0.2616359E-05
  0.3885000E-01  0.2612417E-05
  0.3890000E-01  0.2604625E-05
  0.3895000E-01  0.2593712E-05
  0.3900000E-01  0.2580441E-05
  0.3905000E-01  0.2565607E-05
  0.3910000E-01  0.2550033E-05
  0.3915000E-01  0.2534569E-05
  0.3920000E-01  0.2520094E-05
  0.3925000E-01  0.2507505E-05
  0.3930000E-01  0.2497713E-05
  0.3935000E-01  0.2491623E-05
  0.3940000E-01  0.2490121E-05
  0.3945000E-01  0.2494053E-05
  0.3950000E-01  0.2504210E-05
  0.3955000E-01  0.2521298E-05
  0.3960000E-01  0.2545917E-05
  0.3965000E-01  0.2578544E-05
  0.3970000E-01  0.2619509E-05
  0.3975000E-01  0.2668975E-05
  0.3980000E-01  0.2726933E-05
  0.3985000E-01  0.2793208E-05
  0.3990000E-01  0.2867452E-05
  0.3995000E-01  0.2949151E-05
  0.4000000E-01  0.3037618E-05
  0.4005000E-01  0.3132002E-05
  0.4010000E-01  0.3231295E-05
  0.4015000E-01  0.3334356E-05
  0.4020000E-01  0.3439927E-05
  0.4025000E-01  0.3546656E-05
  0.4030000E-01  0.3653133E-05
  0.4035000E-01  0.3757923E-05
  0.4040000E-01  0.3859601E-05
  0.4045000E-01  0.3956790E-05
  0.4050000E-01  0.4048184E-05
  0.4055000E-01  0.4132567E-05
  0.4060000E-01  0.4208828E-05
  0.4065000E-01  0.4275982E-05
  0.4070000E-01  0.4333172E-05
  0.4075000E-01  0.4379685E-05
  0.4080000E-01  0.4414959E-05
  0.4085000E-01  0.4438585E-05
  0.4090000E-01  0.4450300E-05
  0.4095000E-01  0.4449967E-05
  0.4100000E-01  0.4437571E-05
  0.4105000E-01  0.4413220E-05
  0.4110000E-01  0.4377122E-05
  0.4115000E-01  0.4329566E-05
  0.4120000E-01  0.4270904E-05
  0.4125000E-01  0.4201554E-05
  0.4130000E-01  0.4121973E-05
  0.4135000E-01  0.4032651E-05
  0.4140000E-01  0.3934101E-05
  0.4145000E-01  0.3826852E-05
  0.4150000E-01  0.3711454E-05
  0.4155000E-01  0.3588476E-05
  0.4160000E-01  0.3458508E-05
  0.4165000E-01  0.3322164E-05
  0.4170000E-01  0.3180085E-05
  0.4175000E-01  0.3032941E-05
  0.4180000E-01  0.2881441E-05
  0.4185000E-01  0.2726335E-05
  0.4190000E-01  0.2568419E-05
  0.4195000E-01  0.2408533E-05
  0.4200000E-01  0.2247545E-05
  0.4205000E-01  0.2086358E-05
  0.4210000E-01  0.1925897E-05
  0.4215000E-01  0.1767114E-05
  0.4220000E-01  0.1610974E-05
  0.4225000E-01  0.1458449E-05
  0.4230000E-01  0.1310498E-05
  0.4235000E-01  0.1168048E-05
  0.4240000E-01  0.1031986E-05
  0.4245000E-01  0.9031381E-06
  0.4250000E-01  0.7822565E-06
  0.4255000E-01  0.6700072E-06
  0.4260000E-01  0.5669550E-06
  0.4265000E-01  0.4735508E-06
  0.4270000E-01  0.3901198E-06
  0.4275000E-01  0.3168487E-06
  0.4280000E-01  0.2537783E-06
  0.4285000E-01  0.2007991E-06
  0.4290000E-01  0.1576512E-06
  0.4295000E-01  0.1239262E-06
  0.4300000E-01  0.9907295E-07
  0.4305000E-01  0.8240300E-07
  0.4310000E-01  0.7310001E-07
  0.4315000E-01  0.7023336E-07
  0.4320000E-01  0.7277826E-07
  0.4325000E-01  0.7963065E-07
  0.4330000E-01  0.8962691E-07
  0.4335000E-01  0.1015691E-06
  0.4340000E-01  0.1142486E-06
  0.4345000E-01  0.1264690E-06
  0.4350000E-01  0.1370671E-06
  0.4355000E-01  0.1449390E-06
  0.4360000E-01  0.1490635E-06
  0.4365000E-01  0.1485236E-06
  0.4370000E-01  0.1425224E-06
  0.4375000E-01  0.1303972E-06
  0.4380000E-01  0.1116323E-06
  0.4385000E-01  0.8586580E-07
  0.4390000E-01  0.5289656E-07
  0.4395000E-01  0.1268672E-07
  0.4400000E-01 -0.3463846E-07
  0.4405000E-01 -0.8879683E-07
  0.4410000E-01 -0.1493570E-06
  0.4415000E-01 -0.2157460E-06
  0.4420000E-01 -0.2872620E-06
  0.4425000E-01 -0.3630884E-06
  0.4430000E-01 -0.4423137E-06
  0.4435000E-01 -0.5239522E-06
  0.4440000E-01 -0.6069665E-06
  0.4445000E-01 -0.6902903E-06
  0.4450000E-01 -0.7728491E-06
  0.4455000E-01 -0.8535834E-06
  0.4460000E-01 -0.9314700E-06
  0.4465000E-01 -0.1005540E-05
  0.4470000E-01 -0.1074900E-05
  0.4475000E-01 -0.1138739E-05
  0.4480000E-01 -0.1196346E-05
  0.4485000E-01 -0.1247111E-05
  0.4490000E-01 -0.1290538E-05
  0.4495000E-01 -0.1326244E-05
  0.4500000E-01 -0.1353974E-05
  0.4505000E-01 -0.1373600E-05
  0.4510000E-01 -0.1385115E-05
  0.4515000E-01 -0.1388619E-05
  0.4520000E-01 -0.1384312E-05
  0.4525000E-01 -0.1372468E-05
  0.4530000E-01 -0.1353445E-05
  0.4535000E-01 -0.1327684E-05
  0.4540000E-01 -0.1295702E-05
  0.4545000E-01 -0.1258058E-05
  0.4550000E-01 -0.1215347E-05
  0.4555000E-01 -0.1168194E-05
  0.4560000E-01 -0.1117248E-05
  0.4565000E-01 -0.1063182E-05
  0.4570000E-01 -0.1006675E-05
  0.4575000E-01 -0.9483983E-06
  0.4580000E-01 -0.8889946E-06
  0.4585000E-01 -0.8290730E-06
  0.4590000E-01 -0.7692053E-06
  0.4595000E-01 -0.7099312E-06
  0.4600000E-01 -0.6517632E-06
  0.4605000E-01 -0.5951660E-06
  0.4610000E-01 -0.5405615E-06
  0.4615000E-01 -0.4883248E-06
  0.4620000E-01 -0.4387842E-06
  0.4625000E-01 -0.3922357E-06
  0.4630000E-01 -0.3489452E-06
  0.4635000E-01 -0.3091537E-06
  0.4640000E-01 -0.2730743E-06
  0.4645000E-01 -0.2408942E-06
  0.4650000E-01 -0.2127874E-06
  0.4655000E-01 -0.1889201E-06
  0.4660000E-01 -0.1694520E-06
  0.4665000E-01 -0.1545406E-06
  0.4670000E-01 -0.1443544E-06
  0.4675000E-01 -0.1390783E-06
  0.4680000E-01 -0.1389244E-06
  0.4685000E-01 -0.1441305E-06
  0.4690000E-01 -0.1549535E-06
  0.4695000E-01 -0.1716839E-06
  0.4700000E-01 -0.1946431E-06
  0.4705000E-01 -0.2241992E-06
  0.4710000E-01 -0.2607666E-06
  0.4715000E-01 -0.3048057E-06
  0.4720000E-01 -0.3568127E-06
  0.4725000E-01 -0.4173139E-06
  0.4730000E-01 -0.4868439E-06
  0.4735000E-01 -0.5659133E-06
  0.4740000E-01 -0.6550056E-06
  0.4745000E-01 -0.7545510E-06
  0.4750000E-01 -0.8649047E-06
  0.4755000E-01 -0.9863208E-06
  0.4760000E-01 -0.1118898E-05
  0.4765000E-01 -0.1262533E-05
  0.4770000E-01 -0.1416876E-05
  0.4775000E-01 -0.1581277E-05
  0.4780000E-01 -0.1754745E-05
  0.4785000E-01 -0.1935926E-05
  0.4790000E-01 -0.2123065E-05
  0.4795000E-01 -0.2313956E-05
  0.4800000E-01 -0.2505918E-05
  0.4805000E-01 -0.2695772E-05
  0.4810000E-01 -0.2879844E-05
  0.4815000E-01 -0.3053970E-05
  0.4820000E-01 -0.3213501E-05
  0.4825000E-01 -0.3353348E-05
  0.4830000E-01 -0.3468011E-05
  0.4835000E-01 -0.3551645E-05
  0.4840000E-01 -0.3598149E-05
  0.4845000E-01 -0.3601287E-05
  0.4850000E-01 -0.3554813E-05
  0.4855000E-01 -0.3452617E-05
  0.4860000E-01 -0.3288896E-05
  0.4865000E-01 -0.3058329E-05
  0.4870000E-01 -0.2756266E-05
  0.4875000E-01 -0.2378910E-05
  0.4880000E-01 -0.1923508E-05
  0.4885000E-01 -0.1388525E-05
  0.4890000E-01 -0.7738076E-06
  0.4895000E-01 -0.8072944E-07
  0.4900000E-01  0.6876908E-06
  0.4905000E-01  0.1526719E-05
  0.4910000E-01  0.2429877E-05
  0.4915000E-01  0.3388956E-05
  0.4920000E-01  0.4394064E-05
  0.4925000E-01  0.5433748E-05
  0.4930000E-01  0.6495149E-05
  0.4935000E-01  0.7564221E-05
  0.4940000E-01  0.8626002E-05
  0.4945000E-01  0.9664922E-05
  0.4950000E-01  0.1066514E-04
  0.4955000E-01  0.1161089E-04
  0.4960000E-01  0.1248686E-04
  0.4965000E-01  0.1327858E-04
  0.4970000E-01  0.1397279E-04
  0.4975000E-01  0.1455781E-04
  0.4980000E-01  0.1502381E-04
  0.4985000E-01  0.1536308E-04
  0.4990000E-01  0.1557027E-04
  0.4995000E-01  0.1564250E-04
  0.5000000E-01  0.1557948E-04
  0.5005000E-01  0.1538351E-04
  0.5010000E-01  0.1505943E-04
  0.5015000E-01  0.1461449E-04
  0.5020000E-01  0.1405811E-04
  0.5025000E-01  0.1340171E-04
  0.5030000E-01  0.1265834E-04
  0.5035000E-01  0.1184237E-04
  0.5040000E-01  0.1096910E-04
  0.5045000E-01  0.1005438E-04
  0.5050000E-01  0.9114210E-05
  0.5055000E-01  0.8164331E-05
  0.5060000E-01  0.7219886E-05
  0.5065000E-01  0.6295061E-05
  0.5070000E-01  0.5402801E-05
  0.5075000E-01  0.4554555E-05
  0.5080000E-01  0.3760085E-05
  0.5085000E-01  0.3027326E-05
  0.5090000E-01  0.2362308E-05
  0.5095000E-01  0.1769146E-05
  0.5100000E-01  0.1250090E-05
  0.5105000E-01  0.8056326E-06
  0.5110000E-01  0.4346635E-06
  0.5115000E-01  0.1346725E-06
  0.5120000E-01 -0.9802029E-07
  0.5125000E-01 -0.2680073E-06
  0.5130000E-01 -0.3805207E-06
  0.5135000E-01 -0.4411529E-06
  0.5140000E-01 -0.4555785E-06
  0.5145000E-01 -0.4292874E-06
  0.5150000E-01 -0.3673386E-06
  0.5155000E-01 -0.2741429E-06
  0.5160000E-01 -0.1532799E-06
  0.5165000E-01 -0.7354319E-08
  0.5170000E-01  0.1620997E-06
  0.5175000E-01  0.3546682E-06
  0.5180000E-01  0.5710571E-06
  0.5185000E-01  0.8130445E-06
  0.5190000E-01  0.1083387E-05
  0.5195000E-01  0.1385686E-05
  0.5200000E-01  0.1724205E-05
  0.5205000E-01  0.2103672E-05
  0.5210000E-01  0.2529039E-05
  0.5215000E-01  0.3005233E-05
  0.5220000E-01  0.3536901E-05
  0.5225000E-01  0.4128152E-05
  0.5230000E-01  0.4782303E-05
  0.5235000E-01  0.5501642E-05
  0.5240000E-01  0.6287228E-05
  0.5245000E-01  0.7138709E-05
  0.5250000E-01  0.8054193E-05
  0.5255000E-01  0.9030157E-05
  0.5260000E-01  0.1006141E-04
  0.5265000E-01  0.1114109E-04
  0.5270000E-01  0.1226072E-04
  0.5275000E-01  0.1341034E-04
  0.5280000E-01  0.1457865E-04
  0.5285000E-01  0.1575324E-04
  0.5290000E-01  0.1692083E-04
  0.5295000E-01  0.1806753E-04
  0.5300000E-01  0.1917915E-04
  0.5305000E-01  0.2024152E-04
  0.5310000E-01  0.2124079E-04
  0.5315000E-01  0.2216373E-04
  0.5320000E-01  0.2299808E-04
  0.5325000E-01  0.2373276E-04
  0.5330000E-01  0.2435817E-04
  0.5335000E-01  0.2486635E-04
  0.5340000E-01  0.2525118E-04
  0.5345000E-01  0.2550849E-04
  0.5350000E-01  0.2563616E-04
  0.5355000E-01  0.2563408E-04
  0.5360000E-01  0.2550419E-04
  0.5365000E-01  0.2525035E-04
  0.5370000E-01  0.2487828E-04
  0.5375000E-01  0.2439538E-04
  0.5380000E-01  0.2381058E-04
  0.5385000E-01  0.2313414E-04
  0.5390000E-01  0.2237745E-04
  0.5395000E-01  0.2155278E-04
  0.5400000E-01  0.2067304E-04
  0.5405000E-01  0.1975153E-04
  0.5410000E-01  0.1880172E-04
  0.5415000E-01  0.1783703E-04
  0.5420000E-01  0.1687054E-04
  0.5425000E-01  0.1591490E-04
  0.5430000E-01  0.1498207E-04
  0.5435000E-01  0.1408318E-04
  0.5440000E-01  0.1322845E-04
  0.5445000E-01  0.1242701E-04
  0.5450000E-01  0.1168688E-04
  0.5455000E-01  0.1101491E-04
  0.5460000E-01  0.1041672E-04
  0.5465000E-01  0.9896721E-05
  0.5470000E-01  0.9458121E-05
  0.5475000E-01  0.9102952E-05
  0.5480000E-01  0.8832125E-05
  0.5485000E-01  0.8645471E-05
  0.5490000E-01  0.8541805E-05
  0.5495000E-01  0.8519004E-05
  0.5500000E-01  0.8574082E-05
  0.5505000E-01  0.8703280E-05
  0.5510000E-01  0.8902169E-05
  0.5515000E-01  0.9165748E-05
  0.5520000E-01  0.9488557E-05
  0.5525000E-01  0.9864779E-05
  0.5530000E-01  0.1028833E-04
  0.5535000E-01  0.1075296E-04
  0.5540000E-01  0.1125231E-04
  0.5545000E-01  0.1177998E-04
  0.5550000E-01  0.1232966E-04
  0.5555000E-01  0.1289519E-04
  0.5560000E-01  0.1347060E-04
  0.5565000E-01  0.1405020E-04
  0.5570000E-01  0.1462859E-04
  0.5575000E-01  0.1520079E-04
  0.5580000E-01  0.1576220E-04
  0.5585000E-01  0.1630867E-04
  0.5590000E-01  0.1683650E-04
  0.5595000E-01  0.1734248E-04
  0.5600000E-01  0.1782390E-04
  0.5605000E-01  0.1827851E-04
  0.5610000E-01  0.1870457E-04
  0.5615000E-01  0.1910083E-04
  0.5620000E-01  0.1946652E-04
  0.5625000E-01  0.1980131E-04
  0.5630000E-01  0.2010531E-04
  0.5635000E-01  0.2037901E-04
  0.5640000E-01  0.2062329E-04
  0.5645000E-01  0.2083932E-04
  0.5650000E-01  0.2102856E-04
  0.5655000E-01  0.2119268E-04
  0.5660000E-01  0.2133353E-04
  0.5665000E-01  0.2145308E-04
  0.5670000E-01  0.2155337E-04
  0.5675000E-01  0.2163645E-04
  0.5680000E-01  0.2170434E-04
  0.5685000E-01  0.2175893E-04
  0.5690000E-01  0.2180191E-04
  0.5695000E-01  0.2183474E-04
  0.5700000E-01  0.2185858E-04
  0.5705000E-01  0.2187421E-04
  0.5710000E-01  0.2188196E-04
  0.5715000E-01  0.2188171E-04
  0.5720000E-01  0.2187282E-04
  0.5725000E-01  0.2185413E-04
  0.5730000E-01  0.2182392E-04
  0.5735000E-01  0.2177991E-04
  0.5740000E-01  0.2171934E-04
  0.5745000E-01  0.2163894E-04
  0.5750000E-01  0.2153498E-04
  0.5755000E-01  0.2140333E-04
  0.5760000E-01  0.2123946E-04
  0.5765000E-01  0.2103853E-04
  0.5770000E-01  0.2079537E-04
  0.5775000E-01  0.2050459E-04
  0.5780000E-01  0.2016063E-04
  0.5785000E-01  0.1975797E-04
  0.5790000E-01  0.1929141E-04
  0.5795000E-01  0.1875651E-04
  0.5800000E-01  0.1815034E-04
  0.5805000E-01  0.1747224E-04
  0.5810000E-01  0.1672496E-04
  0.5815000E-01  0.1591573E-04
  0.5820000E-01  0.1505748E-04
  0.5825000E-01  0.1416976E-04
  0.5830000E-01  0.1327945E-04
  0.5835000E-01  0.1242085E-04
  0.5840000E-01  0.1163518E-04
  0.5845000E-01  0.1096935E-04
  0.5850000E-01  0.1047394E-04
  0.5855000E-01  0.1020034E-04
  0.5860000E-01  0.1019747E-04
  0.5865000E-01  0.1050812E-04
  0.5870000E-01  0.1116526E-04
  0.5875000E-01  0.1218876E-04
  0.5880000E-01  0.1358275E-04
  0.5885000E-01  0.1533403E-04
  0.5890000E-01  0.1741186E-04
  0.5895000E-01  0.1976900E-04
  0.5900000E-01  0.2234426E-04
  0.5905000E-01  0.2506607E-04
  0.5910000E-01  0.2785713E-04
  0.5915000E-01  0.3063931E-04
  0.5920000E-01  0.3333859E-04
  0.5925000E-01  0.3588949E-04
  0.5930000E-01  0.3823849E-04
  0.5935000E-01  0.4034616E-04
  0.5940000E-01  0.4218788E-04
  0.5945000E-01  0.4375320E-04
  0.5950000E-01  0.4504387E-04
  0.5955000E-01  0.4607094E-04
  0.5960000E-01  0.4685139E-04
  0.5965000E-01  0.4740452E-04
  0.5970000E-01  0.4774858E-04
  0.5975000E-01  0.4789801E-04
  0.5980000E-01  0.4786131E-04
  0.5985000E-01  0.4763993E-04
  0.5990000E-01  0.4722808E-04
  0.5995000E-01  0.4661364E-04
  0.6000000E-01  0.4577998E-04
  0.6005000E-01  0.4470859E-04
  0.6010000E-01  0.4338230E-04
  0.6015000E-01  0.4178879E-04
  0.6020000E-01  0.3992415E-04
  0.6025000E-01  0.3779583E-04
  0.6030000E-01  0.3542492E-04
  0.6035000E-01  0.3284724E-04
  0.6040000E-01  0.3011296E-04
  0.6045000E-01  0.2728492E-04
  0.6050000E-01  0.2443543E-04
  0.6055000E-01  0.2164217E-04
  0.6060000E-01  0.1898333E-04
  0.6065000E-01  0.1653251E-04
  0.6070000E-01  0.1435407E-04
  0.6075000E-01  0.1249912E-04
  0.6080000E-01  0.1100269E-04
  0.6085000E-01  0.9882165E-05
  0.6090000E-01  0.9137162E-05
  0.6095000E-01  0.8750751E-05
  0.6100000E-01  0.8691842E-05
  0.6105000E-01  0.8918373E-05
  0.6110000E-01  0.9380976E-05
  0.6115000E-01  0.1002675E-04
  0.6120000E-01  0.1080279E-04
  0.6125000E-01  0.1165924E-04
  0.6130000E-01  0.1255164E-04
  0.6135000E-01  0.1344243E-04
  0.6140000E-01  0.1430168E-04
  0.6145000E-01  0.1510709E-04
  0.6150000E-01  0.1584340E-04
  0.6155000E-01  0.1650139E-04
  0.6160000E-01  0.1707669E-04
  0.6165000E-01  0.1756844E-04
  0.6170000E-01  0.1797813E-04
  0.6175000E-01  0.1830856E-04
  0.6180000E-01  0.1856299E-04
  0.6185000E-01  0.1874457E-04
  0.6190000E-01  0.1885596E-04
  0.6195000E-01  0.1889900E-04
  0.6200000E-01  0.1887461E-04
  0.6205000E-01  0.1878267E-04
  0.6210000E-01  0.1862209E-04
  0.6215000E-01  0.1839078E-04
  0.6220000E-01  0.1808582E-04
  0.6225000E-01  0.1770376E-04
  0.6230000E-01  0.1724102E-04
  0.6235000E-01  0.1669454E-04
  0.6240000E-01  0.1606266E-04
  0.6245000E-01  0.1534626E-04
  0.6250000E-01  0.1455002E-04
  0.6255000E-01  0.1368370E-04
  0.6260000E-01  0.1276337E-04
  0.6265000E-01  0.1181230E-04
  0.6270000E-01  0.1086143E-04
  0.6275000E-01  0.9949180E-05
  0.6280000E-01  0.9120484E-05
  0.6285000E-01  0.8425059E-05
  0.6290000E-01  0.7914813E-05
  0.6295000E-01  0.7640608E-05
  0.6300000E-01  0.7648536E-05
  0.6305000E-01  0.7976019E-05
  0.6310000E-01  0.8648092E-05
  0.6315000E-01  0.9674153E-05
  0.6320000E-01  0.1104568E-04
  0.6325000E-01  0.1273509E-04
  0.6330000E-01  0.1469596E-04
  0.6335000E-01  0.1686468E-04
  0.6340000E-01  0.1916357E-04
  0.6345000E-01  0.2150509E-04
  0.6350000E-01  0.2379700E-04
  0.6355000E-01  0.2594794E-04
  0.6360000E-01  0.2787295E-04
  0.6365000E-01  0.2949846E-04
  0.6370000E-01  0.3076641E-04
  0.6375000E-01  0.3163699E-04
  0.6380000E-01  0.3209007E-04
  0.6385000E-01  0.3212494E-04
  0.6390000E-01  0.3175892E-04
  0.6395000E-01  0.3102455E-04
  0.6400000E-01  0.2996621E-04
  0.6405000E-01  0.2863619E-04
  0.6410000E-01  0.2709082E-04
  0.6415000E-01  0.2538683E-04
  0.6420000E-01  0.2357833E-04
  0.6425000E-01  0.2171453E-04
  0.6430000E-01  0.1983822E-04
  0.6435000E-01  0.1798501E-04
  0.6440000E-01  0.1618316E-04
  0.6445000E-01  0.1445397E-04
  0.6450000E-01  0.1281255E-04
  0.6455000E-01  0.1126869E-04
  0.6460000E-01  0.9827915E-05
  0.6465000E-01  0.8492398E-05
  0.6470000E-01  0.7261849E-05
  0.6475000E-01  0.6134242E-05
  0.6480000E-01  0.5106407E-05
  0.6485000E-01  0.4174463E-05
  0.6490000E-01  0.3334150E-05
  0.6495000E-01  0.2581026E-05
  0.6500000E-01  0.1910593E-05
  0.6505000E-01  0.1318349E-05
  0.6510000E-01  0.7997987E-06
  0.6515000E-01  0.3504500E-06
  0.6520000E-01 -0.3419264E-07
  0.6525000E-01 -0.3586332E-06
  0.6530000E-01 -0.6273700E-06
  0.6535000E-01 -0.8448803E-06
  0.6540000E-01 -0.1015609E-05
  0.6545000E-01 -0.1143946E-05
  0.6550000E-01 -0.1234201E-05
  0.6555000E-01 -0.1290567E-05
  0.6560000E-01 -0.1317087E-05
  0.6565000E-01 -0.1317621E-05
  0.6570000E-01 -0.1295822E-05
  0.6575000E-01 -0.1255120E-05
  0.6580000E-01 -0.1198697E-05
  0.6585000E-01 -0.1129485E-05
  0.6590000E-01 -0.1050159E-05
  0.6595000E-01 -0.9631287E-06
  0.6600000E-01 -0.8705386E-06
  0.6605000E-01 -0.7742712E-06
  0.6610000E-01 -0.6759643E-06
  0.6615000E-01 -0.5770212E-06
  0.6620000E-01 -0.4786231E-06
  0.6625000E-01 -0.3817489E-06
  0.6630000E-01 -0.2871884E-06
  0.6635000E-01 -0.1955596E-06
  0.6640000E-01 -0.1073192E-06
  0.6645000E-01 -0.2277703E-07
  0.6650000E-01  0.5788056E-07
  0.6655000E-01  0.1345749E-06
  0.6660000E-01  0.2073331E-06
  0.6665000E-01  0.2762728E-06
  0.6670000E-01  0.3415870E-06
  0.6675000E-01  0.4035351E-06
  0.6680000E-01  0.4624355E-06
  0.6685000E-01  0.5186575E-06
  0.6690000E-01  0.5726111E-06
  0.6695000E-01  0.6247327E-06
  0.6700000E-01  0.6754859E-06
  0.6705000E-01  0.7253510E-06
  0.6710000E-01  0.7748215E-06
  0.6715000E-01  0.8243966E-06
  0.6720000E-01  0.8745722E-06
  0.6725000E-01  0.9258401E-06
  0.6730000E-01  0.9786858E-06
  0.6735000E-01  0.1033590E-05
  0.6740000E-01  0.1091014E-05
  0.6745000E-01  0.1151393E-05
  0.6750000E-01  0.1215141E-05
  0.6755000E-01  0.1282646E-05
  0.6760000E-01  0.1354255E-05
  0.6765000E-01  0.1430267E-05
  0.6770000E-01  0.1510933E-05
  0.6775000E-01  0.1596454E-05
  0.6780000E-01  0.1686985E-05
  0.6785000E-01  0.1782635E-05
  0.6790000E-01  0.1883465E-05
  0.6795000E-01  0.1989485E-05
  0.6800000E-01  0.2100659E-05
  0.6805000E-01  0.2216904E-05
  0.6810000E-01  0.2338073E-05
  0.6815000E-01  0.2463952E-05
  0.6820000E-01  0.2594278E-05
  0.6825000E-01  0.2728733E-05
  0.6830000E-01  0.2866945E-05
  0.6835000E-01  0.3008489E-05
  0.6840000E-01  0.3152898E-05
  0.6845000E-01  0.3299670E-05
  0.6850000E-01  0.3448265E-05
  0.6855000E-01  0.3598099E-05
  0.6860000E-01  0.3748539E-05
  0.6865000E-01  0.3898905E-05
  0.6870000E-01  0.4048480E-05
  0.6875000E-01  0.4196516E-05
  0.6880000E-01  0.4342252E-05
  0.6885000E-01  0.4484905E-05
  0.6890000E-01  0.4623672E-05
  0.6895000E-01  0.4757747E-05
  0.6900000E-01  0.4886313E-05
  0.6905000E-01  0.5008558E-05
  0.6910000E-01  0.5123681E-05
  0.6915000E-01  0.5230906E-05
  0.6920000E-01  0.5329500E-05
  0.6925000E-01  0.5418754E-05
  0.6930000E-01  0.5497990E-05
  0.6935000E-01  0.5566572E-05
  0.6940000E-01  0.5623918E-05
  0.6945000E-01  0.5669515E-05
  0.6950000E-01  0.5702916E-05
  0.6955000E-01  0.5723734E-05
  0.6960000E-01  0.5731667E-05
  0.6965000E-01  0.5726511E-05
  0.6970000E-01  0.5708152E-05
  0.6975000E-01  0.5676562E-05
  0.6980000E-01  0.5631812E-05
  0.6985000E-01  0.5574082E-05
  0.6990000E-01  0.5503660E-05
  0.6995000E-01  0.5420929E-05
  0.7000000E-01  0.5326374E-05
  0.7005000E-01  0.5220575E-05
  0.7010000E-01  0.5104213E-05
  0.7015000E-01  0.4978060E-05
  0.7020000E-01  0.4842960E-05
  0.7025000E-01  0.4699834E-05
  0.7030000E-01  0.4549666E-05
  0.7035000E-01  0.4393492E-05
  0.7040000E-01  0.4232383E-05
  0.7045000E-01  0.4067436E-05
  0.7050000E-01  0.3899760E-05
  0.7055000E-01  0.3730477E-05
  0.7060000E-01  0.3560700E-05
  0.7065000E-01  0.3391516E-05
  0.7070000E-01  0.3223954E-05
  0.7075000E-01  0.3058994E-05
  0.7080000E-01  0.2897542E-05
  0.7085000E-01  0.2740422E-05
  0.7090000E-01  0.2588356E-05
  0.7095000E-01  0.2441967E-05
  0.7100000E-01  0.2301766E-05
  0.7105000E-01  0.2168148E-05
  0.7110000E-01  0.2041384E-05
  0.7115000E-01  0.1921635E-05
  0.7120000E-01  0.1808965E-05
  0.7125000E-01  0.1703334E-05
  0.7130000E-01  0.1604613E-05
  0.7135000E-01  0.1512595E-05
  0.7140000E-01  0.1427015E-05
  0.7145000E-01  0.1347563E-05
  0.7150000E-01  0.1273903E-05
  0.7155000E-01  0.1205692E-05
  0.7160000E-01  0.1142602E-05
  0.7165000E-01  0.1084337E-05
  0.7170000E-01  0.1030646E-05
  0.7175000E-01  0.9813462E-06
  0.7180000E-01  0.9363370E-06
  0.7185000E-01  0.8956036E-06
  0.7190000E-01  0.8592256E-06
  0.7195000E-01  0.8273873E-06
  0.7200000E-01  0.8003847E-06
  0.7205000E-01  0.7786330E-06
  0.7210000E-01  0.7626605E-06
  0.7215000E-01  0.7531029E-06
  0.7220000E-01  0.7506985E-06
  0.7225000E-01  0.7562749E-06
  0.7230000E-01  0.7707301E-06
  0.7235000E-01  0.7950194E-06
  0.7240000E-01  0.8301402E-06
  0.7245000E-01  0.8771180E-06
  0.7250000E-01  0.9369885E-06
  0.7255000E-01  0.1010767E-05
  0.7260000E-01  0.1099400E-05
  0.7265000E-01  0.1203769E-05
  0.7270000E-01  0.1324671E-05
  0.7275000E-01  0.1462810E-05
  0.7280000E-01  0.1618769E-05
  0.7285000E-01  0.1793001E-05
  0.7290000E-01  0.1985822E-05
  0.7295000E-01  0.2197397E-05
  0.7300000E-01  0.2427712E-05
  0.7305000E-01  0.2676565E-05
  0.7310000E-01  0.2943565E-05
  0.7315000E-01  0.3228136E-05
  0.7320000E-01  0.3529519E-05
  0.7325000E-01  0.3846778E-05
  0.7330000E-01  0.4178824E-05
  0.7335000E-01  0.4524419E-05
  0.7340000E-01  0.4882178E-05
  0.7345000E-01  0.5250596E-05
  0.7350000E-01  0.5628069E-05
  0.7355000E-01  0.6012886E-05
  0.7360000E-01  0.6403255E-05
  0.7365000E-01  0.6797287E-05
  0.7370000E-01  0.7193013E-05
  0.7375000E-01  0.7588452E-05
  0.7380000E-01  0.7981633E-05
  0.7385000E-01  0.8370588E-05
  0.7390000E-01  0.8753367E-05
  0.7395000E-01  0.9128034E-05
  0.7400000E-01  0.9492676E-05
  0.7405000E-01  0.9845410E-05
  0.7410000E-01  0.1018445E-04
  0.7415000E-01  0.1050814E-04
  0.7420000E-01  0.1081495E-04
  0.7425000E-01  0.1110348E-04
  0.7430000E-01  0.1137241E-04
  0.7435000E-01  0.1162050E-04
  0.7440000E-01  0.1184665E-04
  0.7445000E-01  0.1204985E-04
  0.7450000E-01  0.1222921E-04
  0.7455000E-01  0.1238394E-04
  0.7460000E-01  0.1251337E-04
  0.7465000E-01  0.1261699E-04
  0.7470000E-01  0.1269443E-04
  0.7475000E-01  0.1274554E-04
  0.7480000E-01  0.1277033E-04
  0.7485000E-01  0.1276897E-04
  0.7490000E-01  0.1274183E-04
  0.7495000E-01  0.1268943E-04
  0.7500000E-01  0.1261242E-04
  0.7505000E-01  0.1251154E-04
  0.7510000E-01  0.1238767E-04
  0.7515000E-01  0.1224179E-04
  0.7520000E-01  0.1207498E-04
  0.7525000E-01  0.1188842E-04
  0.7530000E-01  0.1168337E-04
  0.7535000E-01  0.1146121E-04
  0.7540000E-01  0.1122338E-04
  0.7545000E-01  0.1097136E-04
  0.7550000E-01  0.1070667E-04
  0.7555000E-01  0.1043086E-04
  0.7560000E-01  0.1014544E-04
  0.7565000E-01  0.9851914E-05
  0.7570000E-01  0.9551739E-05
  0.7575000E-01  0.9246375E-05
  0.7580000E-01  0.8937232E-05
  0.7585000E-01  0.8625657E-05
  0.7590000E-01  0.8312911E-05
  0.7595000E-01  0.8000183E-05
  0.7600000E-01  0.7688598E-05
  0.7605000E-01  0.7379203E-05
  0.7610000E-01  0.7072954E-05
  0.7615000E-01  0.6770682E-05
  0.7620000E-01  0.6473099E-05
  0.7625000E-01  0.6180830E-05
  0.7630000E-01  0.5894427E-05
  0.7635000E-01  0.5614372E-05
  0.7640000E-01  0.5341083E-05
  0.7645000E-01  0.5074929E-05
  0.7650000E-01  0.4816258E-05
  0.7655000E-01  0.4565391E-05
  0.7660000E-01  0.4322638E-05
  0.7665000E-01  0.4088318E-05
  0.7670000E-01  0.3862788E-05
  0.7675000E-01  0.3646422E-05
  0.7680000E-01  0.3439580E-05
  0.7685000E-01  0.3242577E-05
  0.7690000E-01  0.3055652E-05
  0.7695000E-01  0.2878933E-05
  0.7700000E-01  0.2712383E-05
  0.7705000E-01  0.2555728E-05
  0.7710000E-01  0.2408391E-05
  0.7715000E-01  0.2269414E-05
  0.7720000E-01  0.2137382E-05
  0.7725000E-01  0.2010372E-05
  0.7730000E-01  0.1885924E-05
  0.7735000E-01  0.1760976E-05
  0.7740000E-01  0.1631843E-05
  0.7745000E-01  0.1494218E-05
  0.7750000E-01  0.1343224E-05
  0.7755000E-01  0.1173441E-05
  0.7760000E-01  0.9789962E-06
  0.7765000E-01  0.7536663E-06
  0.7770000E-01  0.4909926E-06
  0.7775000E-01  0.1844614E-06
  0.7780000E-01 -0.1723344E-06
  0.7785000E-01 -0.5855294E-06
  0.7790000E-01 -0.1060819E-05
  0.7795000E-01 -0.1603245E-05
  0.7800000E-01 -0.2217081E-05
  0.7805000E-01 -0.2905757E-05
  0.7810000E-01 -0.3671770E-05
  0.7815000E-01 -0.4516676E-05
  0.7820000E-01 -0.5441113E-05
  0.7825000E-01 -0.6444876E-05
  0.7830000E-01 -0.7527014E-05
  0.7835000E-01 -0.8685961E-05
  0.7840000E-01 -0.9919613E-05
  0.7845000E-01 -0.1122534E-04
  0.7850000E-01 -0.1260012E-04
  0.7855000E-01 -0.1404066E-04
  0.7860000E-01 -0.1554341E-04
  0.7865000E-01 -0.1710465E-04
  0.7870000E-01 -0.1872037E-04
  0.7875000E-01 -0.2038620E-04
  0.7880000E-01 -0.2209740E-04
  0.7885000E-01 -0.2384862E-04
  0.7890000E-01 -0.2563380E-04
  0.7895000E-01 -0.2744593E-04
  0.7900000E-01 -0.2927689E-04
  0.7905000E-01 -0.3111740E-04
  0.7910000E-01 -0.3295681E-04
  0.7915000E-01 -0.3478309E-04
  0.7920000E-01 -0.3658295E-04
  0.7925000E-01 -0.3834215E-04
  0.7930000E-01 -0.4004564E-04
  0.7935000E-01 -0.4167773E-04
  0.7940000E-01 -0.4322233E-04
  0.7945000E-01 -0.4466338E-04
  0.7950000E-01 -0.4598514E-04
  0.7955000E-01 -0.4717248E-04
  0.7960000E-01 -0.4821111E-04
  0.7965000E-01 -0.4908767E-04
  0.7970000E-01 -0.4978987E-04
  0.7975000E-01 -0.5030665E-04
  0.7980000E-01 -0.5062833E-04
  0.7985000E-01 -0.5074659E-04
  0.7990000E-01 -0.5065442E-04
  0.7995000E-01 -0.5034610E-04
  0.8000000E-01 -0.4981719E-04
  0.8005000E-01 -0.4906455E-04
  0.8010000E-01 -0.4808638E-04
  0.8015000E-01 -0.4688247E-04
  0.8020000E-01 -0.4545443E-04
  0.8025000E-01 -0.4380601E-04
  0.8030000E-01 -0.4194346E-04
  0.8035000E-01 -0.3987595E-04
  0.8040000E-01 -0.3761591E-04
  0.8045000E-01 -0.3517927E-04
  0.8050000E-01 -0.3258589E-04
  0.8055000E-01 -0.2985973E-04
  0.8060000E-01 -0.2702887E-04
  0.8065000E-01 -0.2412535E-04
  0.8070000E-01 -0.2118496E-04
  0.8075000E-01 -0.1824674E-04
  0.8080000E-01 -0.1535235E-04
  0.8085000E-01 -0.1254519E-04
  0.8090000E-01 -0.9869447E-05
  0.8095000E-01 -0.7368951E-05
  0.8100000E-01 -0.5085860E-05
  0.8105000E-01 -0.3059419E-05
  0.8110000E-01 -0.1324767E-05
  0.8115000E-01  0.8817949E-07
  0.8120000E-01  0.1155715E-05
  0.8125000E-01  0.1861138E-05
  0.8130000E-01  0.2195336E-05
  0.8135000E-01  0.2157088E-05
  0.8140000E-01  0.1753094E-05
  0.8145000E-01  0.9977236E-06
  0.8150000E-01 -0.8754680E-07
  0.8155000E-01 -0.1474819E-05
  0.8160000E-01 -0.3130681E-05
  0.8165000E-01 -0.5017418E-05
  0.8170000E-01 -0.7094234E-05
  0.8175000E-01 -0.9318609E-05
  0.8180000E-01 -0.1164753E-04
  0.8185000E-01 -0.1403869E-04
  0.8190000E-01 -0.1645164E-04
  0.8195000E-01 -0.1884856E-04
  0.8200000E-01 -0.2119498E-04
  0.8205000E-01 -0.2346018E-04
  0.8210000E-01 -0.2561740E-04
  0.8215000E-01 -0.2764385E-04
  0.8220000E-01 -0.2952055E-04
  0.8225000E-01 -0.3123192E-04
  0.8230000E-01 -0.3276530E-04
  0.8235000E-01 -0.3411030E-04
  0.8240000E-01 -0.3525820E-04
  0.8245000E-01 -0.3620145E-04
  0.8250000E-01 -0.3693318E-04
  0.8255000E-01 -0.3744696E-04
  0.8260000E-01 -0.3773673E-04
  0.8265000E-01 -0.3779686E-04
  0.8270000E-01 -0.3762239E-04
  0.8275000E-01 -0.3720952E-04
  0.8280000E-01 -0.3655603E-04
  0.8285000E-01 -0.3566197E-04
  0.8290000E-01 -0.3453028E-04
  0.8295000E-01 -0.3316744E-04
  0.8300000E-01 -0.3158395E-04
  0.8305000E-01 -0.2979482E-04
  0.8310000E-01 -0.2781977E-04
  0.8315000E-01 -0.2568324E-04
  0.8320000E-01 -0.2341418E-04
  0.8325000E-01 -0.2104560E-04
  0.8330000E-01 -0.1861385E-04
  0.8335000E-01 -0.1615774E-04
  0.8340000E-01 -0.1371746E-04
  0.8345000E-01 -0.1133332E-04
  0.8350000E-01 -0.9044496E-05
  0.8355000E-01 -0.6887647E-05
  0.8360000E-01 -0.4895621E-05
  0.8365000E-01 -0.3096377E-05
  0.8370000E-01 -0.1512043E-05
  0.8375000E-01 -0.1582009E-06
  0.8380000E-01  0.9565687E-06
  0.8385000E-01  0.1830814E-05
  0.8390000E-01  0.2470096E-05
  0.8395000E-01  0.2886511E-05
  0.8400000E-01  0.3097966E-05
  0.8405000E-01  0.3127330E-05
  0.8410000E-01  0.3001326E-05
  0.8415000E-01  0.2749364E-05
  0.8420000E-01  0.2402387E-05
  0.8425000E-01  0.1991662E-05
  0.8430000E-01  0.1547669E-05
  0.8435000E-01  0.1099107E-05
  0.8440000E-01  0.6721101E-06
  0.8445000E-01  0.2896400E-06
  0.8450000E-01 -0.2891817E-07
  0.8455000E-01 -0.2679317E-06
  0.8460000E-01 -0.4154819E-06
  0.8465000E-01 -0.4630898E-06
  0.8470000E-01 -0.4053413E-06
  0.8475000E-01 -0.2394271E-06
  0.8480000E-01  0.3534729E-07
  0.8485000E-01  0.4180533E-06
  0.8490000E-01  0.9065381E-06
  0.8495000E-01  0.1497714E-05
  0.8500000E-01  0.2187723E-05
  0.8505000E-01  0.2971950E-05
  0.8510000E-01  0.3844872E-05
  0.8515000E-01  0.4799756E-05
  0.8520000E-01  0.5828225E-05
  0.8525000E-01  0.6919806E-05
  0.8530000E-01  0.8061493E-05
  0.8535000E-01  0.9237322E-05
  0.8540000E-01  0.1042809E-04
  0.8545000E-01  0.1161125E-04
  0.8550000E-01  0.1276112E-04
  0.8555000E-01  0.1384927E-04
  0.8560000E-01  0.1484527E-04
  0.8565000E-01  0.1571763E-04
  0.8570000E-01  0.1643510E-04
  0.8575000E-01  0.1696805E-04
  0.8580000E-01  0.1728999E-04
  0.8585000E-01  0.1737932E-04
  0.8590000E-01  0.1722086E-04
  0.8595000E-01  0.1680728E-04
  0.8600000E-01  0.1614004E-04
  0.8605000E-01  0.1523004E-04
  0.8610000E-01  0.1409777E-04
  0.8615000E-01  0.1277284E-04
  0.8620000E-01  0.1129311E-04
  0.8625000E-01  0.9703358E-05
  0.8630000E-01  0.8053592E-05
  0.8635000E-01  0.6396929E-05
  0.8640000E-01  0.4787290E-05
  0.8645000E-01  0.3277011E-05
  0.8650000E-01  0.1914591E-05
  0.8655000E-01  0.7426386E-06
  0.8660000E-01 -0.2038187E-06
  0.8665000E-01 -0.8985831E-06
  0.8670000E-01 -0.1325107E-05
  0.8675000E-01 -0.1476778E-05
  0.8680000E-01 -0.1356735E-05
  0.8685000E-01 -0.9772291E-06
  0.8690000E-01 -0.3586181E-06
  0.8695000E-01  0.4719267E-06
  0.8700000E-01  0.1481878E-05
  0.8705000E-01  0.2634891E-05
  0.8710000E-01  0.3892332E-05
  0.8715000E-01  0.5214718E-05
  0.8720000E-01  0.6562993E-05
  0.8725000E-01  0.7899610E-05
  0.8730000E-01  0.9189423E-05
  0.8735000E-01  0.1040036E-04
  0.8740000E-01  0.1150382E-04
  0.8745000E-01  0.1247502E-04
  0.8750000E-01  0.1329304E-04
  0.8755000E-01  0.1394081E-04
  0.8760000E-01  0.1440504E-04
  0.8765000E-01  0.1467610E-04
  0.8770000E-01  0.1474795E-04
  0.8775000E-01  0.1461802E-04
  0.8780000E-01  0.1428713E-04
  0.8785000E-01  0.1375944E-04
  0.8790000E-01  0.1304243E-04
  0.8795000E-01  0.1214692E-04
  0.8800000E-01  0.1108711E-04
  0.8805000E-01  0.9880554E-05
  0.8810000E-01  0.8548053E-05
  0.8815000E-01  0.7113511E-05
  0.8820000E-01  0.5603580E-05
  0.8825000E-01  0.4047259E-05
  0.8830000E-01  0.2475356E-05
  0.8835000E-01  0.9198337E-06
  0.8840000E-01 -0.5869737E-06
  0.8845000E-01 -0.2013212E-05
  0.8850000E-01 -0.3328343E-05
  0.8855000E-01 -0.4503986E-05
  0.8860000E-01 -0.5514659E-05
  0.8865000E-01 -0.6338346E-05
  0.8870000E-01 -0.6956891E-05
  0.8875000E-01 -0.7356153E-05
  0.8880000E-01 -0.7525905E-05
  0.8885000E-01 -0.7459415E-05
  0.8890000E-01 -0.7152777E-05
  0.8895000E-01 -0.6604016E-05
  0.8900000E-01 -0.5812075E-05
  0.8905000E-01 -0.4775689E-05
  0.8910000E-01 -0.3492193E-05
  0.8915000E-01 -0.1956305E-05
  0.8920000E-01 -0.1590470E-06
  0.8925000E-01  0.1913004E-05
  0.8930000E-01  0.4278405E-05
  0.8935000E-01  0.6961293E-05
  0.8940000E-01  0.9991684E-05
  0.8945000E-01  0.1340543E-04
  0.8950000E-01  0.1724356E-04
  0.8955000E-01  0.2155126E-04
  0.8960000E-01  0.2637638E-04
  0.8965000E-01  0.3176744E-04
  0.8970000E-01  0.3777112E-04
  0.8975000E-01  0.4442904E-04
  0.8980000E-01  0.5177421E-04
  0.8985000E-01  0.5982674E-04
  0.8990000E-01  0.6858957E-04
  0.8995000E-01  0.7804407E-04
  0.9000000E-01  0.8814580E-04
  0.9005000E-01  0.9882106E-04
  0.9010000E-01  0.1099643E-03
  0.9015000E-01  0.1214369E-03
  0.9020000E-01  0.1330676E-03
  0.9025000E-01  0.1446549E-03
  0.9030000E-01  0.1559712E-03
  0.9035000E-01  0.1667693E-03
  0.9040000E-01  0.1767903E-03
  0.9045000E-01  0.1857733E-03
  0.9050000E-01  0.1934660E-03
  0.9055000E-01  0.1996356E-03
  0.9060000E-01  0.2040800E-03
  0.9065000E-01  0.2066376E-03
  0.9070000E-01  0.2071964E-03
  0.9075000E-01  0.2056992E-03
  0.9080000E-01  0.2021472E-03
  0.9085000E-01  0.1966009E-03
  0.9090000E-01  0.1891775E-03
  0.9095000E-01  0.1800453E-03
  0.9100000E-01  0.1694167E-03
  0.9105000E-01  0.1575375E-03
  0.9110000E-01  0.1446772E-03
  0.9115000E-01  0.1311173E-03
  0.9120000E-01  0.1171407E-03
  0.9125000E-01  0.1030217E-03
  0.9130000E-01  0.8901649E-04
  0.9135000E-01  0.7535610E-04
  0.9140000E-01  0.6224107E-04
  0.9145000E-01  0.4983831E-04
  0.9150000E-01  0.3827977E-04
  0.9155000E-01  0.2766282E-04
  0.9160000E-01  0.1805192E-04
  0.9165000E-01  0.9481489E-05
  0.9170000E-01  0.1959658E-05
  0.9175000E-01 -0.4527543E-05
  0.9180000E-01 -0.1001185E-04
  0.9185000E-01 -0.1453863E-04
  0.9190000E-01 -0.1816308E-04
  0.9195000E-01 -0.2094676E-04
  0.9200000E-01 -0.2295459E-04
  0.9205000E-01 -0.2425253E-04
  0.9210000E-01 -0.2490559E-04
  0.9215000E-01 -0.2497638E-04
  0.9220000E-01 -0.2452394E-04
  0.9225000E-01 -0.2360322E-04
  0.9230000E-01 -0.2226460E-04
  0.9235000E-01 -0.2055396E-04
  0.9240000E-01 -0.1851282E-04
  0.9245000E-01 -0.1617898E-04
  0.9250000E-01 -0.1358713E-04
  0.9255000E-01 -0.1076935E-04
  0.9260000E-01 -0.7755903E-05
  0.9265000E-01 -0.4576177E-05
  0.9270000E-01 -0.1259455E-05
  0.9275000E-01  0.2164517E-05
  0.9280000E-01  0.5665018E-05
  0.9285000E-01  0.9209868E-05
  0.9290000E-01  0.1276535E-04
  0.9295000E-01  0.1629630E-04
  0.9300000E-01  0.1976671E-04
  0.9305000E-01  0.2314033E-04
  0.9310000E-01  0.2638128E-04
  0.9315000E-01  0.2945460E-04
  0.9320000E-01  0.3232691E-04
  0.9325000E-01  0.3496708E-04
  0.9330000E-01  0.3734686E-04
  0.9335000E-01  0.3944134E-04
  0.9340000E-01  0.4122930E-04
  0.9345000E-01  0.4269336E-04
  0.9350000E-01  0.4381999E-04
  0.9355000E-01  0.4459931E-04
  0.9360000E-01  0.4502502E-04
  0.9365000E-01  0.4509420E-04
  0.9370000E-01  0.4480691E-04
  0.9375000E-01  0.4416598E-04
  0.9380000E-01  0.4317712E-04
  0.9385000E-01  0.4184874E-04
  0.9390000E-01  0.4019189E-04
  0.9395000E-01  0.3822043E-04
  0.9400000E-01  0.3595112E-04
  0.9405000E-01  0.3340375E-04
  0.9410000E-01  0.3060104E-04
  0.9415000E-01  0.2756863E-04
  0.9420000E-01  0.2433509E-04
  0.9425000E-01  0.2093181E-04
  0.9430000E-01  0.1739281E-04
  0.9435000E-01  0.1375427E-04
  0.9440000E-01  0.1005392E-04
  0.9445000E-01  0.6330448E-05
  0.9450000E-01  0.2622696E-05
  0.9455000E-01 -0.1031296E-05
  0.9460000E-01 -0.4595184E-05
  0.9465000E-01 -0.8034983E-05
  0.9470000E-01 -0.1131957E-04
  0.9475000E-01 -0.1442104E-04
  0.9480000E-01 -0.1731497E-04
  0.9485000E-01 -0.1998034E-04
  0.9490000E-01 -0.2239936E-04
  0.9495000E-01 -0.2455694E-04
  0.9500000E-01 -0.2644012E-04
  0.9505000E-01 -0.2803748E-04
  0.9510000E-01 -0.2933864E-04
  0.9515000E-01 -0.3033377E-04
  0.9520000E-01 -0.3101328E-04
  0.9525000E-01 -0.3136762E-04
  0.9530000E-01 -0.3138759E-04
  0.9535000E-01 -0.3106478E-04
  0.9540000E-01 -0.3039221E-04
  0.9545000E-01 -0.2936508E-04
  0.9550000E-01 -0.2798167E-04
  0.9555000E-01 -0.2624420E-04
  0.9560000E-01 -0.2415938E-04
  0.9565000E-01 -0.2173844E-04
  0.9570000E-01 -0.1899732E-04
  0.9575000E-01 -0.1595641E-04
  0.9580000E-01 -0.1263998E-04
  0.9585000E-01 -0.9075362E-05
  0.9590000E-01 -0.5291982E-05
  0.9595000E-01 -0.1320234E-05
  0.9600000E-01  0.2809551E-05
  0.9605000E-01  0.7068236E-05
  0.9610000E-01  0.1142901E-04
  0.9615000E-01  0.1586825E-04
  0.9620000E-01  0.2036585E-04
  0.9625000E-01  0.2490502E-04
  0.9630000E-01  0.2947176E-04
  0.9635000E-01  0.3405415E-04
  0.9640000E-01  0.3864140E-04
  0.9645000E-01  0.4322259E-04
  0.9650000E-01  0.4778516E-04
  0.9655000E-01  0.5231316E-04
  0.9660000E-01  0.5678576E-04
  0.9665000E-01  0.6117568E-04
  0.9670000E-01  0.6544825E-04
  0.9675000E-01  0.6956092E-04
  0.9680000E-01  0.7346359E-04
  0.9685000E-01  0.7709945E-04
  0.9690000E-01  0.8040649E-04
  0.9695000E-01  0.8331963E-04
  0.9700000E-01  0.8577393E-04
  0.9705000E-01  0.8770868E-04
  0.9710000E-01  0.8907171E-04
  0.9715000E-01  0.8982303E-04
  0.9720000E-01  0.8993915E-04
  0.9725000E-01  0.8941631E-04
  0.9730000E-01  0.8827272E-04
  0.9735000E-01  0.8654893E-04
  0.9740000E-01  0.8430712E-04
  0.9745000E-01  0.8162794E-04
  0.9750000E-01  0.7860632E-04
  0.9755000E-01  0.7534459E-04
  0.9760000E-01  0.7194495E-04
  0.9765000E-01  0.6850090E-04
  0.9770000E-01  0.6509007E-04
  0.9775000E-01  0.6176629E-04
  0.9780000E-01  0.5855408E-04
  0.9785000E-01  0.5544495E-04
  0.9790000E-01  0.5239708E-04
  0.9795000E-01  0.4933628E-04
  0.9800000E-01  0.4616184E-04
  0.9805000E-01  0.4275322E-04
  0.9810000E-01  0.3897929E-04
  0.9815000E-01  0.3470847E-04
  0.9820000E-01  0.2982024E-04
  0.9825000E-01  0.2421520E-04
  0.9830000E-01  0.1782473E-04
  0.9835000E-01  0.1061788E-04
  0.9840000E-01  0.2606674E-05
  0.9845000E-01 -0.6151569E-05
  0.9850000E-01 -0.1555436E-04
  0.9855000E-01 -0.2545695E-04
  0.9860000E-01 -0.3567731E-04
  0.9865000E-01 -0.4600307E-04
  0.9870000E-01 -0.5620002E-04
  0.9875000E-01 -0.6602172E-04
  0.9880000E-01 -0.7521962E-04
  0.9885000E-01 -0.8355327E-04
  0.9890000E-01 -0.9080013E-04
  0.9895000E-01 -0.9676460E-04
  0.9900000E-01 -0.1012863E-03
  0.9905000E-01 -0.1042466E-03
  0.9910000E-01 -0.1055732E-03
  0.9915000E-01 -0.1052430E-03
  0.9920000E-01 -0.1032833E-03
  0.9925000E-01 -0.9976941E-04
  0.9930000E-01 -0.9482209E-04
  0.9935000E-01 -0.8860173E-04
  0.9940000E-01 -0.8130232E-04
  0.9945000E-01 -0.7314458E-04
  0.9950000E-01 -0.6436972E-04
  0.9955000E-01 -0.5523329E-04
  0.9960000E-01 -0.4600011E-04
  0.9965000E-01 -0.3694009E-04
  0.9970000E-01 -0.2832475E-04
  0.9975000E-01 -0.2042328E-04
  0.9980000E-01 -0.1349732E-04
  0.9985000E-01 -0.7793575E-05
  0.9990000E-01 -0.3532594E-05
  0.9995000E-01 -0.8942255E-06
  0.1000000E+00  0.0000000E+00
