  0.50000000E-04  0.32548267E-08
  0.10000000E-03  0.38221896E-09
  0.15000000E-03  0.27586877E-09
  0.20000000E-03 -0.63192546E-09
  0.25000000E-03  0.40526819E-08
  0.30000000E-03 -0.33408254E-08
  0.35000000E-03  0.11479926E-08
  0.40000000E-03 -0.13951352E-08
  0.45000000E-03 -0.27426273E-09
  0.50000000E-03  0.42899597E-08
  0.55000000E-03 -0.17701575E-08
  0.60000000E-03 -0.20511499E-08
  0.65000000E-03  0.35823953E-08
  0.70000000E-03 -0.38429113E-08
  0.75000000E-03 -0.18326396E-08
  0.80000000E-03 -0.38035366E-08
  0.85000000E-03  0.39514208E-08
  0.90000000E-03  0.20193392E-08
  0.95000000E-03  0.69515705E-10
  0.10000000E-02  0.46716452E-08
  0.10500000E-02 -0.20195737E-08
  0.11000000E-02  0.20538223E-08
  0.11500000E-02  0.16483670E-08
  0.12000000E-02 -0.22182101E-08
  0.12500000E-02  0.11067140E-08
  0.13000000E-02  0.65935731E-09
  0.13500000E-02 -0.13300329E-08
  0.14000000E-02  0.24671096E-08
  0.14500000E-02  0.16083145E-08
  0.15000000E-02 -0.43664207E-08
  0.15500000E-02  0.10601109E-08
  0.16000000E-02 -0.21153063E-08
  0.16500000E-02 -0.46279792E-08
  0.17000000E-02 -0.15394396E-08
  0.17500000E-02 -0.36399366E-08
  0.18000000E-02  0.12286097E-08
  0.18500000E-02 -0.25495118E-08
  0.19000000E-02  0.16502726E-08
  0.19500000E-02  0.41907132E-08
  0.20000000E-02  0.27171165E-08
  0.20500000E-02  0.21009141E-08
  0.21000000E-02 -0.22785726E-08
  0.21500000E-02  0.16851962E-09
  0.22000000E-02  0.33531100E-08
  0.22500000E-02  0.26566017E-08
  0.23000000E-02  0.71980894E-09
  0.23500000E-02  0.22699112E-08
  0.24000000E-02  0.26465899E-08
  0.24500000E-02 -0.46677274E-08
  0.25000000E-02  0.35062778E-08
  0.25500000E-02 -0.16400054E-08
  0.26000000E-02  0.42344904E-08
  0.26500000E-02 -0.43962641E-08
  0.27000000E-02 -0.40788155E-08
  0.27500000E-02  0.31901300E-08
  0.28000000E-02 -0.58358639E-09
  0.28500000E-02  0.20910925E-08
  0.29000000E-02 -0.89985281E-09
  0.29500000E-02 -0.14545950E-08
  0.30000000E-02 -0.41758081E-08
  0.30500000E-02 -0.25771472E-08
  0.31000000E-02  0.34392506E-08
  0.31500000E-02 -0.41262840E-08
  0.32000000E-02 -0.44206764E-08
  0.32500000E-02 -0.11727041E-08
  0.33000000E-02  0.82045913E-09
  0.33500000E-02 -0.17257598E-08
  0.34000000E-02  0.63125491E-10
  0.34500000E-02  0.42454731E-08
  0.35000000E-02 -0.74928939E-09
  0.35500000E-02 -0.11734366E-09
  0.36000000E-02 -0.16519180E-08
  0.36500000E-02  0.46941060E-08
  0.37000000E-02 -0.38769295E-08
  0.37500000E-02 -0.82696199E-09
  0.38000000E-02 -0.10141572E-08
  0.38500000E-02  0.16724247E-08
  0.39000000E-02 -0.45265704E-09
  0.39500000E-02  0.86847007E-09
  0.40000000E-02  0.42921913E-08
  0.40500000E-02 -0.43199987E-08
  0.41000000E-02  0.14909703E-08
  0.41500000E-02 -0.93827099E-09
  0.42000000E-02 -0.11596441E-09
  0.42500000E-02 -0.40467212E-08
  0.43000000E-02  0.62886953E-09
  0.43500000E-02 -0.27743617E-08
  0.44000000E-02  0.21605176E-08
  0.44500000E-02  0.51642299E-09
  0.45000000E-02 -0.43323120E-08
  0.45500000E-02 -0.14588681E-08
  0.46000000E-02  0.55054545E-09
  0.46500000E-02 -0.33556125E-08
  0.47000000E-02  0.21882582E-08
  0.47500000E-02 -0.25034969E-08
  0.48000000E-02 -0.27677776E-08
  0.48500000E-02  0.20794660E-08
  0.49000000E-02  0.48172760E-08
  0.49500000E-02  0.13831711E-08
  0.50000000E-02  0.15971512E-08
  0.50500000E-02  0.28691900E-08
  0.51000000E-02 -0.18375933E-09
  0.51500000E-02  0.20395654E-08
  0.52000000E-02  0.90027690E-09
  0.52500000E-02 -0.28947684E-08
  0.53000000E-02 -0.12302008E-08
  0.53500000E-02  0.45842093E-08
  0.54000000E-02 -0.28202619E-08
  0.54500000E-02  0.40388417E-08
  0.55000000E-02  0.10009825E-09
  0.55500000E-02 -0.26095954E-08
  0.56000000E-02  0.18969518E-08
  0.56500000E-02 -0.37018719E-08
  0.57000000E-02  0.17810225E-09
  0.57500000E-02  0.32214755E-08
  0.58000000E-02 -0.37147343E-09
  0.58500000E-02 -0.31544793E-08
  0.59000000E-02  0.26602745E-10
  0.59500000E-02  0.31291258E-08
  0.60000000E-02  0.21506047E-08
  0.60500000E-02  0.34804249E-08
  0.61000000E-02 -0.44821973E-08
  0.61500000E-02  0.36962444E-08
  0.62000000E-02 -0.17142496E-08
  0.62500000E-02 -0.22765023E-08
  0.63000000E-02 -0.44146478E-10
  0.63500000E-02  0.12816083E-08
  0.64000000E-02  0.43355644E-08
  0.64500000E-02  0.21784222E-08
  0.65000000E-02 -0.26436406E-08
  0.65500000E-02 -0.11612362E-08
  0.66000000E-02  0.38167864E-08
  0.66500000E-02  0.11055577E-08
  0.67000000E-02 -0.27234660E-08
  0.67500000E-02 -0.38257373E-08
  0.68000000E-02 -0.46662438E-08
  0.68500000E-02  0.13172895E-08
  0.69000000E-02  0.38044667E-08
  0.69500000E-02  0.47589332E-08
  0.70000000E-02 -0.12876341E-08
  0.70500000E-02  0.25879318E-08
  0.71000000E-02 -0.88530928E-09
  0.71500000E-02  0.37258643E-08
  0.72000000E-02  0.26329517E-08
  0.72500000E-02 -0.38316377E-08
  0.73000000E-02  0.18686086E-08
  0.73500000E-02  0.29111791E-08
  0.74000000E-02 -0.43842801E-08
  0.74500000E-02  0.34631330E-08
  0.75000000E-02  0.28560901E-08
  0.75500000E-02 -0.23970595E-08
  0.76000000E-02  0.47263288E-08
  0.76500000E-02  0.29843086E-08
  0.77000000E-02 -0.14274865E-09
  0.77500000E-02 -0.45875010E-08
  0.78000000E-02 -0.20822316E-09
  0.78500000E-02 -0.19100839E-08
  0.79000000E-02  0.15095687E-08
  0.79500000E-02 -0.26115499E-08
  0.80000000E-02  0.20638925E-08
  0.80500000E-02  0.42002785E-08
  0.81000000E-02  0.14212191E-09
  0.81500000E-02  0.13014454E-08
  0.82000000E-02 -0.46748696E-08
  0.82500000E-02 -0.15633956E-08
  0.83000000E-02  0.14535141E-08
  0.83500000E-02 -0.41214471E-08
  0.84000000E-02  0.10523283E-08
  0.84500000E-02  0.47739053E-08
  0.85000000E-02  0.48643792E-08
  0.85500000E-02 -0.45117778E-08
  0.86000000E-02  0.24868631E-08
  0.86500000E-02 -0.25093193E-08
  0.87000000E-02  0.33396840E-09
  0.87500000E-02 -0.20237270E-08
  0.88000000E-02 -0.50096273E-09
  0.88500000E-02 -0.24482614E-08
  0.89000000E-02 -0.15676510E-08
  0.89500000E-02  0.22326320E-08
  0.90000000E-02 -0.30569211E-08
  0.90500000E-02  0.37198943E-08
  0.91000000E-02 -0.59686035E-09
  0.91500000E-02 -0.20296037E-09
  0.92000000E-02 -0.13671687E-08
  0.92500000E-02  0.27646190E-08
  0.93000000E-02 -0.22395039E-08
  0.93500000E-02 -0.74398816E-09
  0.94000000E-02  0.39905053E-08
  0.94500000E-02  0.39249557E-08
  0.95000000E-02  0.48777771E-08
  0.95500000E-02 -0.48771629E-08
  0.96000000E-02 -0.10116795E-08
  0.96500000E-02 -0.29321301E-08
  0.97000000E-02  0.39184886E-08
  0.97500000E-02 -0.27102473E-08
  0.98000000E-02 -0.34721982E-08
  0.98500000E-02  0.55304527E-09
  0.99000000E-02 -0.24703753E-08
  0.99500000E-02  0.25701851E-08
  0.10000000E-01 -0.38192562E-08
  0.10050000E-01  0.34351730E-08
  0.10100000E-01  0.28030485E-08
  0.10150000E-01 -0.34080684E-09
  0.10200000E-01 -0.29557566E-08
  0.10250000E-01  0.92682123E-09
  0.10300000E-01  0.41414130E-08
  0.10350000E-01  0.27313828E-08
  0.10400000E-01 -0.27311043E-08
  0.10450000E-01  0.18083143E-08
  0.10500000E-01 -0.28398462E-08
  0.10550000E-01  0.35060376E-08
  0.10600000E-01 -0.17200300E-08
  0.10650000E-01  0.40076262E-08
  0.10700000E-01  0.24294406E-08
  0.10750000E-01  0.34583944E-08
  0.10800000E-01  0.12569779E-08
  0.10850000E-01  0.24142528E-08
  0.10900000E-01 -0.27801670E-08
  0.10950000E-01  0.27027577E-08
  0.11000000E-01  0.29301161E-08
  0.11050000E-01 -0.53902447E-09
  0.11100000E-01  0.50536931E-09
  0.11150000E-01 -0.13065097E-08
  0.11200000E-01 -0.90568662E-09
  0.11250000E-01  0.16112149E-08
  0.11300000E-01 -0.32723515E-08
  0.11350000E-01 -0.21625298E-08
  0.11400000E-01 -0.33214116E-08
  0.11450000E-01 -0.17916021E-08
  0.11500000E-01 -0.10839280E-08
  0.11550000E-01  0.27594119E-08
  0.11600000E-01  0.32859033E-08
  0.11650000E-01 -0.24280578E-08
  0.11700000E-01 -0.42830846E-08
  0.11750000E-01  0.36249202E-08
  0.11800000E-01  0.48476589E-08
  0.11850000E-01  0.39380419E-08
  0.11900000E-01  0.42210776E-08
  0.11950000E-01 -0.43950646E-08
  0.12000000E-01  0.35126626E-08
  0.12050000E-01  0.34897149E-09
  0.12100000E-01  0.33341181E-08
  0.12150000E-01 -0.28870149E-08
  0.12200000E-01 -0.28515299E-08
  0.12250000E-01 -0.40582806E-09
  0.12300000E-01  0.23592728E-08
  0.12350000E-01  0.17251432E-08
  0.12400000E-01  0.20230681E-08
  0.12450000E-01 -0.46441745E-08
  0.12500000E-01  0.44057149E-08
  0.12550000E-01  0.33174294E-08
  0.12600000E-01 -0.16441199E-08
  0.12650000E-01  0.28218144E-08
  0.12700000E-01 -0.32944705E-08
  0.12750000E-01 -0.36305445E-08
  0.12800000E-01 -0.40228814E-08
  0.12850000E-01  0.25688112E-09
  0.12900000E-01 -0.43693260E-08
  0.12950000E-01  0.32629520E-08
  0.13000000E-01  0.28745031E-08
  0.13050000E-01 -0.20597368E-09
  0.13100000E-01 -0.36348969E-08
  0.13150000E-01 -0.46222955E-09
  0.13200000E-01  0.40626538E-08
  0.13250000E-01 -0.75986743E-09
  0.13300000E-01 -0.16324162E-08
  0.13350000E-01  0.46202898E-09
  0.13400000E-01 -0.67386985E-09
  0.13450000E-01 -0.12741783E-08
  0.13500000E-01  0.30948550E-08
  0.13550000E-01 -0.64313889E-09
  0.13600000E-01  0.44940144E-08
  0.13650000E-01 -0.44086861E-08
  0.13700000E-01  0.46741027E-08
  0.13750000E-01  0.27078605E-08
  0.13800000E-01  0.45637214E-08
  0.13850000E-01 -0.36168091E-08
  0.13900000E-01  0.13192737E-08
  0.13950000E-01 -0.46886687E-08
  0.14000000E-01 -0.32191262E-08
  0.14050000E-01  0.42452258E-08
  0.14100000E-01  0.49869931E-08
  0.14150000E-01  0.40847218E-08
  0.14200000E-01  0.26180989E-08
  0.14250000E-01 -0.35641018E-08
  0.14300000E-01  0.44299060E-08
  0.14350000E-01  0.23436940E-08
  0.14400000E-01 -0.16080204E-08
  0.14450000E-01  0.11518240E-08
  0.14500000E-01  0.52427471E-09
  0.14550000E-01 -0.15003392E-08
  0.14600000E-01  0.12067020E-09
  0.14650000E-01  0.41073602E-08
  0.14700000E-01  0.34402364E-08
  0.14750000E-01  0.16285366E-08
  0.14800000E-01  0.11380851E-09
  0.14850000E-01  0.38173854E-09
  0.14900000E-01 -0.27092338E-09
  0.14950000E-01 -0.27942908E-08
  0.15000000E-01 -0.36327259E-08
  0.15050000E-01 -0.29801767E-08
  0.15100000E-01 -0.46915144E-09
  0.15150000E-01 -0.33126813E-08
  0.15200000E-01 -0.26561360E-08
  0.15250000E-01  0.41365939E-08
  0.15300000E-01 -0.12234572E-08
  0.15350000E-01  0.49211234E-08
  0.15400000E-01 -0.13678813E-08
  0.15450000E-01 -0.70170313E-09
  0.15500000E-01  0.94154835E-09
  0.15550000E-01 -0.33688520E-08
  0.15600000E-01  0.24611449E-08
  0.15650000E-01  0.33146763E-08
  0.15700000E-01  0.17088538E-08
  0.15750000E-01 -0.44314794E-08
  0.15800000E-01  0.60460389E-09
  0.15850000E-01  0.22797018E-08
  0.15900000E-01 -0.29597706E-08
  0.15950000E-01 -0.35412349E-08
  0.16000000E-01  0.15363848E-08
  0.16050000E-01  0.31532013E-08
  0.16100000E-01 -0.29800817E-08
  0.16150000E-01  0.41621566E-09
  0.16200000E-01  0.41662121E-08
  0.16250000E-01  0.54763675E-09
  0.16300000E-01  0.36684275E-08
  0.16350000E-01  0.44624925E-09
  0.16400000E-01  0.41133380E-08
  0.16450000E-01 -0.30522774E-08
  0.16500000E-01  0.28731626E-08
  0.16550000E-01 -0.18822491E-09
  0.16600000E-01  0.19743741E-08
  0.16650000E-01  0.40281028E-08
  0.16700000E-01  0.34732914E-08
  0.16750000E-01  0.20137572E-08
  0.16800000E-01  0.14579654E-08
  0.16850000E-01  0.22938967E-09
  0.16900000E-01 -0.16573200E-08
  0.16950000E-01  0.93219638E-09
  0.17000000E-01  0.10646403E-08
  0.17050000E-01  0.40700155E-08
  0.17100000E-01 -0.18738461E-08
  0.17150000E-01 -0.10676786E-08
  0.17200000E-01  0.27419418E-08
  0.17250000E-01  0.17657560E-08
  0.17300000E-01 -0.27539493E-08
  0.17350000E-01  0.43309259E-08
  0.17400000E-01 -0.27083896E-08
  0.17450000E-01  0.24662471E-08
  0.17500000E-01  0.26260835E-08
  0.17550000E-01 -0.44054094E-08
  0.17600000E-01  0.35376847E-09
  0.17650000E-01 -0.19519514E-08
  0.17700000E-01 -0.29151848E-08
  0.17750000E-01 -0.44118502E-08
  0.17800000E-01 -0.33305736E-08
  0.17850000E-01 -0.14527738E-09
  0.17900000E-01 -0.58897138E-09
  0.17950000E-01 -0.14926279E-08
  0.18000000E-01 -0.33964247E-09
  0.18050000E-01 -0.31631534E-08
  0.18100000E-01 -0.14634937E-08
  0.18150000E-01  0.12576455E-08
  0.18200000E-01 -0.88928938E-10
  0.18250000E-01 -0.83759248E-09
  0.18300000E-01 -0.39587435E-08
  0.18350000E-01 -0.41118668E-08
  0.18400000E-01  0.16178775E-08
  0.18450000E-01  0.36591685E-08
  0.18500000E-01 -0.75556010E-09
  0.18550000E-01  0.13695395E-08
  0.18600000E-01 -0.28006050E-08
  0.18650000E-01  0.11802924E-08
  0.18700000E-01 -0.25694969E-08
  0.18750000E-01  0.49792582E-08
  0.18800000E-01 -0.93686610E-09
  0.18850000E-01  0.12054622E-09
  0.18900000E-01  0.46164203E-08
  0.18950000E-01 -0.27885914E-09
  0.19000000E-01  0.45782095E-08
  0.19050000E-01  0.32702386E-08
  0.19100000E-01  0.46042413E-08
  0.19150000E-01  0.15027583E-09
  0.19200000E-01 -0.51567584E-09
  0.19250000E-01 -0.16059801E-08
  0.19300000E-01 -0.24016827E-08
  0.19350000E-01 -0.52555144E-09
  0.19400000E-01  0.52246869E-09
  0.19450000E-01 -0.47828597E-08
  0.19500000E-01  0.12817013E-08
  0.19550000E-01 -0.18208593E-08
  0.19600000E-01 -0.20920748E-08
  0.19650000E-01  0.38789445E-08
  0.19700000E-01  0.39069372E-08
  0.19750000E-01  0.34126186E-08
  0.19800000E-01 -0.47883123E-09
  0.19850000E-01 -0.28775539E-08
  0.19900000E-01 -0.45504699E-08
  0.19950000E-01 -0.42083812E-08
  0.20000000E-01 -0.25434206E-08
  0.20050000E-01  0.43317878E-08
  0.20100000E-01  0.21204448E-08
  0.20150000E-01 -0.26301906E-08
  0.20200000E-01  0.89581311E-09
  0.20250000E-01  0.50717592E-09
  0.20300000E-01  0.14824510E-09
  0.20350000E-01  0.20104986E-08
  0.20400000E-01 -0.25457978E-09
  0.20450000E-01 -0.16525400E-08
  0.20500000E-01 -0.17852274E-08
  0.20550000E-01  0.42299551E-08
  0.20600000E-01  0.47431213E-08
  0.20650000E-01  0.28606707E-08
  0.20700000E-01 -0.22705364E-08
  0.20750000E-01 -0.49950331E-09
  0.20800000E-01  0.41997194E-08
  0.20850000E-01 -0.15934730E-08
  0.20900000E-01 -0.33153515E-08
  0.20950000E-01  0.40759593E-08
  0.21000000E-01 -0.61192602E-09
  0.21050000E-01 -0.15153065E-08
  0.21100000E-01 -0.36222182E-08
  0.21150000E-01 -0.77439398E-09
  0.21200000E-01  0.36561948E-08
  0.21250000E-01 -0.16856343E-09
  0.21300000E-01  0.45584613E-08
  0.21350000E-01  0.26857448E-08
  0.21400000E-01  0.21484131E-08
  0.21450000E-01 -0.11077091E-08
  0.21500000E-01 -0.34766725E-08
  0.21550000E-01  0.34568977E-08
  0.21600000E-01 -0.42000920E-09
  0.21650000E-01  0.11679828E-09
  0.21700000E-01 -0.27854557E-08
  0.21750000E-01 -0.15003505E-08
  0.21800000E-01 -0.28065366E-08
  0.21850000E-01  0.47159356E-08
  0.21900000E-01 -0.42945999E-08
  0.21950000E-01  0.35186058E-08
  0.22000000E-01 -0.38223486E-08
  0.22050000E-01  0.95277071E-09
  0.22100000E-01  0.15494365E-08
  0.22150000E-01  0.26939118E-08
  0.22200000E-01 -0.60134441E-09
  0.22250000E-01 -0.34939723E-08
  0.22300000E-01  0.47031134E-08
  0.22350000E-01 -0.29630864E-08
  0.22400000E-01  0.44040293E-08
  0.22450000E-01 -0.20913810E-08
  0.22500000E-01 -0.46098471E-09
  0.22550000E-01 -0.16836306E-08
  0.22600000E-01 -0.12979889E-08
  0.22650000E-01  0.36683011E-08
  0.22700000E-01 -0.14904052E-09
  0.22750000E-01 -0.36540928E-08
  0.22800000E-01 -0.15215853E-08
  0.22850000E-01  0.26626033E-08
  0.22900000E-01  0.17023528E-08
  0.22950000E-01 -0.47969314E-08
  0.23000000E-01  0.42953587E-08
  0.23050000E-01 -0.12550089E-08
  0.23100000E-01  0.33534294E-08
  0.23150000E-01  0.38250375E-08
  0.23200000E-01 -0.27918057E-08
  0.23250000E-01 -0.30245303E-08
  0.23300000E-01 -0.44579208E-09
  0.23350000E-01  0.14516950E-08
  0.23400000E-01  0.85352778E-09
  0.23450000E-01  0.49791229E-08
  0.23500000E-01  0.33423030E-08
  0.23550000E-01  0.46096927E-08
  0.23600000E-01 -0.35182585E-08
  0.23650000E-01 -0.25157601E-09
  0.23700000E-01 -0.44465408E-08
  0.23750000E-01 -0.53727627E-11
  0.23800000E-01  0.25551975E-08
  0.23850000E-01 -0.11872873E-08
  0.23900000E-01  0.13243765E-08
  0.23950000E-01  0.41579002E-08
  0.24000000E-01  0.32789743E-08
  0.24050000E-01  0.43321389E-08
  0.24100000E-01  0.34927654E-08
  0.24150000E-01  0.17059147E-08
  0.24200000E-01 -0.43335585E-08
  0.24250000E-01 -0.37368965E-08
  0.24300000E-01 -0.79338223E-09
  0.24350000E-01 -0.24332941E-09
  0.24400000E-01 -0.40801034E-08
  0.24450000E-01  0.47832429E-09
  0.24500000E-01 -0.29573169E-08
  0.24550000E-01  0.29005510E-08
  0.24600000E-01 -0.39655181E-08
  0.24650000E-01 -0.16764185E-08
  0.24700000E-01  0.23158473E-08
  0.24750000E-01 -0.53383082E-09
  0.24800000E-01  0.15195554E-08
  0.24850000E-01 -0.16222671E-08
  0.24900000E-01 -0.36976872E-08
  0.24950000E-01 -0.28293245E-08
  0.25000000E-01 -0.11959732E-09
  0.25050000E-01 -0.35597663E-08
  0.25100000E-01 -0.21995720E-08
  0.25150000E-01 -0.48056066E-08
  0.25200000E-01 -0.38073391E-09
  0.25250000E-01 -0.22920585E-08
  0.25300000E-01  0.25580716E-08
  0.25350000E-01 -0.35150665E-08
  0.25400000E-01  0.21609461E-08
  0.25450000E-01  0.22269440E-08
  0.25500000E-01  0.48260432E-08
  0.25550000E-01 -0.12373501E-08
  0.25600000E-01  0.13998711E-08
  0.25650000E-01  0.79097569E-09
  0.25700000E-01  0.21255767E-08
  0.25750000E-01  0.46661305E-08
  0.25800000E-01  0.27208102E-08
  0.25850000E-01 -0.31086412E-08
  0.25900000E-01 -0.48254286E-08
  0.25950000E-01 -0.40207239E-08
  0.26000000E-01  0.47908133E-08
  0.26050000E-01 -0.38235224E-08
  0.26100000E-01 -0.44468442E-08
  0.26150000E-01  0.47433770E-08
  0.26200000E-01  0.51772594E-09
  0.26250000E-01 -0.11013445E-08
  0.26300000E-01 -0.34719467E-09
  0.26350000E-01  0.15684432E-08
  0.26400000E-01 -0.33757715E-08
  0.26450000E-01 -0.26429936E-08
  0.26500000E-01 -0.45515676E-08
  0.26550000E-01  0.40697759E-08
  0.26600000E-01  0.27338803E-08
  0.26650000E-01  0.45658350E-08
  0.26700000E-01  0.17102462E-08
  0.26750000E-01  0.29439330E-10
  0.26800000E-01  0.14435816E-08
  0.26850000E-01  0.33137017E-08
  0.26900000E-01 -0.42811564E-08
  0.26950000E-01  0.98894358E-09
  0.27000000E-01  0.28622031E-09
  0.27050000E-01 -0.21501070E-08
  0.27100000E-01  0.81602871E-09
  0.27150000E-01  0.12451458E-08
  0.27200000E-01  0.34678102E-09
  0.27250000E-01  0.24748451E-08
  0.27300000E-01  0.30441475E-08
  0.27350000E-01  0.28822321E-08
  0.27400000E-01  0.98032475E-09
  0.27450000E-01  0.32074696E-08
  0.27500000E-01  0.22400188E-08
  0.27550000E-01  0.88101804E-09
  0.27600000E-01 -0.36824936E-08
  0.27650000E-01 -0.39446484E-08
  0.27700000E-01 -0.26397580E-08
  0.27750000E-01 -0.38847095E-08
  0.27800000E-01 -0.43987443E-08
  0.27850000E-01  0.48384815E-08
  0.27900000E-01  0.42811042E-08
  0.27950000E-01 -0.14287984E-08
  0.28000000E-01 -0.36193192E-08
  0.28050000E-01  0.20376307E-08
  0.28100000E-01  0.25901794E-09
  0.28150000E-01 -0.32561606E-08
  0.28200000E-01  0.27037299E-08
  0.28250000E-01  0.44091505E-08
  0.28300000E-01 -0.24885786E-08
  0.28350000E-01 -0.27071537E-08
  0.28400000E-01 -0.49570411E-09
  0.28450000E-01 -0.14144152E-08
  0.28500000E-01  0.13994491E-08
  0.28550000E-01 -0.81865132E-09
  0.28600000E-01  0.38140082E-08
  0.28650000E-01  0.19136602E-08
  0.28700000E-01  0.23442543E-08
  0.28750000E-01 -0.35784480E-08
  0.28800000E-01 -0.48803991E-08
  0.28850000E-01 -0.16276258E-08
  0.28900000E-01  0.27269483E-08
  0.28950000E-01  0.29102564E-10
  0.29000000E-01 -0.24472293E-08
  0.29050000E-01 -0.24393386E-08
  0.29100000E-01 -0.22367561E-08
  0.29150000E-01  0.44633096E-08
  0.29200000E-01 -0.41564892E-08
  0.29250000E-01 -0.27961111E-08
  0.29300000E-01  0.37187910E-08
  0.29350000E-01  0.62215328E-10
  0.29400000E-01  0.21386683E-09
  0.29450000E-01 -0.48843465E-08
  0.29500000E-01  0.23451799E-08
  0.29550000E-01 -0.18326235E-08
  0.29600000E-01  0.14258188E-08
  0.29650000E-01  0.36499679E-08
  0.29700000E-01  0.40153235E-08
  0.29750000E-01 -0.14563957E-08
  0.29800000E-01 -0.65700084E-09
  0.29850000E-01  0.20709771E-08
  0.29900000E-01  0.42015398E-08
  0.29950000E-01 -0.42215523E-08
  0.30000000E-01  0.19731832E-08
  0.30050000E-01 -0.33168882E-09
  0.30100000E-01 -0.34766890E-08
  0.30150000E-01 -0.38935512E-09
  0.30200000E-01  0.12055355E-08
  0.30250000E-01 -0.37055343E-08
  0.30300000E-01 -0.11933112E-08
  0.30350000E-01 -0.16076687E-08
  0.30400000E-01  0.79263985E-09
  0.30450000E-01 -0.29167528E-08
  0.30500000E-01  0.28797382E-08
  0.30550000E-01  0.42798656E-08
  0.30600000E-01 -0.48514236E-08
  0.30650000E-01  0.11803496E-08
  0.30700000E-01  0.24421251E-08
  0.30750000E-01 -0.42162994E-08
  0.30800000E-01  0.16028422E-08
  0.30850000E-01 -0.36066766E-08
  0.30900000E-01 -0.23517424E-08
  0.30950000E-01 -0.24293256E-08
  0.31000000E-01 -0.48191242E-08
  0.31050000E-01  0.35776573E-08
  0.31100000E-01  0.44034916E-08
  0.31150000E-01  0.13160348E-08
  0.31200000E-01 -0.46404690E-09
  0.31250000E-01  0.16393000E-08
  0.31300000E-01  0.11577070E-09
  0.31350000E-01  0.23285699E-08
  0.31400000E-01  0.24050754E-08
  0.31450000E-01  0.35412049E-08
  0.31500000E-01  0.20841235E-08
  0.31550000E-01  0.41169345E-08
  0.31600000E-01 -0.22567868E-08
  0.31650000E-01  0.47704405E-08
  0.31700000E-01 -0.12648350E-08
  0.31750000E-01  0.27288675E-08
  0.31800000E-01  0.40113789E-08
  0.31850000E-01 -0.37828829E-08
  0.31900000E-01  0.35467625E-08
  0.31950000E-01  0.46732861E-08
  0.32000000E-01  0.32786262E-08
  0.32050000E-01 -0.20949367E-08
  0.32100000E-01  0.45992106E-08
  0.32150000E-01 -0.17702162E-08
  0.32200000E-01  0.88083744E-09
  0.32250000E-01  0.19679350E-08
  0.32300000E-01 -0.30460677E-08
  0.32350000E-01  0.14747787E-08
  0.32400000E-01 -0.15016463E-08
  0.32450000E-01  0.44225645E-08
  0.32500000E-01  0.33653343E-08
  0.32550000E-01 -0.44494096E-08
  0.32600000E-01  0.22275835E-08
  0.32650000E-01  0.18917650E-08
  0.32700000E-01 -0.11154735E-08
  0.32750000E-01  0.38354635E-09
  0.32800000E-01  0.37290496E-08
  0.32850000E-01 -0.24382982E-08
  0.32900000E-01  0.15727895E-08
  0.32950000E-01  0.59086442E-09
  0.33000000E-01 -0.16583741E-09
  0.33050000E-01 -0.48280084E-08
  0.33100000E-01  0.10860288E-08
  0.33150000E-01  0.57296157E-09
  0.33200000E-01 -0.46588685E-08
  0.33250000E-01 -0.23132399E-08
  0.33300000E-01  0.77569485E-10
  0.33350000E-01  0.18840665E-08
  0.33400000E-01  0.40197194E-08
  0.33450000E-01  0.29791927E-08
  0.33500000E-01 -0.41005664E-08
  0.33550000E-01 -0.27662325E-08
  0.33600000E-01 -0.30199766E-08
  0.33650000E-01 -0.35529529E-08
  0.33700000E-01 -0.48078870E-08
  0.33750000E-01  0.98026514E-09
  0.33800000E-01 -0.44426672E-08
  0.33850000E-01  0.42959279E-08
  0.33900000E-01 -0.28969575E-08
  0.33950000E-01  0.27673185E-08
  0.34000000E-01 -0.37432463E-08
  0.34050000E-01  0.69329202E-09
  0.34100000E-01  0.64225316E-09
  0.34150000E-01  0.32756197E-08
  0.34200000E-01  0.19465190E-08
  0.34250000E-01 -0.19569814E-09
  0.34300000E-01  0.31083751E-08
  0.34350000E-01  0.19268519E-08
  0.34400000E-01 -0.33278276E-08
  0.34450000E-01 -0.27726567E-08
  0.34500000E-01 -0.19295758E-08
  0.34550000E-01  0.26205385E-08
  0.34600000E-01 -0.27915727E-08
  0.34650000E-01  0.35023671E-08
  0.34700000E-01 -0.31576166E-08
  0.34750000E-01  0.15190059E-08
  0.34800000E-01  0.13763410E-08
  0.34850000E-01  0.96934319E-09
  0.34900000E-01 -0.20891529E-08
  0.34950000E-01 -0.64833224E-09
  0.35000000E-01 -0.39209306E-09
  0.35050000E-01 -0.75541437E-10
  0.35100000E-01  0.41531563E-09
  0.35150000E-01  0.31281471E-09
  0.35200000E-01  0.36275762E-08
  0.35250000E-01 -0.39373725E-08
  0.35300000E-01 -0.21516776E-08
  0.35350000E-01 -0.43240722E-08
  0.35400000E-01 -0.20369801E-08
  0.35450000E-01  0.25867093E-08
  0.35500000E-01 -0.21122158E-08
  0.35550000E-01 -0.30338335E-08
  0.35600000E-01 -0.40502481E-08
  0.35650000E-01  0.19898355E-09
  0.35700000E-01  0.32375062E-08
  0.35750000E-01  0.44123650E-09
  0.35800000E-01  0.43890452E-08
  0.35850000E-01  0.54072559E-09
  0.35900000E-01  0.18798774E-08
  0.35950000E-01 -0.17871568E-08
  0.36000000E-01  0.28760684E-08
  0.36050000E-01 -0.31103224E-08
  0.36100000E-01 -0.24196306E-08
  0.36150000E-01  0.15036887E-08
  0.36200000E-01 -0.93353629E-09
  0.36250000E-01 -0.10029027E-08
  0.36300000E-01 -0.15289626E-08
  0.36350000E-01 -0.16782492E-08
  0.36400000E-01  0.33486992E-08
  0.36450000E-01  0.53788781E-09
  0.36500000E-01  0.45459509E-08
  0.36550000E-01  0.18533516E-08
  0.36600000E-01  0.33740592E-08
  0.36650000E-01  0.28458655E-09
  0.36700000E-01  0.48184812E-09
  0.36750000E-01  0.23188972E-08
  0.36800000E-01 -0.10938689E-08
  0.36850000E-01  0.39488459E-08
  0.36900000E-01 -0.29104669E-08
  0.36950000E-01  0.26899111E-08
  0.37000000E-01  0.81734419E-09
  0.37050000E-01 -0.33487278E-08
  0.37100000E-01 -0.22827452E-08
  0.37150000E-01  0.14928532E-08
  0.37200000E-01  0.41620654E-08
  0.37250000E-01 -0.48730405E-08
  0.37300000E-01 -0.26687084E-08
  0.37350000E-01  0.23506641E-09
  0.37400000E-01  0.41901511E-08
  0.37450000E-01  0.38366336E-08
  0.37500000E-01  0.11069411E-08
  0.37550000E-01 -0.27335458E-08
  0.37600000E-01  0.10608298E-08
  0.37650000E-01  0.43550897E-08
  0.37700000E-01 -0.46892067E-08
  0.37750000E-01  0.25282389E-08
  0.37800000E-01 -0.22712216E-08
  0.37850000E-01 -0.25843871E-08
  0.37900000E-01  0.11022323E-08
  0.37950000E-01 -0.17460775E-08
  0.38000000E-01  0.22821844E-08
  0.38050000E-01 -0.11098534E-09
  0.38100000E-01  0.18215477E-09
  0.38150000E-01 -0.44943327E-08
  0.38200000E-01  0.46207488E-09
  0.38250000E-01  0.98952115E-09
  0.38300000E-01  0.15727878E-08
  0.38350000E-01 -0.45937300E-11
  0.38400000E-01  0.14544386E-08
  0.38450000E-01 -0.33125104E-08
  0.38500000E-01 -0.47711769E-08
  0.38550000E-01 -0.88518679E-09
  0.38600000E-01  0.43500376E-08
  0.38650000E-01  0.15108728E-08
  0.38700000E-01  0.23325038E-08
  0.38750000E-01 -0.42495460E-08
  0.38800000E-01 -0.37953272E-08
  0.38850000E-01  0.25849724E-08
  0.38900000E-01  0.34954751E-08
  0.38950000E-01  0.28509474E-08
  0.39000000E-01 -0.61756968E-09
  0.39050000E-01 -0.30523041E-08
  0.39100000E-01 -0.49274498E-08
  0.39150000E-01 -0.47707702E-08
  0.39200000E-01 -0.23661786E-08
  0.39250000E-01  0.22391653E-08
  0.39300000E-01 -0.37973253E-08
  0.39350000E-01  0.38694751E-08
  0.39400000E-01 -0.40718490E-08
  0.39450000E-01  0.21432930E-08
  0.39500000E-01 -0.24986342E-08
  0.39550000E-01  0.39428055E-09
  0.39600000E-01  0.30620009E-08
  0.39650000E-01 -0.26569711E-08
  0.39700000E-01  0.25123775E-09
  0.39750000E-01 -0.39389260E-08
  0.39800000E-01  0.19274336E-08
  0.39850000E-01 -0.33184934E-08
  0.39900000E-01  0.12364876E-08
  0.39950000E-01 -0.14344597E-08
  0.40000000E-01 -0.21722749E-08
  0.40050000E-01 -0.78816116E-10
  0.40100000E-01  0.24413663E-08
  0.40150000E-01 -0.69263130E-09
  0.40200000E-01  0.28171015E-08
  0.40250000E-01  0.17409658E-08
  0.40300000E-01  0.37565786E-08
  0.40350000E-01 -0.40975174E-08
  0.40400000E-01 -0.23550430E-08
  0.40450000E-01 -0.40695357E-08
  0.40500000E-01  0.50632417E-09
  0.40550000E-01  0.32785201E-08
  0.40600000E-01 -0.41707497E-08
  0.40650000E-01 -0.45757813E-08
  0.40700000E-01  0.29867446E-08
  0.40750000E-01 -0.27263375E-08
  0.40800000E-01 -0.43019895E-08
  0.40850000E-01 -0.48554915E-08
  0.40900000E-01  0.42122459E-08
  0.40950000E-01  0.16063333E-08
  0.41000000E-01  0.43821895E-08
  0.41050000E-01 -0.13802180E-08
  0.41100000E-01 -0.14872390E-08
  0.41150000E-01  0.23643011E-08
  0.41200000E-01  0.17928338E-08
  0.41250000E-01 -0.22165027E-08
  0.41300000E-01  0.22339344E-08
  0.41350000E-01 -0.42286905E-08
  0.41400000E-01  0.47861028E-08
  0.41450000E-01  0.47382319E-08
  0.41500000E-01  0.19354874E-08
  0.41550000E-01  0.30753195E-08
  0.41600000E-01 -0.14224920E-08
  0.41650000E-01  0.36660367E-08
  0.41700000E-01  0.31671113E-08
  0.41750000E-01  0.15231919E-08
  0.41800000E-01 -0.32590087E-08
  0.41850000E-01  0.62256992E-09
  0.41900000E-01 -0.17173049E-08
  0.41950000E-01 -0.25846347E-08
  0.42000000E-01 -0.70025474E-09
  0.42050000E-01  0.33227897E-08
  0.42100000E-01  0.12680900E-08
  0.42150000E-01  0.37730229E-08
  0.42200000E-01  0.24254221E-08
  0.42250000E-01  0.42953867E-08
  0.42300000E-01  0.35305154E-08
  0.42350000E-01  0.35107493E-08
  0.42400000E-01 -0.44737873E-08
  0.42450000E-01  0.64710975E-09
  0.42500000E-01  0.31000769E-08
  0.42550000E-01  0.47017956E-08
  0.42600000E-01  0.57975888E-09
  0.42650000E-01 -0.15912101E-08
  0.42700000E-01 -0.30566736E-08
  0.42750000E-01  0.26944458E-09
  0.42800000E-01 -0.15396744E-08
  0.42850000E-01  0.48293906E-08
  0.42900000E-01  0.35314077E-08
  0.42950000E-01  0.34380913E-09
  0.43000000E-01 -0.40462574E-08
  0.43050000E-01 -0.17280287E-08
  0.43100000E-01 -0.10776976E-08
  0.43150000E-01  0.21368182E-08
  0.43200000E-01 -0.27006815E-08
  0.43250000E-01  0.57996154E-09
  0.43300000E-01  0.34328699E-09
  0.43350000E-01 -0.88993281E-09
  0.43400000E-01  0.13289040E-08
  0.43450000E-01 -0.25510372E-08
  0.43500000E-01  0.43321449E-08
  0.43550000E-01  0.23797929E-08
  0.43600000E-01  0.36833894E-08
  0.43650000E-01 -0.49794157E-08
  0.43700000E-01  0.17331648E-08
  0.43750000E-01  0.33433908E-08
  0.43800000E-01  0.11886585E-08
  0.43850000E-01  0.34449935E-09
  0.43900000E-01  0.45998871E-08
  0.43950000E-01 -0.37550332E-08
  0.44000000E-01 -0.19077557E-08
  0.44050000E-01  0.28791678E-08
  0.44100000E-01  0.23337066E-08
  0.44150000E-01 -0.33348456E-08
  0.44200000E-01  0.40343267E-08
  0.44250000E-01 -0.34277219E-08
  0.44300000E-01 -0.20277232E-09
  0.44350000E-01 -0.49912034E-08
  0.44400000E-01  0.21558845E-08
  0.44450000E-01  0.45056373E-08
  0.44500000E-01  0.46216893E-08
  0.44550000E-01 -0.78852803E-09
  0.44600000E-01 -0.73671907E-09
  0.44650000E-01 -0.10936385E-08
  0.44700000E-01 -0.40123942E-08
  0.44750000E-01 -0.23041546E-09
  0.44800000E-01 -0.61180294E-09
  0.44850000E-01  0.18375862E-08
  0.44900000E-01  0.35748804E-08
  0.44950000E-01  0.31020921E-08
  0.45000000E-01 -0.30059776E-08
  0.45050000E-01  0.32970029E-08
  0.45100000E-01 -0.18982896E-08
  0.45150000E-01  0.32677251E-08
  0.45200000E-01  0.11798471E-08
  0.45250000E-01 -0.44974862E-08
  0.45300000E-01  0.16106647E-08
  0.45350000E-01  0.12381792E-09
  0.45400000E-01  0.12693775E-08
  0.45450000E-01 -0.31231958E-08
  0.45500000E-01 -0.15372109E-08
  0.45550000E-01 -0.48208073E-08
  0.45600000E-01 -0.15971667E-08
  0.45650000E-01 -0.29810514E-08
  0.45700000E-01  0.22675669E-08
  0.45750000E-01  0.16346312E-08
  0.45800000E-01  0.30242348E-08
  0.45850000E-01  0.19813991E-08
  0.45900000E-01  0.20769560E-08
  0.45950000E-01 -0.38900840E-08
  0.46000000E-01 -0.29922272E-08
  0.46050000E-01 -0.92033774E-09
  0.46100000E-01  0.30968809E-08
  0.46150000E-01  0.26871830E-08
  0.46200000E-01 -0.29755001E-08
  0.46250000E-01 -0.31235290E-08
  0.46300000E-01  0.25338233E-08
  0.46350000E-01  0.14809108E-08
  0.46400000E-01 -0.46376496E-08
  0.46450000E-01 -0.23324415E-08
  0.46500000E-01 -0.66834748E-09
  0.46550000E-01 -0.22923452E-08
  0.46600000E-01 -0.29869519E-08
  0.46650000E-01  0.46509916E-08
  0.46700000E-01  0.31186980E-08
  0.46750000E-01 -0.23333347E-08
  0.46800000E-01  0.45068669E-08
  0.46850000E-01 -0.93917698E-09
  0.46900000E-01  0.35338861E-08
  0.46950000E-01  0.29961824E-09
  0.47000000E-01  0.24091405E-08
  0.47050000E-01  0.40684593E-08
  0.47100000E-01  0.24527204E-08
  0.47150000E-01 -0.34409371E-08
  0.47200000E-01  0.33634853E-08
  0.47250000E-01  0.19404167E-08
  0.47300000E-01 -0.12211123E-08
  0.47350000E-01 -0.38503680E-08
  0.47400000E-01 -0.14019644E-08
  0.47450000E-01  0.36248243E-08
  0.47500000E-01  0.27908581E-08
  0.47550000E-01  0.42018831E-08
  0.47600000E-01  0.48085231E-08
  0.47650000E-01 -0.24434763E-08
  0.47700000E-01 -0.85733473E-09
  0.47750000E-01 -0.37978703E-08
  0.47800000E-01  0.48319042E-08
  0.47850000E-01 -0.35238872E-08
  0.47900000E-01  0.20534146E-08
  0.47950000E-01 -0.43696910E-09
  0.48000000E-01  0.25977361E-08
  0.48050000E-01 -0.42838547E-08
  0.48100000E-01 -0.44004835E-08
  0.48150000E-01  0.83694279E-09
  0.48200000E-01  0.17200214E-08
  0.48250000E-01  0.32869941E-08
  0.48300000E-01 -0.12576574E-08
  0.48350000E-01  0.25143713E-08
  0.48400000E-01  0.13239300E-08
  0.48450000E-01  0.49226719E-08
  0.48500000E-01  0.19071519E-09
  0.48550000E-01  0.32504463E-08
  0.48600000E-01  0.12598825E-08
  0.48650000E-01 -0.43852375E-08
  0.48700000E-01  0.27243137E-09
  0.48750000E-01 -0.13779181E-08
  0.48800000E-01 -0.43811361E-08
  0.48850000E-01 -0.15829423E-08
  0.48900000E-01 -0.36892623E-08
  0.48950000E-01 -0.10243854E-08
  0.49000000E-01 -0.22479513E-08
  0.49050000E-01  0.44719142E-08
  0.49100000E-01 -0.10141945E-08
  0.49150000E-01 -0.45098251E-08
  0.49200000E-01 -0.24331331E-09
  0.49250000E-01  0.20247370E-08
  0.49300000E-01 -0.36868562E-08
  0.49350000E-01  0.42215550E-08
  0.49400000E-01  0.37883162E-09
  0.49450000E-01 -0.76146424E-09
  0.49500000E-01  0.24084723E-08
  0.49550000E-01  0.47606200E-08
  0.49600000E-01 -0.22268182E-08
  0.49650000E-01 -0.26615362E-08
  0.49700000E-01 -0.52157938E-10
  0.49750000E-01  0.18794549E-08
  0.49800000E-01  0.24943990E-08
  0.49850000E-01  0.23695517E-08
  0.49900000E-01 -0.63579768E-09
  0.49950000E-01  0.28040695E-08
  0.50000000E-01 -0.36012244E-08
  0.50050000E-01 -0.15065521E-09
  0.50100000E-01  0.28920341E-08
  0.50150000E-01 -0.32163829E-08
  0.50200000E-01 -0.20355275E-08
  0.50250000E-01  0.44308585E-08
  0.50300000E-01  0.14790970E-08
  0.50350000E-01  0.20562023E-08
  0.50400000E-01 -0.30337444E-08
  0.50450000E-01  0.14862800E-08
  0.50500000E-01  0.24682218E-08
  0.50550000E-01 -0.63213706E-11
  0.50600000E-01 -0.24523735E-08
  0.50650000E-01  0.13123453E-09
  0.50700000E-01  0.26972228E-08
  0.50750000E-01  0.12684083E-08
  0.50800000E-01  0.96528769E-09
  0.50850000E-01 -0.59308469E-09
  0.50900000E-01 -0.31028727E-08
  0.50950000E-01  0.27439839E-08
  0.51000000E-01  0.40612310E-08
  0.51050000E-01  0.46935689E-08
  0.51100000E-01 -0.44641642E-08
  0.51150000E-01 -0.49670486E-08
  0.51200000E-01 -0.43343783E-08
  0.51250000E-01  0.38886476E-08
  0.51300000E-01  0.39827144E-08
  0.51350000E-01 -0.23877972E-08
  0.51400000E-01  0.49249196E-08
  0.51450000E-01  0.14518487E-08
  0.51500000E-01  0.49602890E-08
  0.51550000E-01 -0.18852586E-08
  0.51600000E-01  0.41433525E-08
  0.51650000E-01 -0.76342136E-09
  0.51700000E-01  0.30360520E-08
  0.51750000E-01 -0.31320700E-08
  0.51800000E-01  0.21060574E-08
  0.51850000E-01  0.28708464E-08
  0.51900000E-01 -0.68215907E-09
  0.51950000E-01 -0.41839852E-08
  0.52000000E-01  0.37709057E-09
  0.52050000E-01 -0.31746840E-08
  0.52100000E-01 -0.40791848E-08
  0.52150000E-01  0.48883760E-08
  0.52200000E-01  0.21551621E-08
  0.52250000E-01 -0.23786807E-08
  0.52300000E-01 -0.37373210E-08
  0.52350000E-01  0.42869639E-08
  0.52400000E-01  0.41578531E-08
  0.52450000E-01 -0.18269733E-08
  0.52500000E-01 -0.36162680E-08
  0.52550000E-01 -0.29465047E-08
  0.52600000E-01  0.49622798E-08
  0.52650000E-01 -0.15793568E-08
  0.52700000E-01  0.42161363E-08
  0.52750000E-01 -0.44629425E-09
  0.52800000E-01 -0.18936092E-08
  0.52850000E-01 -0.62057495E-09
  0.52900000E-01 -0.18246582E-08
  0.52950000E-01  0.34284317E-08
  0.53000000E-01  0.46528935E-08
  0.53050000E-01 -0.32429606E-09
  0.53100000E-01 -0.14322549E-08
  0.53150000E-01 -0.25783807E-09
  0.53200000E-01  0.14192325E-08
  0.53250000E-01  0.17318940E-08
  0.53300000E-01  0.40223175E-08
  0.53350000E-01 -0.44083178E-09
  0.53400000E-01 -0.18666172E-08
  0.53450000E-01 -0.22907788E-08
  0.53500000E-01  0.10659033E-08
  0.53550000E-01 -0.18370000E-08
  0.53600000E-01 -0.28077066E-09
  0.53650000E-01 -0.15804982E-08
  0.53700000E-01 -0.44986197E-08
  0.53750000E-01 -0.47640602E-08
  0.53800000E-01  0.21620780E-08
  0.53850000E-01  0.35389453E-08
  0.53900000E-01  0.63840806E-09
  0.53950000E-01 -0.25890531E-08
  0.54000000E-01 -0.40745616E-09
  0.54050000E-01 -0.31132336E-08
  0.54100000E-01  0.47365141E-08
  0.54150000E-01  0.17970657E-08
  0.54200000E-01  0.40558708E-08
  0.54250000E-01 -0.15288922E-08
  0.54300000E-01  0.34791452E-08
  0.54350000E-01 -0.10795590E-08
  0.54400000E-01 -0.25864832E-08
  0.54450000E-01  0.16933972E-08
  0.54500000E-01  0.31442529E-08
  0.54550000E-01  0.43329251E-08
  0.54600000E-01 -0.11388299E-08
  0.54650000E-01  0.22258455E-08
  0.54700000E-01  0.99430740E-09
  0.54750000E-01  0.47639310E-09
  0.54800000E-01  0.12101650E-08
  0.54850000E-01  0.22052014E-08
  0.54900000E-01  0.24938488E-08
  0.54950000E-01  0.19326538E-08
  0.55000000E-01 -0.20193121E-08
  0.55050000E-01  0.48055267E-08
  0.55100000E-01 -0.21899354E-08
  0.55150000E-01  0.15459722E-08
  0.55200000E-01  0.47240305E-08
  0.55250000E-01 -0.75143218E-09
  0.55300000E-01  0.36899233E-08
  0.55350000E-01  0.13564587E-08
  0.55400000E-01 -0.28211913E-08
  0.55450000E-01  0.32205570E-08
  0.55500000E-01 -0.19823623E-08
  0.55550000E-01 -0.39295556E-08
  0.55600000E-01  0.11277831E-08
  0.55650000E-01  0.32239705E-08
  0.55700000E-01 -0.34715752E-08
  0.55750000E-01  0.31032681E-08
  0.55800000E-01  0.48049510E-08
  0.55850000E-01 -0.10433346E-08
  0.55900000E-01  0.88872492E-09
  0.55950000E-01  0.55931389E-09
  0.56000000E-01  0.23405921E-08
  0.56050000E-01  0.32284307E-08
  0.56100000E-01 -0.49427046E-08
  0.56150000E-01  0.43973041E-08
  0.56200000E-01  0.49215043E-08
  0.56250000E-01 -0.60923278E-09
  0.56300000E-01 -0.29346931E-08
  0.56350000E-01 -0.17952174E-08
  0.56400000E-01  0.46418494E-08
  0.56450000E-01  0.39473826E-08
  0.56500000E-01 -0.28661741E-08
  0.56550000E-01 -0.38278084E-08
  0.56600000E-01 -0.74764639E-09
  0.56650000E-01  0.28738028E-08
  0.56700000E-01 -0.27179490E-08
  0.56750000E-01 -0.37632989E-08
  0.56800000E-01  0.22518677E-08
  0.56850000E-01 -0.45339835E-08
  0.56900000E-01  0.97794473E-09
  0.56950000E-01 -0.12255898E-08
  0.57000000E-01  0.48298472E-08
  0.57050000E-01 -0.20452169E-08
  0.57100000E-01  0.31015086E-08
  0.57150000E-01  0.23489040E-08
  0.57200000E-01  0.26583999E-08
  0.57250000E-01  0.26792026E-08
  0.57300000E-01 -0.25000773E-08
  0.57350000E-01 -0.46814580E-08
  0.57400000E-01 -0.41880538E-08
  0.57450000E-01  0.78457594E-10
  0.57500000E-01  0.16805321E-08
  0.57550000E-01  0.19573355E-08
  0.57600000E-01  0.28004229E-09
  0.57650000E-01  0.17623454E-08
  0.57700000E-01  0.16407245E-08
  0.57750000E-01 -0.15368849E-08
  0.57800000E-01 -0.48610921E-08
  0.57850000E-01 -0.42793782E-08
  0.57900000E-01  0.19591838E-08
  0.57950000E-01  0.13987994E-08
  0.58000000E-01  0.32155901E-08
  0.58050000E-01 -0.43958050E-08
  0.58100000E-01  0.46488035E-08
  0.58150000E-01  0.18438387E-08
  0.58200000E-01  0.67372143E-09
  0.58250000E-01 -0.65182507E-09
  0.58300000E-01  0.13591379E-08
  0.58350000E-01 -0.18097967E-09
  0.58400000E-01 -0.25570665E-08
  0.58450000E-01 -0.26886970E-09
  0.58500000E-01 -0.47306306E-08
  0.58550000E-01  0.40600938E-08
  0.58600000E-01 -0.10750127E-08
  0.58650000E-01 -0.41193928E-08
  0.58700000E-01 -0.35769543E-08
  0.58750000E-01  0.34956658E-08
  0.58800000E-01 -0.30371469E-08
  0.58850000E-01 -0.46715428E-08
  0.58900000E-01  0.39519894E-08
  0.58950000E-01  0.13081908E-09
  0.59000000E-01 -0.15225452E-08
  0.59050000E-01  0.15205729E-08
  0.59100000E-01  0.27357888E-08
  0.59150000E-01  0.11910391E-08
  0.59200000E-01  0.38617873E-08
  0.59250000E-01  0.10698861E-08
  0.59300000E-01  0.42402685E-08
  0.59350000E-01 -0.33619690E-08
  0.59400000E-01 -0.27866553E-08
  0.59450000E-01  0.35426939E-08
  0.59500000E-01 -0.26018690E-08
  0.59550000E-01 -0.19615889E-11
  0.59600000E-01  0.33994418E-08
  0.59650000E-01 -0.82384557E-09
  0.59700000E-01  0.12967485E-08
  0.59750000E-01 -0.49219825E-08
  0.59800000E-01 -0.18326721E-08
  0.59850000E-01 -0.10703713E-09
  0.59900000E-01  0.28001446E-08
  0.59950000E-01  0.27402443E-08
  0.60000000E-01  0.47437859E-08
  0.60050000E-01 -0.24076918E-08
  0.60100000E-01 -0.29408200E-08
  0.60150000E-01 -0.14781711E-08
  0.60200000E-01 -0.30386508E-08
  0.60250000E-01  0.52757084E-09
  0.60300000E-01  0.75815022E-09
  0.60350000E-01 -0.33333474E-08
  0.60400000E-01 -0.46627790E-09
  0.60450000E-01 -0.15764320E-08
  0.60500000E-01  0.44789308E-08
  0.60550000E-01  0.58084011E-09
  0.60600000E-01 -0.56526989E-09
  0.60650000E-01  0.15621054E-08
  0.60700000E-01  0.35052359E-08
  0.60750000E-01  0.41059524E-08
  0.60800000E-01  0.40938443E-08
  0.60850000E-01  0.54248512E-09
  0.60900000E-01  0.45490563E-08
  0.60950000E-01 -0.38539439E-09
  0.61000000E-01  0.38789970E-08
  0.61050000E-01  0.20122206E-08
  0.61100000E-01 -0.14544967E-08
  0.61150000E-01 -0.13174817E-08
  0.61200000E-01 -0.13192549E-08
  0.61250000E-01 -0.14973366E-08
  0.61300000E-01 -0.16111001E-08
  0.61350000E-01 -0.31206276E-08
  0.61400000E-01  0.30219597E-08
  0.61450000E-01  0.37892514E-08
  0.61500000E-01 -0.29558580E-08
  0.61550000E-01  0.44553512E-08
  0.61600000E-01  0.30462074E-08
  0.61650000E-01  0.22163868E-09
  0.61700000E-01 -0.49144506E-09
  0.61750000E-01 -0.16253239E-08
  0.61800000E-01 -0.14270747E-08
  0.61850000E-01  0.55867136E-09
  0.61900000E-01  0.20988655E-08
  0.61950000E-01  0.70121169E-09
  0.62000000E-01  0.59574246E-10
  0.62050000E-01  0.38988620E-08
  0.62100000E-01 -0.49675733E-09
  0.62150000E-01 -0.27284607E-08
  0.62200000E-01  0.11267841E-08
  0.62250000E-01  0.22337991E-08
  0.62300000E-01  0.32017678E-08
  0.62350000E-01  0.43533862E-08
  0.62400000E-01  0.39365757E-08
  0.62450000E-01  0.49567199E-08
  0.62500000E-01  0.35417897E-08
  0.62550000E-01 -0.15797943E-08
  0.62600000E-01  0.76106191E-09
  0.62650000E-01 -0.14690056E-08
  0.62700000E-01 -0.41514152E-08
  0.62750000E-01 -0.46179841E-08
  0.62800000E-01 -0.92545807E-09
  0.62850000E-01  0.40406919E-08
  0.62900000E-01  0.33311731E-08
  0.62950000E-01 -0.37515690E-08
  0.63000000E-01 -0.87942690E-09
  0.63050000E-01 -0.27654520E-08
  0.63100000E-01  0.14458203E-08
  0.63150000E-01  0.67910016E-09
  0.63200000E-01 -0.47779563E-08
  0.63250000E-01 -0.31194979E-08
  0.63300000E-01 -0.16776979E-08
  0.63350000E-01  0.10753000E-08
  0.63400000E-01  0.26804066E-08
  0.63450000E-01  0.71623743E-09
  0.63500000E-01  0.48361069E-08
  0.63550000E-01  0.76514721E-09
  0.63600000E-01 -0.32160355E-08
  0.63650000E-01  0.88725209E-09
  0.63700000E-01 -0.42316058E-08
  0.63750000E-01  0.82585275E-09
  0.63800000E-01  0.43274957E-08
  0.63850000E-01 -0.33264984E-08
  0.63900000E-01  0.30173951E-08
  0.63950000E-01 -0.33170751E-08
  0.64000000E-01  0.83272278E-09
  0.64050000E-01  0.20042849E-08
  0.64100000E-01 -0.19782239E-08
  0.64150000E-01 -0.43366821E-08
  0.64200000E-01  0.28413177E-08
  0.64250000E-01  0.21594578E-08
  0.64300000E-01  0.38137245E-08
  0.64350000E-01  0.11697799E-08
  0.64400000E-01 -0.21931276E-08
  0.64450000E-01  0.93768716E-09
  0.64500000E-01 -0.42286708E-08
  0.64550000E-01 -0.44791044E-08
  0.64600000E-01 -0.26708645E-08
  0.64650000E-01  0.20106703E-08
  0.64700000E-01  0.48485577E-09
  0.64750000E-01  0.16830677E-08
  0.64800000E-01  0.40167290E-08
  0.64850000E-01  0.47695601E-08
  0.64900000E-01  0.19693673E-08
  0.64950000E-01 -0.69779873E-09
  0.65000000E-01  0.10212958E-09
  0.65050000E-01 -0.33993037E-08
  0.65100000E-01  0.41895366E-08
  0.65150000E-01 -0.42985768E-08
  0.65200000E-01  0.36136627E-08
  0.65250000E-01  0.33391601E-08
  0.65300000E-01 -0.26863022E-08
  0.65350000E-01  0.58972418E-09
  0.65400000E-01 -0.14046863E-08
  0.65450000E-01  0.23330253E-08
  0.65500000E-01 -0.33993259E-08
  0.65550000E-01 -0.28723422E-08
  0.65600000E-01  0.37683362E-08
  0.65650000E-01 -0.33050629E-08
  0.65700000E-01 -0.35798740E-08
  0.65750000E-01  0.48388523E-08
  0.65800000E-01  0.33852893E-08
  0.65850000E-01  0.35237843E-08
  0.65900000E-01 -0.38522254E-08
  0.65950000E-01  0.15979415E-08
  0.66000000E-01  0.22164959E-08
  0.66050000E-01  0.46849990E-08
  0.66100000E-01  0.29315269E-08
  0.66150000E-01 -0.16495186E-08
  0.66200000E-01 -0.17352676E-08
  0.66250000E-01 -0.35101111E-08
  0.66300000E-01  0.43885291E-09
  0.66350000E-01 -0.39596748E-08
  0.66400000E-01  0.14023417E-08
  0.66450000E-01  0.12681019E-08
  0.66500000E-01  0.98788261E-09
  0.66550000E-01  0.35384881E-08
  0.66600000E-01  0.44318485E-08
  0.66650000E-01  0.37302363E-08
  0.66700000E-01  0.25885355E-08
  0.66750000E-01 -0.34260198E-08
  0.66800000E-01  0.58801591E-09
  0.66850000E-01  0.20630896E-08
  0.66900000E-01  0.45019829E-08
  0.66950000E-01 -0.30077621E-08
  0.67000000E-01 -0.43222471E-08
  0.67050000E-01 -0.47912079E-08
  0.67100000E-01  0.73533356E-09
  0.67150000E-01  0.33228099E-09
  0.67200000E-01 -0.25200714E-08
  0.67250000E-01 -0.75857937E-10
  0.67300000E-01  0.10890126E-08
  0.67350000E-01  0.11975586E-09
  0.67400000E-01  0.49136794E-08
  0.67450000E-01  0.58798373E-09
  0.67500000E-01 -0.44634055E-08
  0.67550000E-01 -0.13755810E-08
  0.67600000E-01 -0.46342504E-08
  0.67650000E-01  0.36843014E-08
  0.67700000E-01  0.42175651E-08
  0.67750000E-01 -0.39560196E-08
  0.67800000E-01  0.23744929E-08
  0.67850000E-01  0.31660277E-08
  0.67900000E-01 -0.38322909E-08
  0.67950000E-01  0.28507400E-08
  0.68000000E-01 -0.44888794E-09
  0.68050000E-01  0.48074889E-08
  0.68100000E-01  0.46082652E-08
  0.68150000E-01 -0.21552300E-08
  0.68200000E-01  0.87378025E-10
  0.68250000E-01 -0.20273742E-08
  0.68300000E-01 -0.67432046E-09
  0.68350000E-01  0.30948615E-08
  0.68400000E-01  0.43809515E-08
  0.68450000E-01  0.56957841E-09
  0.68500000E-01 -0.46431525E-08
  0.68550000E-01 -0.47463444E-08
  0.68600000E-01 -0.48229405E-08
  0.68650000E-01  0.23660105E-08
  0.68700000E-01 -0.25670014E-08
  0.68750000E-01  0.25205642E-08
  0.68800000E-01  0.21468389E-08
  0.68850000E-01  0.49876183E-08
  0.68900000E-01 -0.15217108E-08
  0.68950000E-01 -0.70367485E-09
  0.69000000E-01  0.61600626E-09
  0.69050000E-01 -0.17796144E-08
  0.69100000E-01  0.34941566E-08
  0.69150000E-01  0.67598045E-09
  0.69200000E-01 -0.13461927E-08
  0.69250000E-01 -0.13821462E-08
  0.69300000E-01 -0.83058745E-09
  0.69350000E-01 -0.25326917E-08
  0.69400000E-01 -0.17962378E-08
  0.69450000E-01  0.26223391E-08
  0.69500000E-01  0.15407288E-08
  0.69550000E-01 -0.23890877E-08
  0.69600000E-01 -0.17003837E-08
  0.69650000E-01 -0.68815857E-09
  0.69700000E-01  0.19309282E-09
  0.69750000E-01  0.12122035E-08
  0.69800000E-01  0.42546117E-08
  0.69850000E-01 -0.39131251E-08
  0.69900000E-01 -0.15446928E-08
  0.69950000E-01  0.33568001E-08
  0.70000000E-01  0.19952106E-08
  0.70050000E-01 -0.34301008E-08
  0.70100000E-01 -0.40217191E-09
  0.70150000E-01  0.10469902E-08
  0.70200000E-01  0.20745373E-08
  0.70250000E-01  0.25320017E-08
  0.70300000E-01  0.35254329E-08
  0.70350000E-01  0.24294090E-08
  0.70400000E-01  0.10735315E-08
  0.70450000E-01  0.57307482E-10
  0.70500000E-01  0.36197460E-08
  0.70550000E-01  0.28529876E-08
  0.70600000E-01 -0.36533090E-08
  0.70650000E-01 -0.30194150E-08
  0.70700000E-01 -0.26327839E-08
  0.70750000E-01  0.24639398E-08
  0.70800000E-01  0.25510436E-08
  0.70850000E-01 -0.32630441E-08
  0.70900000E-01 -0.47250233E-08
  0.70950000E-01 -0.32152157E-08
  0.71000000E-01 -0.21324968E-08
  0.71050000E-01  0.25737262E-08
  0.71100000E-01 -0.24066275E-08
  0.71150000E-01  0.25313956E-08
  0.71200000E-01  0.37406057E-08
  0.71250000E-01 -0.32993793E-09
  0.71300000E-01 -0.38023542E-08
  0.71350000E-01 -0.21806148E-08
  0.71400000E-01  0.35310239E-08
  0.71450000E-01  0.19120020E-08
  0.71500000E-01  0.18364751E-08
  0.71550000E-01 -0.36179326E-08
  0.71600000E-01 -0.12436849E-08
  0.71650000E-01  0.20244646E-08
  0.71700000E-01 -0.26873030E-08
  0.71750000E-01 -0.95739990E-09
  0.71800000E-01 -0.83279431E-09
  0.71850000E-01 -0.43307149E-08
  0.71900000E-01 -0.74964285E-09
  0.71950000E-01 -0.45445585E-08
  0.72000000E-01  0.10244364E-08
  0.72050000E-01 -0.39551102E-08
  0.72100000E-01 -0.48387861E-08
  0.72150000E-01 -0.29725061E-08
  0.72200000E-01  0.75484753E-09
  0.72250000E-01 -0.24627644E-08
  0.72300000E-01 -0.46292542E-08
  0.72350000E-01 -0.42448710E-08
  0.72400000E-01 -0.47125983E-08
  0.72450000E-01  0.10041529E-08
  0.72500000E-01  0.67169487E-09
  0.72550000E-01 -0.29905474E-08
  0.72600000E-01 -0.48047602E-09
  0.72650000E-01 -0.38263193E-08
  0.72700000E-01 -0.46940136E-08
  0.72750000E-01 -0.29027061E-08
  0.72800000E-01 -0.45631628E-08
  0.72850000E-01  0.28800333E-08
  0.72900000E-01  0.77320278E-09
  0.72950000E-01 -0.70687175E-09
  0.73000000E-01 -0.17318997E-08
  0.73050000E-01  0.18010664E-08
  0.73100000E-01  0.27970767E-08
  0.73150000E-01  0.94730198E-09
  0.73200000E-01  0.14736855E-08
  0.73250000E-01  0.34312183E-08
  0.73300000E-01  0.24270266E-08
  0.73350000E-01  0.19787574E-08
  0.73400000E-01  0.17969114E-08
  0.73450000E-01  0.65213442E-09
  0.73500000E-01  0.44851053E-08
  0.73550000E-01  0.29314864E-08
  0.73600000E-01 -0.13569975E-08
  0.73650000E-01  0.26114899E-08
  0.73700000E-01 -0.24750966E-08
  0.73750000E-01 -0.33530803E-08
  0.73800000E-01 -0.15346664E-08
  0.73850000E-01 -0.14018318E-08
  0.73900000E-01 -0.45125004E-08
  0.73950000E-01 -0.38500556E-08
  0.74000000E-01 -0.86654752E-09
  0.74050000E-01 -0.14090478E-09
  0.74100000E-01  0.43452680E-08
  0.74150000E-01 -0.26632911E-08
  0.74200000E-01  0.21564174E-08
  0.74250000E-01 -0.12759256E-08
  0.74300000E-01 -0.10523587E-09
  0.74350000E-01 -0.41047784E-08
  0.74400000E-01  0.30372441E-08
  0.74450000E-01 -0.25421411E-08
  0.74500000E-01 -0.42879651E-08
  0.74550000E-01 -0.21166512E-08
  0.74600000E-01 -0.48887762E-08
  0.74650000E-01 -0.31131633E-08
  0.74700000E-01  0.12953520E-09
  0.74750000E-01  0.64750612E-09
  0.74800000E-01 -0.26649716E-08
  0.74850000E-01 -0.49413345E-08
  0.74900000E-01  0.47337908E-08
  0.74950000E-01 -0.49344569E-09
  0.75000000E-01 -0.77468246E-09
  0.75050000E-01 -0.19815186E-08
  0.75100000E-01 -0.13364291E-08
  0.75150000E-01  0.18058974E-08
  0.75200000E-01 -0.11829376E-09
  0.75250000E-01  0.25945717E-08
  0.75300000E-01  0.48375845E-08
  0.75350000E-01  0.37784898E-08
  0.75400000E-01  0.38626653E-08
  0.75450000E-01  0.24742639E-08
  0.75500000E-01 -0.21477753E-08
  0.75550000E-01 -0.26368366E-08
  0.75600000E-01 -0.16775331E-08
  0.75650000E-01  0.38004881E-08
  0.75700000E-01  0.49791449E-08
  0.75750000E-01 -0.32964744E-08
  0.75800000E-01  0.46579945E-08
  0.75850000E-01 -0.30616298E-08
  0.75900000E-01 -0.49507263E-08
  0.75950000E-01 -0.52536935E-09
  0.76000000E-01 -0.42597887E-08
  0.76050000E-01 -0.88898540E-10
  0.76100000E-01 -0.46933156E-08
  0.76150000E-01 -0.39304593E-08
  0.76200000E-01  0.21078205E-08
  0.76250000E-01  0.39254075E-08
  0.76300000E-01  0.18418735E-08
  0.76350000E-01  0.41670942E-08
  0.76400000E-01 -0.20391175E-08
  0.76450000E-01  0.15009707E-08
  0.76500000E-01  0.32235992E-08
  0.76550000E-01 -0.43864804E-08
  0.76600000E-01  0.33928698E-08
  0.76650000E-01 -0.31745484E-08
  0.76700000E-01  0.45468593E-08
  0.76750000E-01 -0.48538795E-08
  0.76800000E-01 -0.12899730E-08
  0.76850000E-01 -0.18092784E-08
  0.76900000E-01  0.26560128E-08
  0.76950000E-01  0.30098653E-08
  0.77000000E-01  0.29403281E-08
  0.77050000E-01  0.61685443E-10
  0.77100000E-01 -0.19125122E-08
  0.77150000E-01  0.66673994E-09
  0.77200000E-01  0.14613253E-08
  0.77250000E-01 -0.47755601E-08
  0.77300000E-01 -0.17018020E-08
  0.77350000E-01  0.15317684E-08
  0.77400000E-01 -0.20170540E-09
  0.77450000E-01 -0.34116791E-08
  0.77500000E-01 -0.34483820E-08
  0.77550000E-01  0.12408191E-08
  0.77600000E-01 -0.48867842E-08
  0.77650000E-01 -0.54238111E-09
  0.77700000E-01  0.62404096E-09
  0.77750000E-01  0.42915976E-08
  0.77800000E-01 -0.17985189E-08
  0.77850000E-01  0.16708350E-08
  0.77900000E-01  0.19749814E-08
  0.77950000E-01 -0.31232026E-08
  0.78000000E-01  0.33978224E-10
  0.78050000E-01 -0.33268541E-08
  0.78100000E-01 -0.37483110E-08
  0.78150000E-01  0.30173218E-08
  0.78200000E-01  0.15902621E-08
  0.78250000E-01  0.38031721E-08
  0.78300000E-01  0.44966012E-08
  0.78350000E-01 -0.96195996E-09
  0.78400000E-01 -0.46130082E-08
  0.78450000E-01  0.35287857E-09
  0.78500000E-01  0.34376699E-08
  0.78550000E-01  0.19050258E-08
  0.78600000E-01 -0.60665905E-10
  0.78650000E-01  0.16818345E-08
  0.78700000E-01  0.76955616E-09
  0.78750000E-01 -0.29132627E-08
  0.78800000E-01 -0.49393899E-08
  0.78850000E-01 -0.11416599E-08
  0.78900000E-01  0.32634854E-08
  0.78950000E-01  0.22317469E-08
  0.79000000E-01 -0.16421774E-08
  0.79050000E-01  0.11856914E-08
  0.79100000E-01  0.23672926E-08
  0.79150000E-01  0.25751227E-08
  0.79200000E-01 -0.49943027E-08
  0.79250000E-01  0.16201603E-08
  0.79300000E-01  0.24099898E-08
  0.79350000E-01 -0.48040897E-09
  0.79400000E-01 -0.31802931E-08
  0.79450000E-01 -0.81523895E-09
  0.79500000E-01 -0.91091037E-09
  0.79550000E-01  0.28246546E-08
  0.79600000E-01  0.41903752E-08
  0.79650000E-01 -0.27333651E-08
  0.79700000E-01  0.39985180E-08
  0.79750000E-01 -0.11790201E-08
  0.79800000E-01 -0.18912628E-08
  0.79850000E-01 -0.49057033E-08
  0.79900000E-01  0.31919152E-08
  0.79950000E-01  0.33008885E-08
  0.80000000E-01 -0.15296355E-08
  0.80050000E-01 -0.31852096E-09
  0.80100000E-01  0.21423876E-08
  0.80150000E-01  0.45692319E-08
  0.80200000E-01  0.20547926E-08
  0.80250000E-01  0.48657054E-08
  0.80300000E-01  0.15257776E-09
  0.80350000E-01 -0.11098060E-08
  0.80400000E-01  0.46823233E-08
  0.80450000E-01 -0.30031060E-08
  0.80500000E-01 -0.13719767E-08
  0.80550000E-01 -0.39064833E-08
  0.80600000E-01  0.41471064E-08
  0.80650000E-01  0.25438905E-08
  0.80700000E-01 -0.43533015E-08
  0.80750000E-01 -0.48063106E-08
  0.80800000E-01 -0.32778509E-08
  0.80850000E-01 -0.35223138E-08
  0.80900000E-01 -0.28292221E-08
  0.80950000E-01 -0.10618836E-09
  0.81000000E-01  0.24771982E-08
  0.81050000E-01 -0.43381931E-08
  0.81100000E-01 -0.12194186E-08
  0.81150000E-01 -0.22371495E-08
  0.81200000E-01  0.16214794E-08
  0.81250000E-01  0.86193860E-09
  0.81300000E-01 -0.18855527E-08
  0.81350000E-01 -0.46595694E-08
  0.81400000E-01 -0.22696611E-08
  0.81450000E-01 -0.70867568E-09
  0.81500000E-01 -0.38495404E-08
  0.81550000E-01 -0.35533169E-08
  0.81600000E-01 -0.48424005E-08
  0.81650000E-01  0.28171599E-09
  0.81700000E-01 -0.47339545E-08
  0.81750000E-01  0.10828102E-08
  0.81800000E-01 -0.23960826E-08
  0.81850000E-01  0.36855650E-08
  0.81900000E-01  0.38804823E-08
  0.81950000E-01  0.38145733E-08
  0.82000000E-01  0.42651218E-08
  0.82050000E-01 -0.25078654E-09
  0.82100000E-01  0.18060225E-08
  0.82150000E-01  0.39070475E-08
  0.82200000E-01  0.68831801E-09
  0.82250000E-01 -0.33625513E-09
  0.82300000E-01  0.41967410E-08
  0.82350000E-01  0.38189328E-08
  0.82400000E-01  0.35737932E-08
  0.82450000E-01  0.88042617E-09
  0.82500000E-01  0.41311550E-08
  0.82550000E-01  0.57285130E-09
  0.82600000E-01  0.19942456E-08
  0.82650000E-01 -0.12135172E-08
  0.82700000E-01 -0.36222762E-08
  0.82750000E-01 -0.34604910E-08
  0.82800000E-01  0.25818801E-08
  0.82850000E-01 -0.22553512E-08
  0.82900000E-01  0.31950164E-08
  0.82950000E-01  0.39828354E-08
  0.83000000E-01  0.98824978E-09
  0.83050000E-01  0.48103553E-08
  0.83100000E-01  0.46356314E-08
  0.83150000E-01 -0.27688593E-08
  0.83200000E-01 -0.35469535E-08
  0.83250000E-01  0.37452424E-08
  0.83300000E-01 -0.29225281E-08
  0.83350000E-01 -0.13295621E-08
  0.83400000E-01  0.19212055E-08
  0.83450000E-01 -0.18041819E-08
  0.83500000E-01  0.29837626E-08
  0.83550000E-01 -0.57794690E-09
  0.83600000E-01 -0.27397256E-08
  0.83650000E-01  0.16036659E-08
  0.83700000E-01  0.41528696E-08
  0.83750000E-01 -0.35889706E-08
  0.83800000E-01 -0.32895513E-08
  0.83850000E-01  0.47120023E-08
  0.83900000E-01 -0.30172656E-08
  0.83950000E-01 -0.28852825E-08
  0.84000000E-01  0.29118323E-08
  0.84050000E-01 -0.15987563E-08
  0.84100000E-01  0.31025511E-08
  0.84150000E-01  0.12943226E-08
  0.84200000E-01  0.10083187E-08
  0.84250000E-01  0.21641982E-08
  0.84300000E-01 -0.33165535E-08
  0.84350000E-01  0.12528610E-08
  0.84400000E-01 -0.24755442E-08
  0.84450000E-01 -0.11690235E-08
  0.84500000E-01  0.73112845E-10
  0.84550000E-01  0.48859435E-08
  0.84600000E-01 -0.41049524E-08
  0.84650000E-01 -0.20347786E-08
  0.84700000E-01  0.46510518E-09
  0.84750000E-01 -0.30312684E-08
  0.84800000E-01  0.26771384E-08
  0.84850000E-01 -0.10575640E-08
  0.84900000E-01  0.25574964E-08
  0.84950000E-01 -0.57514995E-09
  0.85000000E-01  0.21679467E-08
  0.85050000E-01  0.14643025E-08
  0.85100000E-01 -0.26236632E-08
  0.85150000E-01  0.11023194E-08
  0.85200000E-01 -0.13428822E-08
  0.85250000E-01 -0.46434159E-08
  0.85300000E-01 -0.54304749E-09
  0.85350000E-01 -0.72045028E-09
  0.85400000E-01  0.28271955E-08
  0.85450000E-01  0.35621655E-08
  0.85500000E-01  0.36395717E-08
  0.85550000E-01  0.27800030E-08
  0.85600000E-01  0.31937730E-08
  0.85650000E-01  0.36410767E-08
  0.85700000E-01  0.35986048E-08
  0.85750000E-01 -0.32446796E-08
  0.85800000E-01 -0.32673636E-08
  0.85850000E-01 -0.45617381E-08
  0.85900000E-01  0.36812770E-08
  0.85950000E-01 -0.49328391E-08
  0.86000000E-01  0.30901629E-08
  0.86050000E-01  0.32549453E-08
  0.86100000E-01  0.23161930E-08
  0.86150000E-01  0.39407623E-08
  0.86200000E-01 -0.76210082E-09
  0.86250000E-01  0.68147004E-09
  0.86300000E-01 -0.29696630E-08
  0.86350000E-01 -0.41587125E-08
  0.86400000E-01 -0.28156215E-08
  0.86450000E-01  0.12881076E-08
  0.86500000E-01  0.13800496E-08
  0.86550000E-01  0.17677963E-08
  0.86600000E-01  0.61218262E-09
  0.86650000E-01  0.23728061E-08
  0.86700000E-01 -0.14131483E-08
  0.86750000E-01  0.47843039E-09
  0.86800000E-01  0.25228101E-08
  0.86850000E-01  0.24329662E-08
  0.86900000E-01  0.32151288E-08
  0.86950000E-01  0.11386532E-08
  0.87000000E-01  0.31318933E-08
  0.87050000E-01 -0.29760966E-08
  0.87100000E-01 -0.39451812E-08
  0.87150000E-01 -0.14338863E-08
  0.87200000E-01  0.44683361E-08
  0.87250000E-01 -0.39999534E-08
  0.87300000E-01  0.23165524E-08
  0.87350000E-01  0.46375453E-09
  0.87400000E-01  0.35590708E-09
  0.87450000E-01 -0.47765395E-08
  0.87500000E-01 -0.49208895E-08
  0.87550000E-01 -0.33447734E-08
  0.87600000E-01  0.41418642E-08
  0.87650000E-01  0.46882480E-08
  0.87700000E-01 -0.53647995E-09
  0.87750000E-01 -0.35026190E-08
  0.87800000E-01 -0.71820796E-09
  0.87850000E-01 -0.35133018E-08
  0.87900000E-01  0.33149177E-08
  0.87950000E-01 -0.20127448E-08
  0.88000000E-01  0.81831336E-09
  0.88050000E-01 -0.13699245E-08
  0.88100000E-01 -0.48172903E-08
  0.88150000E-01  0.81497908E-09
  0.88200000E-01  0.34702313E-08
  0.88250000E-01  0.47079962E-08
  0.88300000E-01 -0.21195132E-08
  0.88350000E-01 -0.18877089E-08
  0.88400000E-01 -0.35964510E-08
  0.88450000E-01  0.43497348E-08
  0.88500000E-01  0.12544036E-08
  0.88550000E-01 -0.12432167E-08
  0.88600000E-01  0.30296093E-08
  0.88650000E-01  0.13582069E-08
  0.88700000E-01 -0.15520585E-08
  0.88750000E-01 -0.32056753E-08
  0.88800000E-01  0.25528538E-08
  0.88850000E-01 -0.20703119E-08
  0.88900000E-01  0.48950458E-08
  0.88950000E-01  0.17566204E-08
  0.89000000E-01 -0.44483366E-08
  0.89050000E-01  0.39761543E-08
  0.89100000E-01 -0.44571279E-08
  0.89150000E-01 -0.10504484E-09
  0.89200000E-01 -0.42387971E-08
  0.89250000E-01 -0.26658832E-08
  0.89300000E-01  0.26487869E-08
  0.89350000E-01  0.24889356E-08
  0.89400000E-01  0.49618936E-08
  0.89450000E-01 -0.43609584E-08
  0.89500000E-01 -0.49459636E-08
  0.89550000E-01  0.20522642E-08
  0.89600000E-01 -0.42869135E-08
  0.89650000E-01 -0.21444392E-08
  0.89700000E-01 -0.38562400E-08
  0.89750000E-01  0.32619107E-08
  0.89800000E-01 -0.27175021E-08
  0.89850000E-01  0.29685718E-08
  0.89900000E-01  0.69827795E-09
  0.89950000E-01  0.27397770E-08
  0.90000000E-01 -0.18359324E-08
  0.90050000E-01  0.16398311E-08
  0.90100000E-01 -0.88378847E-09
  0.90150000E-01 -0.20295590E-09
  0.90200000E-01  0.31033993E-09
  0.90250000E-01 -0.12216994E-08
  0.90300000E-01 -0.23910195E-08
  0.90350000E-01  0.38671303E-08
  0.90400000E-01  0.37082297E-08
  0.90450000E-01 -0.18895775E-08
  0.90500000E-01 -0.30555691E-08
  0.90550000E-01  0.47394741E-08
  0.90600000E-01  0.31338781E-08
  0.90650000E-01  0.43272519E-08
  0.90700000E-01 -0.10827807E-08
  0.90750000E-01 -0.28607489E-08
  0.90800000E-01 -0.27448907E-08
  0.90850000E-01 -0.41996572E-08
  0.90900000E-01  0.11258298E-08
  0.90950000E-01 -0.50973982E-09
  0.91000000E-01 -0.70679009E-09
  0.91050000E-01 -0.32243337E-08
  0.91100000E-01 -0.29852360E-08
  0.91150000E-01  0.16631061E-08
  0.91200000E-01 -0.18342140E-08
  0.91250000E-01  0.36495084E-08
  0.91300000E-01  0.21018857E-08
  0.91350000E-01 -0.80419093E-09
  0.91400000E-01  0.42370921E-08
  0.91450000E-01 -0.32642484E-08
  0.91500000E-01 -0.42919272E-08
  0.91550000E-01  0.32913995E-08
  0.91600000E-01  0.13752639E-09
  0.91650000E-01 -0.32048239E-08
  0.91700000E-01 -0.48494541E-08
  0.91750000E-01  0.23542309E-08
  0.91800000E-01 -0.29219064E-08
  0.91850000E-01 -0.11493638E-08
  0.91900000E-01  0.42554379E-09
  0.91950000E-01  0.95801353E-10
  0.92000000E-01  0.10466349E-08
  0.92050000E-01 -0.10945126E-08
  0.92100000E-01 -0.33285429E-08
  0.92150000E-01  0.47633874E-08
  0.92200000E-01  0.34102511E-08
  0.92250000E-01  0.12215388E-08
  0.92300000E-01  0.15786660E-08
  0.92350000E-01 -0.31237529E-08
  0.92400000E-01  0.38630587E-08
  0.92450000E-01  0.33794218E-08
  0.92500000E-01  0.40854901E-08
  0.92550000E-01  0.47282165E-08
  0.92600000E-01  0.45967537E-08
  0.92650000E-01  0.23838371E-08
  0.92700000E-01 -0.48361710E-08
  0.92750000E-01 -0.41877310E-08
  0.92800000E-01  0.32395184E-09
  0.92850000E-01 -0.44233203E-09
  0.92900000E-01  0.31233847E-09
  0.92950000E-01  0.98052382E-09
  0.93000000E-01  0.39123923E-08
  0.93050000E-01  0.37665164E-08
  0.93100000E-01  0.21329403E-08
  0.93150000E-01 -0.18836439E-08
  0.93200000E-01 -0.42054140E-08
  0.93250000E-01  0.10959929E-08
  0.93300000E-01  0.43273008E-08
  0.93350000E-01  0.31069136E-08
  0.93400000E-01 -0.33348987E-08
  0.93450000E-01 -0.26631944E-08
  0.93500000E-01 -0.36078781E-09
  0.93550000E-01  0.17356813E-08
  0.93600000E-01  0.49553412E-08
  0.93650000E-01  0.18206644E-08
  0.93700000E-01 -0.32851645E-08
  0.93750000E-01  0.21363127E-08
  0.93800000E-01  0.30780250E-08
  0.93850000E-01  0.45971465E-08
  0.93900000E-01  0.32352918E-08
  0.93950000E-01  0.49677026E-08
  0.94000000E-01  0.33322972E-08
  0.94050000E-01  0.31214422E-08
  0.94100000E-01 -0.17813978E-08
  0.94150000E-01 -0.23370489E-08
  0.94200000E-01  0.34171891E-08
  0.94250000E-01 -0.21468669E-08
  0.94300000E-01  0.29982406E-08
  0.94350000E-01 -0.44771757E-08
  0.94400000E-01 -0.29789986E-08
  0.94450000E-01  0.46288615E-08
  0.94500000E-01  0.26744843E-08
  0.94550000E-01 -0.25221896E-08
  0.94600000E-01  0.49723005E-08
  0.94650000E-01  0.23205703E-08
  0.94700000E-01 -0.17024052E-08
  0.94750000E-01  0.37148672E-08
  0.94800000E-01  0.43842626E-08
  0.94850000E-01 -0.22123083E-08
  0.94900000E-01 -0.13839307E-08
  0.94950000E-01  0.34407526E-08
  0.95000000E-01 -0.45123380E-08
  0.95050000E-01  0.11822307E-08
  0.95100000E-01  0.19561422E-08
  0.95150000E-01 -0.28941193E-08
  0.95200000E-01  0.16503656E-08
  0.95250000E-01 -0.23031747E-08
  0.95300000E-01  0.31570578E-08
  0.95350000E-01  0.17116886E-08
  0.95400000E-01 -0.30026028E-08
  0.95450000E-01 -0.15438420E-08
  0.95500000E-01 -0.39030567E-08
  0.95550000E-01  0.92853010E-09
  0.95600000E-01  0.22809172E-08
  0.95650000E-01 -0.21796376E-09
  0.95700000E-01  0.21162963E-08
  0.95750000E-01 -0.19345742E-08
  0.95800000E-01  0.19408524E-09
  0.95850000E-01 -0.17784253E-08
  0.95900000E-01 -0.15266976E-08
  0.95950000E-01  0.28814572E-08
  0.96000000E-01  0.46595204E-08
  0.96050000E-01  0.37877935E-08
  0.96100000E-01  0.41725695E-08
  0.96150000E-01  0.28305399E-08
  0.96200000E-01  0.10632414E-08
  0.96250000E-01 -0.12247866E-08
  0.96300000E-01 -0.19137061E-08
  0.96350000E-01  0.15052652E-08
  0.96400000E-01 -0.23681837E-08
  0.96450000E-01  0.72130680E-09
  0.96500000E-01  0.26160949E-08
  0.96550000E-01 -0.12871644E-08
  0.96600000E-01 -0.86936772E-09
  0.96650000E-01 -0.16389540E-08
  0.96700000E-01  0.18682724E-08
  0.96750000E-01 -0.99146903E-09
  0.96800000E-01 -0.97497672E-09
  0.96850000E-01 -0.31389455E-08
  0.96900000E-01  0.85655749E-09
  0.96950000E-01 -0.48341739E-08
  0.97000000E-01  0.96505105E-09
  0.97050000E-01 -0.34512611E-08
  0.97100000E-01 -0.42822557E-08
  0.97150000E-01  0.22236449E-08
  0.97200000E-01  0.30445898E-08
  0.97250000E-01 -0.42395180E-08
  0.97300000E-01  0.34201688E-08
  0.97350000E-01 -0.27729681E-08
  0.97400000E-01 -0.44758356E-08
  0.97450000E-01  0.36815703E-09
  0.97500000E-01 -0.22845396E-08
  0.97550000E-01  0.34933215E-08
  0.97600000E-01  0.25426102E-08
  0.97650000E-01  0.24893111E-08
  0.97700000E-01 -0.48320264E-08
  0.97750000E-01 -0.24253607E-08
  0.97800000E-01 -0.32769445E-08
  0.97850000E-01 -0.77158272E-09
  0.97900000E-01 -0.47292127E-08
  0.97950000E-01  0.27102351E-08
  0.98000000E-01  0.20517588E-09
  0.98050000E-01 -0.79753578E-09
  0.98100000E-01  0.12243116E-08
  0.98150000E-01  0.36193055E-08
  0.98200000E-01 -0.12655044E-08
  0.98250000E-01  0.10042673E-08
  0.98300000E-01  0.13136059E-08
  0.98350000E-01  0.35370237E-08
  0.98400000E-01 -0.28040260E-09
  0.98450000E-01 -0.25067213E-08
  0.98500000E-01 -0.42621744E-08
  0.98550000E-01 -0.48237724E-08
  0.98600000E-01 -0.12439975E-08
  0.98650000E-01 -0.24804938E-08
  0.98700000E-01  0.25845945E-08
  0.98750000E-01  0.18471938E-08
  0.98800000E-01  0.18177408E-08
  0.98850000E-01  0.39823127E-08
  0.98900000E-01  0.62585533E-09
  0.98950000E-01 -0.29063977E-08
  0.99000000E-01  0.32222748E-09
  0.99050000E-01  0.47662973E-09
  0.99100000E-01 -0.15865654E-08
  0.99150000E-01 -0.28969489E-08
  0.99200000E-01 -0.38050606E-08
  0.99250000E-01  0.28565508E-08
  0.99300000E-01 -0.29793186E-08
  0.99350000E-01  0.41497207E-08
  0.99400000E-01 -0.42458415E-09
  0.99450000E-01  0.33325970E-09
  0.99500000E-01  0.33940196E-08
  0.99550000E-01 -0.42104116E-08
  0.99600000E-01  0.36737430E-08
  0.99650000E-01 -0.39181510E-08
  0.99700000E-01  0.43071657E-08
  0.99750000E-01  0.24536586E-08
  0.99800000E-01  0.98962009E-09
  0.99850000E-01 -0.14914194E-08
  0.99900000E-01  0.36460948E-08
  0.99950000E-01  0.42405665E-09
  0.10000000       0.0000000    
