  0.50000000E-04  0.31427699E-08
  0.10000000E-03 -0.96434444E-09
  0.15000000E-03  0.37256795E-08
  0.20000000E-03  0.14826596E-09
  0.25000000E-03 -0.30307558E-08
  0.30000000E-03 -0.29768756E-08
  0.35000000E-03  0.26190090E-08
  0.40000000E-03  0.70462525E-09
  0.45000000E-03  0.41575927E-08
  0.50000000E-03 -0.44894581E-08
  0.55000000E-03  0.49588287E-08
  0.60000000E-03  0.46077555E-08
  0.65000000E-03 -0.15109646E-08
  0.70000000E-03  0.23840803E-08
  0.75000000E-03  0.11475259E-08
  0.80000000E-03 -0.38661271E-09
  0.85000000E-03  0.48835278E-10
  0.90000000E-03  0.62055945E-09
  0.95000000E-03  0.33750629E-08
  0.10000000E-02 -0.41690865E-08
  0.10500000E-02  0.16379690E-08
  0.11000000E-02  0.10640931E-08
  0.11500000E-02 -0.47035248E-08
  0.12000000E-02 -0.15389264E-08
  0.12500000E-02  0.92292607E-09
  0.13000000E-02 -0.23469272E-08
  0.13500000E-02  0.18813413E-08
  0.14000000E-02 -0.43489151E-08
  0.14500000E-02  0.16238052E-08
  0.15000000E-02  0.45240396E-08
  0.15500000E-02  0.62156439E-09
  0.16000000E-02  0.23218524E-08
  0.16500000E-02 -0.11239851E-08
  0.17000000E-02  0.13618302E-08
  0.17500000E-02 -0.14012063E-08
  0.18000000E-02 -0.38595408E-09
  0.18500000E-02 -0.26400685E-08
  0.19000000E-02 -0.16245455E-09
  0.19500000E-02  0.60494363E-09
  0.20000000E-02 -0.28972477E-09
  0.20500000E-02  0.20725828E-08
  0.21000000E-02 -0.24607974E-08
  0.21500000E-02  0.11051226E-08
  0.22000000E-02  0.31925952E-08
  0.22500000E-02  0.40228438E-08
  0.23000000E-02 -0.45635182E-08
  0.23500000E-02 -0.48087373E-08
  0.24000000E-02  0.16695976E-08
  0.24500000E-02  0.16169602E-08
  0.25000000E-02  0.46505928E-08
  0.25500000E-02  0.20463169E-08
  0.26000000E-02  0.37927747E-09
  0.26500000E-02  0.18160039E-08
  0.27000000E-02 -0.45285004E-08
  0.27500000E-02 -0.34786566E-08
  0.28000000E-02  0.14863282E-08
  0.28500000E-02 -0.30322646E-08
  0.29000000E-02  0.30215830E-08
  0.29500000E-02  0.28964299E-08
  0.30000000E-02 -0.18582916E-08
  0.30500000E-02  0.45318800E-08
  0.31000000E-02 -0.10488197E-08
  0.31500000E-02  0.33012968E-08
  0.32000000E-02 -0.17281982E-08
  0.32500000E-02 -0.42895599E-08
  0.33000000E-02 -0.33458883E-08
  0.33500000E-02 -0.16084379E-08
  0.34000000E-02 -0.11847740E-08
  0.34500000E-02  0.20870960E-08
  0.35000000E-02 -0.16609985E-08
  0.35500000E-02 -0.70753992E-09
  0.36000000E-02 -0.25493172E-08
  0.36500000E-02  0.12259817E-08
  0.37000000E-02  0.19476593E-09
  0.37500000E-02  0.18569940E-08
  0.38000000E-02 -0.20119548E-08
  0.38500000E-02 -0.23268396E-08
  0.39000000E-02  0.71281254E-09
  0.39500000E-02  0.42591447E-08
  0.40000000E-02 -0.23545474E-09
  0.40500000E-02 -0.45662941E-08
  0.41000000E-02  0.59697032E-09
  0.41500000E-02 -0.44486872E-08
  0.42000000E-02 -0.15964735E-08
  0.42500000E-02  0.23090601E-08
  0.43000000E-02  0.23137850E-08
  0.43500000E-02 -0.35306825E-08
  0.44000000E-02  0.21395487E-08
  0.44500000E-02 -0.36429343E-08
  0.45000000E-02  0.94325781E-09
  0.45500000E-02  0.24384147E-08
  0.46000000E-02  0.24318069E-08
  0.46500000E-02 -0.29011914E-08
  0.47000000E-02 -0.36691278E-08
  0.47500000E-02 -0.47174836E-08
  0.48000000E-02  0.31491083E-08
  0.48500000E-02  0.47477561E-08
  0.49000000E-02 -0.49949861E-08
  0.49500000E-02 -0.35330783E-08
  0.50000000E-02 -0.12107816E-08
  0.50500000E-02  0.27795774E-08
  0.51000000E-02 -0.33995959E-08
  0.51500000E-02  0.11177003E-08
  0.52000000E-02 -0.47627763E-08
  0.52500000E-02 -0.17749780E-08
  0.53000000E-02  0.35285807E-08
  0.53500000E-02  0.13349670E-08
  0.54000000E-02 -0.33195075E-08
  0.54500000E-02  0.34203976E-08
  0.55000000E-02  0.26864517E-08
  0.55500000E-02  0.15259290E-08
  0.56000000E-02  0.18912387E-08
  0.56500000E-02  0.11232525E-08
  0.57000000E-02 -0.31138359E-08
  0.57500000E-02  0.25772828E-08
  0.58000000E-02 -0.56343406E-09
  0.58500000E-02  0.17007756E-08
  0.59000000E-02  0.38044798E-08
  0.59500000E-02  0.28632510E-08
  0.60000000E-02 -0.11591089E-08
  0.60500000E-02  0.20652354E-09
  0.61000000E-02  0.16592580E-08
  0.61500000E-02 -0.28752881E-08
  0.62000000E-02  0.17306852E-08
  0.62500000E-02  0.28177899E-08
  0.63000000E-02 -0.22827345E-08
  0.63500000E-02 -0.32869850E-08
  0.64000000E-02 -0.25709808E-08
  0.64500000E-02  0.42116904E-08
  0.65000000E-02  0.11629874E-08
  0.65500000E-02  0.83896518E-10
  0.66000000E-02  0.28142929E-10
  0.66500000E-02 -0.15108964E-08
  0.67000000E-02  0.45436543E-08
  0.67500000E-02 -0.37218502E-08
  0.68000000E-02  0.12460113E-09
  0.68500000E-02  0.40844858E-08
  0.69000000E-02  0.11551893E-08
  0.69500000E-02  0.33307236E-08
  0.70000000E-02  0.30158281E-09
  0.70500000E-02  0.61389446E-09
  0.71000000E-02  0.49054271E-08
  0.71500000E-02  0.11035562E-08
  0.72000000E-02 -0.16407716E-08
  0.72500000E-02 -0.13447326E-08
  0.73000000E-02 -0.28983219E-08
  0.73500000E-02 -0.96230716E-09
  0.74000000E-02  0.18250954E-08
  0.74500000E-02  0.81797302E-09
  0.75000000E-02 -0.28029665E-08
  0.75500000E-02  0.43791205E-08
  0.76000000E-02  0.18288153E-08
  0.76500000E-02  0.18827856E-09
  0.77000000E-02 -0.23971874E-08
  0.77500000E-02  0.28113186E-08
  0.78000000E-02 -0.39362200E-08
  0.78500000E-02  0.17103541E-08
  0.79000000E-02  0.36663973E-08
  0.79500000E-02 -0.26054330E-08
  0.80000000E-02 -0.30795032E-08
  0.80500000E-02  0.49151754E-08
  0.81000000E-02 -0.27829021E-09
  0.81500000E-02 -0.19099849E-08
  0.82000000E-02  0.11370075E-08
  0.82500000E-02  0.11086816E-08
  0.83000000E-02 -0.54621398E-10
  0.83500000E-02 -0.18014893E-08
  0.84000000E-02  0.39219171E-08
  0.84500000E-02 -0.26362513E-08
  0.85000000E-02 -0.25675064E-08
  0.85500000E-02  0.37720937E-08
  0.86000000E-02  0.27157438E-08
  0.86500000E-02  0.44868529E-08
  0.87000000E-02 -0.12902290E-09
  0.87500000E-02 -0.47947198E-09
  0.88000000E-02 -0.14057478E-08
  0.88500000E-02  0.82409620E-09
  0.89000000E-02 -0.40919126E-08
  0.89500000E-02  0.10970020E-08
  0.90000000E-02  0.51073551E-09
  0.90500000E-02  0.48644412E-08
  0.91000000E-02 -0.14701498E-08
  0.91500000E-02 -0.24231929E-08
  0.92000000E-02 -0.28125013E-08
  0.92500000E-02  0.54434896E-09
  0.93000000E-02  0.20351094E-08
  0.93500000E-02 -0.41354156E-08
  0.94000000E-02  0.12522531E-08
  0.94500000E-02  0.22171396E-08
  0.95000000E-02 -0.25217457E-08
  0.95500000E-02 -0.21759212E-09
  0.96000000E-02  0.49372137E-09
  0.96500000E-02 -0.18697482E-08
  0.97000000E-02  0.47601438E-08
  0.97500000E-02  0.14880699E-08
  0.98000000E-02  0.26982176E-08
  0.98500000E-02 -0.17724085E-08
  0.99000000E-02 -0.57580769E-10
  0.99500000E-02 -0.64736426E-09
  0.10000000E-01 -0.36364943E-08
  0.10050000E-01  0.15790731E-08
  0.10100000E-01  0.20524800E-08
  0.10150000E-01  0.38972151E-08
  0.10200000E-01  0.86994529E-09
  0.10250000E-01 -0.25126778E-08
  0.10300000E-01  0.41803300E-08
  0.10350000E-01  0.22024721E-08
  0.10400000E-01 -0.32284530E-08
  0.10450000E-01 -0.28502136E-09
  0.10500000E-01 -0.20227915E-08
  0.10550000E-01  0.35463125E-08
  0.10600000E-01  0.12425661E-09
  0.10650000E-01 -0.16751131E-08
  0.10700000E-01  0.44392139E-08
  0.10750000E-01  0.46954119E-08
  0.10800000E-01 -0.47843664E-08
  0.10850000E-01  0.35411680E-08
  0.10900000E-01  0.37759572E-08
  0.10950000E-01 -0.32024990E-08
  0.11000000E-01  0.90152740E-09
  0.11050000E-01 -0.25054514E-10
  0.11100000E-01 -0.29001796E-08
  0.11150000E-01 -0.14475563E-08
  0.11200000E-01  0.26138926E-08
  0.11250000E-01  0.45686781E-08
  0.11300000E-01 -0.33302891E-08
  0.11350000E-01  0.10609627E-10
  0.11400000E-01 -0.33972611E-08
  0.11450000E-01 -0.14437979E-08
  0.11500000E-01  0.22281337E-08
  0.11550000E-01 -0.12075323E-08
  0.11600000E-01  0.22877795E-08
  0.11650000E-01  0.49005985E-09
  0.11700000E-01  0.16021520E-08
  0.11750000E-01  0.43465799E-08
  0.11800000E-01  0.57784915E-09
  0.11850000E-01 -0.91982335E-09
  0.11900000E-01 -0.14804611E-08
  0.11950000E-01 -0.27230439E-08
  0.12000000E-01  0.12806523E-08
  0.12050000E-01 -0.27245593E-08
  0.12100000E-01 -0.29901622E-08
  0.12150000E-01  0.24471343E-09
  0.12200000E-01 -0.28800991E-08
  0.12250000E-01 -0.16787851E-08
  0.12300000E-01  0.45902383E-08
  0.12350000E-01 -0.51791191E-09
  0.12400000E-01  0.97694457E-09
  0.12450000E-01  0.19818914E-08
  0.12500000E-01  0.36780119E-08
  0.12550000E-01 -0.49580776E-08
  0.12600000E-01  0.23601943E-08
  0.12650000E-01 -0.18113250E-08
  0.12700000E-01 -0.24399048E-08
  0.12750000E-01  0.42458880E-08
  0.12800000E-01  0.24993706E-08
  0.12850000E-01 -0.10688689E-08
  0.12900000E-01  0.24615288E-09
  0.12950000E-01  0.10310197E-08
  0.13000000E-01  0.27317375E-08
  0.13050000E-01  0.44099194E-08
  0.13100000E-01 -0.35253228E-08
  0.13150000E-01  0.44207078E-08
  0.13200000E-01 -0.39884461E-08
  0.13250000E-01 -0.42303065E-08
  0.13300000E-01 -0.17981589E-09
  0.13350000E-01  0.44560695E-08
  0.13400000E-01 -0.17276675E-09
  0.13450000E-01  0.28834742E-08
  0.13500000E-01  0.36842215E-08
  0.13550000E-01 -0.13293624E-10
  0.13600000E-01 -0.12248403E-08
  0.13650000E-01  0.93606889E-09
  0.13700000E-01  0.59711933E-09
  0.13750000E-01 -0.45792995E-08
  0.13800000E-01  0.40703541E-08
  0.13850000E-01 -0.18079829E-08
  0.13900000E-01 -0.33658147E-08
  0.13950000E-01  0.10743523E-08
  0.14000000E-01  0.31241250E-08
  0.14050000E-01  0.11208993E-08
  0.14100000E-01 -0.34637842E-08
  0.14150000E-01 -0.49326205E-08
  0.14200000E-01  0.18863350E-08
  0.14250000E-01 -0.27355517E-08
  0.14300000E-01 -0.45896091E-08
  0.14350000E-01 -0.17209500E-08
  0.14400000E-01  0.23975843E-08
  0.14450000E-01 -0.37784278E-08
  0.14500000E-01 -0.25493263E-08
  0.14550000E-01 -0.22406796E-08
  0.14600000E-01  0.24731469E-08
  0.14650000E-01 -0.28270884E-08
  0.14700000E-01 -0.28330684E-10
  0.14750000E-01  0.36281627E-08
  0.14800000E-01 -0.16898257E-08
  0.14850000E-01 -0.38907732E-08
  0.14900000E-01  0.40940028E-08
  0.14950000E-01  0.47249687E-08
  0.15000000E-01  0.20153487E-08
  0.15050000E-01 -0.25438744E-08
  0.15100000E-01  0.35281265E-08
  0.15150000E-01  0.12026572E-08
  0.15200000E-01  0.39698511E-08
  0.15250000E-01 -0.32318754E-08
  0.15300000E-01 -0.43906547E-08
  0.15350000E-01 -0.20523810E-08
  0.15400000E-01 -0.20209402E-08
  0.15450000E-01  0.29461533E-08
  0.15500000E-01 -0.21894243E-08
  0.15550000E-01 -0.27369475E-08
  0.15600000E-01 -0.30743283E-08
  0.15650000E-01 -0.48545448E-08
  0.15700000E-01  0.43793499E-08
  0.15750000E-01 -0.79230607E-09
  0.15800000E-01  0.24272698E-08
  0.15850000E-01 -0.33587766E-08
  0.15900000E-01 -0.26564804E-08
  0.15950000E-01  0.24352115E-08
  0.16000000E-01 -0.19752350E-08
  0.16050000E-01 -0.10893825E-08
  0.16100000E-01  0.70034146E-09
  0.16150000E-01 -0.31694919E-09
  0.16200000E-01  0.33093601E-08
  0.16250000E-01 -0.41027604E-08
  0.16300000E-01 -0.31072259E-09
  0.16350000E-01 -0.22832769E-08
  0.16400000E-01  0.21970665E-08
  0.16450000E-01 -0.24789903E-08
  0.16500000E-01  0.30867952E-08
  0.16550000E-01  0.35167617E-08
  0.16600000E-01  0.39591962E-08
  0.16650000E-01 -0.42492981E-08
  0.16700000E-01 -0.42159706E-08
  0.16750000E-01 -0.26498376E-08
  0.16800000E-01 -0.46438669E-08
  0.16850000E-01  0.15657043E-08
  0.16900000E-01  0.27025646E-08
  0.16950000E-01 -0.12294674E-08
  0.17000000E-01  0.30419362E-08
  0.17050000E-01  0.17251456E-08
  0.17100000E-01  0.43524128E-08
  0.17150000E-01  0.66144228E-09
  0.17200000E-01 -0.34414004E-08
  0.17250000E-01  0.18538994E-08
  0.17300000E-01  0.37395984E-08
  0.17350000E-01  0.33072186E-08
  0.17400000E-01  0.12693781E-08
  0.17450000E-01  0.47097379E-08
  0.17500000E-01  0.31863743E-08
  0.17550000E-01  0.38664097E-08
  0.17600000E-01 -0.40603602E-08
  0.17650000E-01  0.27288139E-09
  0.17700000E-01  0.30867237E-08
  0.17750000E-01  0.20190728E-08
  0.17800000E-01 -0.11857644E-08
  0.17850000E-01 -0.24271077E-08
  0.17900000E-01  0.16617066E-08
  0.17950000E-01  0.42116112E-08
  0.18000000E-01 -0.79861611E-09
  0.18050000E-01  0.30978537E-08
  0.18100000E-01  0.33708864E-08
  0.18150000E-01 -0.19203365E-09
  0.18200000E-01  0.21126419E-08
  0.18250000E-01 -0.22303730E-09
  0.18300000E-01 -0.47005824E-08
  0.18350000E-01  0.59701264E-09
  0.18400000E-01  0.48660922E-08
  0.18450000E-01 -0.32688171E-08
  0.18500000E-01  0.16971272E-08
  0.18550000E-01 -0.29560724E-08
  0.18600000E-01  0.42570043E-08
  0.18650000E-01  0.40599108E-09
  0.18700000E-01 -0.17183226E-08
  0.18750000E-01  0.36830539E-08
  0.18800000E-01 -0.27398908E-08
  0.18850000E-01  0.50113201E-09
  0.18900000E-01  0.14311862E-08
  0.18950000E-01 -0.16576537E-08
  0.19000000E-01  0.22788805E-08
  0.19050000E-01 -0.46179191E-08
  0.19100000E-01  0.27115548E-08
  0.19150000E-01 -0.33730195E-08
  0.19200000E-01 -0.45755804E-10
  0.19250000E-01  0.39698821E-08
  0.19300000E-01 -0.44681007E-08
  0.19350000E-01  0.14785135E-08
  0.19400000E-01 -0.13333645E-08
  0.19450000E-01  0.32887495E-08
  0.19500000E-01 -0.40223525E-08
  0.19550000E-01  0.27402031E-08
  0.19600000E-01  0.16654676E-08
  0.19650000E-01 -0.18605047E-08
  0.19700000E-01  0.45046628E-08
  0.19750000E-01  0.34103155E-08
  0.19800000E-01  0.24439073E-08
  0.19850000E-01 -0.48497885E-09
  0.19900000E-01  0.12379080E-08
  0.19950000E-01 -0.38135988E-08
  0.20000000E-01  0.19368780E-08
  0.20050000E-01 -0.15779388E-08
  0.20100000E-01  0.24704486E-08
  0.20150000E-01 -0.29777233E-08
  0.20200000E-01  0.17774147E-08
  0.20250000E-01 -0.43927322E-08
  0.20300000E-01  0.16004813E-08
  0.20350000E-01 -0.43998904E-08
  0.20400000E-01  0.46207523E-08
  0.20450000E-01  0.27170897E-08
  0.20500000E-01  0.20042169E-08
  0.20550000E-01  0.28929824E-08
  0.20600000E-01  0.47059512E-08
  0.20650000E-01 -0.18511951E-09
  0.20700000E-01 -0.97789526E-09
  0.20750000E-01 -0.38603365E-09
  0.20800000E-01 -0.42624059E-08
  0.20850000E-01  0.39632654E-08
  0.20900000E-01  0.49284768E-08
  0.20950000E-01  0.33336234E-08
  0.21000000E-01  0.47831303E-08
  0.21050000E-01 -0.26681538E-08
  0.21100000E-01 -0.15251756E-09
  0.21150000E-01 -0.21796817E-08
  0.21200000E-01 -0.43000191E-09
  0.21250000E-01 -0.24626079E-08
  0.21300000E-01  0.37417775E-08
  0.21350000E-01 -0.17215595E-08
  0.21400000E-01  0.34690565E-08
  0.21450000E-01 -0.11461729E-08
  0.21500000E-01  0.27826631E-08
  0.21550000E-01  0.34644186E-09
  0.21600000E-01 -0.32504946E-09
  0.21650000E-01  0.24542361E-08
  0.21700000E-01 -0.47981728E-08
  0.21750000E-01  0.79320252E-09
  0.21800000E-01  0.57126880E-09
  0.21850000E-01 -0.19728780E-08
  0.21900000E-01  0.20013493E-08
  0.21950000E-01  0.68183839E-09
  0.22000000E-01  0.16352242E-08
  0.22050000E-01  0.46981966E-08
  0.22100000E-01 -0.18261608E-08
  0.22150000E-01  0.36960071E-08
  0.22200000E-01 -0.17073098E-08
  0.22250000E-01 -0.19266534E-08
  0.22300000E-01 -0.59892923E-09
  0.22350000E-01 -0.16299012E-08
  0.22400000E-01  0.25819564E-08
  0.22450000E-01  0.39989763E-08
  0.22500000E-01  0.31994265E-08
  0.22550000E-01 -0.22375262E-08
  0.22600000E-01 -0.35847276E-09
  0.22650000E-01 -0.44735679E-08
  0.22700000E-01  0.28664076E-08
  0.22750000E-01 -0.28655410E-09
  0.22800000E-01  0.28076661E-08
  0.22850000E-01  0.21220493E-08
  0.22900000E-01  0.10192382E-08
  0.22950000E-01 -0.15737835E-08
  0.23000000E-01 -0.12200463E-08
  0.23050000E-01 -0.12051892E-08
  0.23100000E-01 -0.45250197E-08
  0.23150000E-01 -0.12155786E-08
  0.23200000E-01 -0.24223149E-09
  0.23250000E-01  0.16461915E-08
  0.23300000E-01  0.99043846E-09
  0.23350000E-01 -0.47309423E-08
  0.23400000E-01 -0.19435871E-08
  0.23450000E-01  0.11016721E-08
  0.23500000E-01  0.11508274E-08
  0.23550000E-01 -0.56170374E-09
  0.23600000E-01 -0.48773569E-08
  0.23650000E-01 -0.37489918E-08
  0.23700000E-01 -0.30774772E-10
  0.23750000E-01  0.18194258E-09
  0.23800000E-01 -0.15707347E-08
  0.23850000E-01 -0.15132099E-09
  0.23900000E-01  0.13256246E-08
  0.23950000E-01  0.25714070E-08
  0.24000000E-01  0.27932942E-08
  0.24050000E-01  0.15098810E-09
  0.24100000E-01 -0.12920752E-08
  0.24150000E-01  0.14598352E-08
  0.24200000E-01 -0.29073824E-08
  0.24250000E-01  0.27660042E-08
  0.24300000E-01  0.16409618E-08
  0.24350000E-01  0.13239884E-08
  0.24400000E-01 -0.24344975E-08
  0.24450000E-01  0.31767297E-08
  0.24500000E-01  0.38347244E-08
  0.24550000E-01 -0.36983883E-08
  0.24600000E-01 -0.25205028E-08
  0.24650000E-01 -0.13784003E-08
  0.24700000E-01 -0.30426979E-09
  0.24750000E-01 -0.13010827E-08
  0.24800000E-01 -0.22822356E-08
  0.24850000E-01  0.41787624E-09
  0.24900000E-01  0.32577193E-08
  0.24950000E-01  0.17294657E-08
  0.25000000E-01 -0.46429177E-08
  0.25050000E-01  0.48545557E-08
  0.25100000E-01 -0.31938860E-08
  0.25150000E-01  0.32035547E-08
  0.25200000E-01  0.41131586E-08
  0.25250000E-01  0.42962366E-08
  0.25300000E-01  0.12619704E-08
  0.25350000E-01  0.35885799E-08
  0.25400000E-01 -0.31113417E-08
  0.25450000E-01  0.62867403E-09
  0.25500000E-01 -0.24373233E-09
  0.25550000E-01  0.48706841E-08
  0.25600000E-01 -0.48141212E-08
  0.25650000E-01  0.21921599E-08
  0.25700000E-01 -0.45119885E-08
  0.25750000E-01 -0.15136153E-08
  0.25800000E-01 -0.35597897E-08
  0.25850000E-01 -0.21383637E-08
  0.25900000E-01 -0.32484120E-08
  0.25950000E-01  0.42955732E-08
  0.26000000E-01 -0.79405844E-09
  0.26050000E-01 -0.34043267E-08
  0.26100000E-01 -0.24953929E-08
  0.26150000E-01 -0.34527838E-08
  0.26200000E-01 -0.12037241E-08
  0.26250000E-01 -0.11008975E-08
  0.26300000E-01 -0.51966041E-09
  0.26350000E-01  0.31047064E-08
  0.26400000E-01 -0.28162253E-08
  0.26450000E-01  0.12298459E-08
  0.26500000E-01  0.11410177E-09
  0.26550000E-01 -0.99299312E-09
  0.26600000E-01  0.15025687E-08
  0.26650000E-01 -0.25958717E-10
  0.26700000E-01 -0.35565999E-08
  0.26750000E-01 -0.23622125E-08
  0.26800000E-01  0.18673885E-08
  0.26850000E-01 -0.37240802E-08
  0.26900000E-01  0.45867795E-08
  0.26950000E-01 -0.29376706E-08
  0.27000000E-01  0.39710444E-08
  0.27050000E-01  0.42039728E-08
  0.27100000E-01  0.22944748E-08
  0.27150000E-01  0.40062898E-08
  0.27200000E-01 -0.39820194E-09
  0.27250000E-01 -0.40027849E-08
  0.27300000E-01  0.17872572E-08
  0.27350000E-01 -0.19188663E-08
  0.27400000E-01 -0.23651469E-08
  0.27450000E-01 -0.28380692E-08
  0.27500000E-01 -0.37153712E-08
  0.27550000E-01 -0.42984737E-08
  0.27600000E-01 -0.35912481E-08
  0.27650000E-01 -0.10326806E-08
  0.27700000E-01 -0.21996188E-08
  0.27750000E-01 -0.43582244E-08
  0.27800000E-01  0.34892678E-09
  0.27850000E-01  0.43686694E-08
  0.27900000E-01 -0.30922368E-08
  0.27950000E-01 -0.38934993E-08
  0.28000000E-01  0.41951704E-08
  0.28050000E-01  0.14333260E-08
  0.28100000E-01  0.13267124E-08
  0.28150000E-01  0.12164730E-08
  0.28200000E-01 -0.47258000E-08
  0.28250000E-01 -0.17434213E-08
  0.28300000E-01  0.15170687E-08
  0.28350000E-01 -0.44372119E-08
  0.28400000E-01 -0.43494334E-08
  0.28450000E-01  0.12153560E-08
  0.28500000E-01 -0.28730907E-08
  0.28550000E-01  0.37802601E-08
  0.28600000E-01 -0.25736295E-08
  0.28650000E-01  0.13407928E-08
  0.28700000E-01  0.67194402E-09
  0.28750000E-01 -0.27844264E-08
  0.28800000E-01  0.42934078E-08
  0.28850000E-01 -0.21231270E-08
  0.28900000E-01 -0.19267702E-08
  0.28950000E-01  0.44010878E-10
  0.29000000E-01 -0.27870235E-08
  0.29050000E-01  0.23294270E-08
  0.29100000E-01  0.55494905E-10
  0.29150000E-01  0.31859040E-09
  0.29200000E-01  0.44159591E-09
  0.29250000E-01  0.34037018E-08
  0.29300000E-01 -0.25678943E-08
  0.29350000E-01 -0.43817457E-08
  0.29400000E-01 -0.47829537E-08
  0.29450000E-01 -0.36883861E-09
  0.29500000E-01  0.17104101E-08
  0.29550000E-01  0.12260312E-08
  0.29600000E-01  0.11006516E-08
  0.29650000E-01 -0.15547276E-09
  0.29700000E-01  0.26557505E-09
  0.29750000E-01  0.14860773E-08
  0.29800000E-01  0.45781970E-08
  0.29850000E-01  0.22626162E-08
  0.29900000E-01 -0.11812693E-08
  0.29950000E-01  0.44781458E-08
  0.30000000E-01 -0.19152439E-08
  0.30050000E-01  0.27398664E-08
  0.30100000E-01 -0.22535583E-08
  0.30150000E-01  0.42496073E-08
  0.30200000E-01 -0.11209863E-08
  0.30250000E-01 -0.12718537E-08
  0.30300000E-01 -0.49319410E-08
  0.30350000E-01  0.16417062E-08
  0.30400000E-01  0.89587629E-09
  0.30450000E-01 -0.97855181E-09
  0.30500000E-01  0.36746085E-08
  0.30550000E-01 -0.32426824E-08
  0.30600000E-01  0.28735733E-08
  0.30650000E-01 -0.43872293E-08
  0.30700000E-01  0.22529054E-08
  0.30750000E-01 -0.49005884E-08
  0.30800000E-01 -0.49466277E-08
  0.30850000E-01 -0.12934598E-08
  0.30900000E-01 -0.34344316E-08
  0.30950000E-01  0.22157758E-08
  0.31000000E-01 -0.40200591E-08
  0.31050000E-01 -0.34063704E-08
  0.31100000E-01 -0.80286473E-09
  0.31150000E-01  0.48500133E-08
  0.31200000E-01  0.12514579E-08
  0.31250000E-01 -0.25332487E-08
  0.31300000E-01 -0.71954519E-09
  0.31350000E-01 -0.18468994E-08
  0.31400000E-01 -0.35475309E-08
  0.31450000E-01  0.24510622E-08
  0.31500000E-01  0.29324079E-08
  0.31550000E-01 -0.20888287E-08
  0.31600000E-01 -0.20325249E-08
  0.31650000E-01 -0.38106824E-08
  0.31700000E-01  0.33892357E-08
  0.31750000E-01 -0.79078823E-09
  0.31800000E-01  0.24723506E-08
  0.31850000E-01  0.41237974E-08
  0.31900000E-01 -0.27170420E-09
  0.31950000E-01  0.39173055E-08
  0.32000000E-01 -0.33963889E-09
  0.32050000E-01  0.45176691E-08
  0.32100000E-01  0.39824122E-08
  0.32150000E-01 -0.20469743E-08
  0.32200000E-01  0.43535978E-08
  0.32250000E-01 -0.19239148E-08
  0.32300000E-01 -0.49409017E-08
  0.32350000E-01  0.26188046E-08
  0.32400000E-01 -0.43152238E-08
  0.32450000E-01  0.95020473E-09
  0.32500000E-01 -0.21679777E-08
  0.32550000E-01  0.79377890E-09
  0.32600000E-01  0.17033654E-08
  0.32650000E-01 -0.38978217E-08
  0.32700000E-01  0.13887882E-11
  0.32750000E-01  0.37741899E-08
  0.32800000E-01 -0.12910116E-08
  0.32850000E-01  0.40737098E-08
  0.32900000E-01 -0.32467340E-08
  0.32950000E-01  0.44117755E-08
  0.33000000E-01 -0.46150067E-08
  0.33050000E-01  0.13370073E-08
  0.33100000E-01  0.20277065E-08
  0.33150000E-01 -0.45053570E-08
  0.33200000E-01  0.32476497E-08
  0.33250000E-01  0.39118856E-08
  0.33300000E-01 -0.12808815E-08
  0.33350000E-01  0.40749681E-08
  0.33400000E-01 -0.61688751E-09
  0.33450000E-01 -0.48965138E-08
  0.33500000E-01  0.26737976E-08
  0.33550000E-01  0.49926823E-08
  0.33600000E-01 -0.26823565E-08
  0.33650000E-01 -0.42543560E-09
  0.33700000E-01  0.65049171E-09
  0.33750000E-01  0.19405186E-08
  0.33800000E-01 -0.33647025E-08
  0.33850000E-01 -0.17868102E-08
  0.33900000E-01 -0.35457714E-08
  0.33950000E-01  0.35928971E-08
  0.34000000E-01  0.23704016E-08
  0.34050000E-01 -0.37922988E-08
  0.34100000E-01 -0.35133123E-09
  0.34150000E-01  0.11710268E-08
  0.34200000E-01 -0.43288261E-09
  0.34250000E-01  0.14961362E-10
  0.34300000E-01 -0.15673304E-08
  0.34350000E-01 -0.88714391E-09
  0.34400000E-01 -0.44436198E-08
  0.34450000E-01  0.18508017E-08
  0.34500000E-01  0.30095702E-08
  0.34550000E-01  0.13215405E-08
  0.34600000E-01 -0.19709110E-09
  0.34650000E-01  0.49401820E-08
  0.34700000E-01 -0.46880707E-08
  0.34750000E-01 -0.34462261E-08
  0.34800000E-01 -0.55826455E-09
  0.34850000E-01 -0.13875169E-08
  0.34900000E-01  0.26886290E-08
  0.34950000E-01 -0.18532494E-08
  0.35000000E-01  0.90820432E-09
  0.35050000E-01  0.17531812E-08
  0.35100000E-01 -0.93025476E-09
  0.35150000E-01  0.12407953E-08
  0.35200000E-01  0.32000858E-08
  0.35250000E-01  0.19520700E-09
  0.35300000E-01  0.28247333E-08
  0.35350000E-01 -0.81583142E-09
  0.35400000E-01 -0.17397749E-08
  0.35450000E-01  0.40992075E-08
  0.35500000E-01 -0.14195505E-08
  0.35550000E-01  0.28060848E-08
  0.35600000E-01  0.30382419E-08
  0.35650000E-01  0.58158755E-09
  0.35700000E-01  0.13633704E-08
  0.35750000E-01  0.37701684E-08
  0.35800000E-01  0.40423375E-08
  0.35850000E-01 -0.31553438E-08
  0.35900000E-01 -0.40824840E-08
  0.35950000E-01 -0.94032556E-09
  0.36000000E-01 -0.48909843E-09
  0.36050000E-01  0.12218350E-08
  0.36100000E-01 -0.46566318E-08
  0.36150000E-01  0.24341035E-08
  0.36200000E-01  0.24031919E-08
  0.36250000E-01  0.20212603E-08
  0.36300000E-01 -0.10111997E-08
  0.36350000E-01 -0.11062744E-08
  0.36400000E-01  0.19322515E-09
  0.36450000E-01 -0.20021352E-08
  0.36500000E-01  0.21243775E-08
  0.36550000E-01 -0.27927440E-08
  0.36600000E-01 -0.37778323E-08
  0.36650000E-01 -0.12572590E-08
  0.36700000E-01 -0.21233365E-08
  0.36750000E-01  0.19620013E-08
  0.36800000E-01  0.17824650E-09
  0.36850000E-01  0.40514004E-08
  0.36900000E-01  0.46091431E-08
  0.36950000E-01  0.44842499E-08
  0.37000000E-01  0.39645612E-08
  0.37050000E-01  0.24757260E-08
  0.37100000E-01 -0.12789848E-08
  0.37150000E-01  0.36039925E-08
  0.37200000E-01 -0.86688906E-09
  0.37250000E-01  0.10933745E-08
  0.37300000E-01  0.32724565E-08
  0.37350000E-01 -0.32832141E-08
  0.37400000E-01  0.11152720E-08
  0.37450000E-01  0.48422503E-08
  0.37500000E-01 -0.24647892E-09
  0.37550000E-01 -0.48807889E-09
  0.37600000E-01  0.72613001E-09
  0.37650000E-01 -0.16835633E-08
  0.37700000E-01 -0.31148583E-08
  0.37750000E-01  0.43965006E-08
  0.37800000E-01 -0.39707513E-08
  0.37850000E-01  0.91303587E-09
  0.37900000E-01  0.11615342E-08
  0.37950000E-01 -0.35710037E-10
  0.38000000E-01 -0.26861817E-09
  0.38050000E-01 -0.36116719E-09
  0.38100000E-01  0.30238646E-08
  0.38150000E-01 -0.41196425E-08
  0.38200000E-01 -0.35108823E-08
  0.38250000E-01  0.13400978E-08
  0.38300000E-01 -0.27655265E-08
  0.38350000E-01  0.24696213E-08
  0.38400000E-01  0.39901692E-08
  0.38450000E-01  0.24455488E-09
  0.38500000E-01 -0.49431725E-08
  0.38550000E-01 -0.27969868E-08
  0.38600000E-01 -0.45675808E-08
  0.38650000E-01  0.19557804E-08
  0.38700000E-01  0.42176360E-08
  0.38750000E-01 -0.32649668E-08
  0.38800000E-01  0.35344273E-08
  0.38850000E-01  0.44303244E-08
  0.38900000E-01 -0.39769790E-08
  0.38950000E-01  0.16841298E-08
  0.39000000E-01  0.33668214E-08
  0.39050000E-01 -0.21963319E-08
  0.39100000E-01 -0.47090382E-08
  0.39150000E-01 -0.94462514E-09
  0.39200000E-01  0.14918512E-08
  0.39250000E-01 -0.10375696E-08
  0.39300000E-01 -0.11821702E-08
  0.39350000E-01 -0.63407779E-09
  0.39400000E-01 -0.38683765E-08
  0.39450000E-01 -0.10141900E-08
  0.39500000E-01  0.26118118E-08
  0.39550000E-01 -0.11590555E-08
  0.39600000E-01  0.15500784E-10
  0.39650000E-01 -0.37784632E-08
  0.39700000E-01 -0.34840226E-08
  0.39750000E-01  0.41491395E-08
  0.39800000E-01 -0.48213303E-09
  0.39850000E-01 -0.30837256E-08
  0.39900000E-01  0.42960078E-08
  0.39950000E-01 -0.42916707E-08
  0.40000000E-01  0.64571619E-09
  0.40050000E-01 -0.27619396E-08
  0.40100000E-01 -0.44843823E-09
  0.40150000E-01 -0.14660236E-08
  0.40200000E-01 -0.29030402E-08
  0.40250000E-01 -0.26136623E-08
  0.40300000E-01 -0.45636740E-08
  0.40350000E-01  0.27028400E-08
  0.40400000E-01 -0.32800975E-08
  0.40450000E-01  0.25523221E-08
  0.40500000E-01 -0.22656342E-08
  0.40550000E-01  0.47210032E-08
  0.40600000E-01 -0.22769523E-08
  0.40650000E-01 -0.17746925E-09
  0.40700000E-01 -0.12073040E-09
  0.40750000E-01 -0.36303723E-08
  0.40800000E-01  0.37822336E-08
  0.40850000E-01  0.32032639E-08
  0.40900000E-01  0.23391557E-08
  0.40950000E-01 -0.46175251E-08
  0.41000000E-01  0.24801642E-08
  0.41050000E-01  0.35791582E-08
  0.41100000E-01 -0.30749118E-08
  0.41150000E-01 -0.31040132E-08
  0.41200000E-01 -0.21795729E-08
  0.41250000E-01  0.15077817E-08
  0.41300000E-01  0.45143819E-08
  0.41350000E-01  0.11153102E-08
  0.41400000E-01  0.86896122E-09
  0.41450000E-01 -0.90107620E-09
  0.41500000E-01 -0.23561969E-08
  0.41550000E-01  0.39894706E-08
  0.41600000E-01 -0.49077649E-08
  0.41650000E-01 -0.14669749E-08
  0.41700000E-01 -0.49165100E-09
  0.41750000E-01 -0.47214649E-08
  0.41800000E-01 -0.34650981E-09
  0.41850000E-01 -0.77676177E-10
  0.41900000E-01  0.11544400E-08
  0.41950000E-01  0.14907181E-09
  0.42000000E-01 -0.43700446E-08
  0.42050000E-01 -0.14107981E-08
  0.42100000E-01 -0.48276477E-08
  0.42150000E-01 -0.50199270E-09
  0.42200000E-01 -0.15355816E-08
  0.42250000E-01 -0.21791938E-08
  0.42300000E-01 -0.38178355E-09
  0.42350000E-01 -0.46801719E-08
  0.42400000E-01  0.22141147E-08
  0.42450000E-01 -0.25426987E-08
  0.42500000E-01 -0.21878284E-08
  0.42550000E-01  0.29195487E-09
  0.42600000E-01 -0.13407975E-09
  0.42650000E-01 -0.81619531E-09
  0.42700000E-01 -0.19367853E-08
  0.42750000E-01  0.22704095E-08
  0.42800000E-01 -0.21288493E-08
  0.42850000E-01 -0.32286370E-08
  0.42900000E-01 -0.33917893E-08
  0.42950000E-01 -0.49717871E-08
  0.43000000E-01 -0.45490170E-08
  0.43050000E-01 -0.61243176E-10
  0.43100000E-01  0.83473444E-09
  0.43150000E-01  0.14499897E-08
  0.43200000E-01 -0.45331942E-08
  0.43250000E-01  0.31124759E-08
  0.43300000E-01 -0.15498653E-08
  0.43350000E-01  0.36979836E-08
  0.43400000E-01 -0.50544560E-09
  0.43450000E-01  0.29406261E-08
  0.43500000E-01  0.49303246E-08
  0.43550000E-01  0.26931131E-08
  0.43600000E-01  0.37994903E-08
  0.43650000E-01  0.24595797E-09
  0.43700000E-01  0.92535257E-09
  0.43750000E-01 -0.24738601E-08
  0.43800000E-01 -0.30790363E-08
  0.43850000E-01 -0.37441312E-08
  0.43900000E-01 -0.42792322E-08
  0.43950000E-01 -0.41449714E-08
  0.44000000E-01 -0.15250093E-08
  0.44050000E-01  0.21828890E-08
  0.44100000E-01 -0.19763362E-08
  0.44150000E-01 -0.47884957E-08
  0.44200000E-01  0.11274451E-08
  0.44250000E-01 -0.19438255E-08
  0.44300000E-01  0.26178503E-08
  0.44350000E-01 -0.31687811E-08
  0.44400000E-01 -0.30100983E-08
  0.44450000E-01  0.12689370E-08
  0.44500000E-01 -0.89525580E-09
  0.44550000E-01 -0.19356996E-08
  0.44600000E-01 -0.10144272E-08
  0.44650000E-01 -0.30863504E-08
  0.44700000E-01  0.41228396E-08
  0.44750000E-01 -0.25948444E-08
  0.44800000E-01  0.17277801E-08
  0.44850000E-01 -0.21889907E-08
  0.44900000E-01  0.23493338E-08
  0.44950000E-01  0.77408552E-10
  0.45000000E-01 -0.29314944E-08
  0.45050000E-01  0.27363092E-08
  0.45100000E-01  0.48134530E-08
  0.45150000E-01 -0.25930491E-08
  0.45200000E-01  0.46793759E-09
  0.45250000E-01 -0.86718708E-09
  0.45300000E-01 -0.23363486E-08
  0.45350000E-01 -0.14769104E-08
  0.45400000E-01  0.42375010E-08
  0.45450000E-01  0.10725272E-08
  0.45500000E-01 -0.70261151E-09
  0.45550000E-01 -0.39248390E-08
  0.45600000E-01 -0.12831303E-08
  0.45650000E-01 -0.13385007E-08
  0.45700000E-01 -0.11758152E-08
  0.45750000E-01  0.34678048E-08
  0.45800000E-01  0.36961955E-08
  0.45850000E-01 -0.31909522E-08
  0.45900000E-01  0.28875703E-08
  0.45950000E-01 -0.22943202E-08
  0.46000000E-01  0.43978107E-08
  0.46050000E-01 -0.42598770E-08
  0.46100000E-01  0.28362840E-08
  0.46150000E-01 -0.49686880E-08
  0.46200000E-01  0.10035533E-08
  0.46250000E-01  0.94390929E-09
  0.46300000E-01 -0.21106899E-10
  0.46350000E-01  0.21053827E-08
  0.46400000E-01  0.11328024E-08
  0.46450000E-01  0.19917428E-09
  0.46500000E-01  0.39361393E-08
  0.46550000E-01 -0.47000834E-08
  0.46600000E-01 -0.48927982E-08
  0.46650000E-01 -0.34454268E-08
  0.46700000E-01  0.19091928E-08
  0.46750000E-01  0.41363120E-09
  0.46800000E-01  0.16575360E-08
  0.46850000E-01  0.35945308E-08
  0.46900000E-01  0.28425449E-08
  0.46950000E-01 -0.46788664E-08
  0.47000000E-01  0.12214988E-08
  0.47050000E-01  0.14024585E-08
  0.47100000E-01  0.33524823E-08
  0.47150000E-01  0.26092249E-08
  0.47200000E-01  0.12066752E-08
  0.47250000E-01  0.12063903E-08
  0.47300000E-01 -0.44385839E-08
  0.47350000E-01  0.25127620E-08
  0.47400000E-01 -0.13570666E-08
  0.47450000E-01 -0.17799950E-08
  0.47500000E-01  0.40367717E-08
  0.47550000E-01 -0.46405632E-08
  0.47600000E-01  0.42693764E-08
  0.47650000E-01 -0.49013900E-08
  0.47700000E-01  0.47701287E-08
  0.47750000E-01 -0.10021996E-08
  0.47800000E-01 -0.39267432E-08
  0.47850000E-01  0.98224640E-09
  0.47900000E-01 -0.59488863E-09
  0.47950000E-01 -0.37403446E-08
  0.48000000E-01  0.16827732E-08
  0.48050000E-01  0.44193089E-09
  0.48100000E-01 -0.22133586E-08
  0.48150000E-01 -0.87290615E-09
  0.48200000E-01  0.27318126E-08
  0.48250000E-01  0.95286369E-09
  0.48300000E-01 -0.31760290E-08
  0.48350000E-01 -0.13166374E-08
  0.48400000E-01 -0.16366309E-08
  0.48450000E-01  0.46920502E-08
  0.48500000E-01 -0.20355263E-08
  0.48550000E-01 -0.60121775E-09
  0.48600000E-01 -0.24910542E-08
  0.48650000E-01  0.95289052E-09
  0.48700000E-01 -0.46366310E-08
  0.48750000E-01  0.20762515E-08
  0.48800000E-01  0.33654451E-08
  0.48850000E-01 -0.70028812E-09
  0.48900000E-01  0.29813564E-08
  0.48950000E-01 -0.14873493E-08
  0.49000000E-01  0.56722760E-10
  0.49050000E-01  0.28198600E-09
  0.49100000E-01  0.11733735E-08
  0.49150000E-01  0.96852124E-09
  0.49200000E-01 -0.12189522E-08
  0.49250000E-01  0.20915180E-08
  0.49300000E-01  0.13148922E-08
  0.49350000E-01  0.42205441E-08
  0.49400000E-01  0.48132354E-08
  0.49450000E-01 -0.19032693E-08
  0.49500000E-01  0.25284559E-08
  0.49550000E-01  0.44649941E-08
  0.49600000E-01 -0.44038210E-08
  0.49650000E-01  0.86567640E-09
  0.49700000E-01  0.23212367E-08
  0.49750000E-01 -0.44983935E-08
  0.49800000E-01  0.52670538E-09
  0.49850000E-01  0.15424776E-08
  0.49900000E-01  0.34588695E-09
  0.49950000E-01  0.47647941E-08
  0.50000000E-01 -0.47720790E-09
  0.50050000E-01  0.21140844E-08
  0.50100000E-01  0.46703535E-08
  0.50150000E-01  0.61810613E-10
  0.50200000E-01  0.12467736E-08
  0.50250000E-01 -0.33584505E-09
  0.50300000E-01 -0.23533064E-08
  0.50350000E-01 -0.40058762E-09
  0.50400000E-01 -0.34440868E-08
  0.50450000E-01 -0.41639298E-09
  0.50500000E-01  0.46055961E-08
  0.50550000E-01  0.43051142E-08
  0.50600000E-01  0.22649866E-08
  0.50650000E-01  0.32401383E-08
  0.50700000E-01 -0.36406282E-08
  0.50750000E-01 -0.78929782E-09
  0.50800000E-01  0.55365860E-09
  0.50850000E-01  0.22365808E-09
  0.50900000E-01 -0.33470638E-08
  0.50950000E-01  0.34938121E-08
  0.51000000E-01  0.32903630E-08
  0.51050000E-01  0.37300795E-08
  0.51100000E-01 -0.46553444E-08
  0.51150000E-01  0.63420177E-09
  0.51200000E-01 -0.19318891E-08
  0.51250000E-01  0.16807020E-08
  0.51300000E-01  0.13844132E-09
  0.51350000E-01  0.32006109E-08
  0.51400000E-01 -0.45271187E-08
  0.51450000E-01 -0.22318593E-08
  0.51500000E-01  0.19561410E-08
  0.51550000E-01  0.23731071E-08
  0.51600000E-01  0.42397302E-08
  0.51650000E-01 -0.38126153E-08
  0.51700000E-01 -0.29292160E-08
  0.51750000E-01  0.85466743E-09
  0.51800000E-01 -0.49672338E-08
  0.51850000E-01 -0.14896807E-08
  0.51900000E-01 -0.30452476E-08
  0.51950000E-01  0.20534277E-09
  0.52000000E-01 -0.15348494E-09
  0.52050000E-01  0.17801231E-08
  0.52100000E-01  0.11407077E-09
  0.52150000E-01  0.43239021E-08
  0.52200000E-01 -0.37675419E-08
  0.52250000E-01  0.36576825E-08
  0.52300000E-01 -0.11273223E-08
  0.52350000E-01 -0.12134778E-08
  0.52400000E-01  0.21019608E-08
  0.52450000E-01  0.13626856E-08
  0.52500000E-01  0.22039044E-08
  0.52550000E-01  0.43543816E-09
  0.52600000E-01  0.27758485E-08
  0.52650000E-01  0.44474953E-08
  0.52700000E-01 -0.25917467E-08
  0.52750000E-01  0.18069971E-08
  0.52800000E-01  0.48556697E-08
  0.52850000E-01 -0.24032167E-08
  0.52900000E-01 -0.12735271E-08
  0.52950000E-01 -0.25284958E-08
  0.53000000E-01 -0.32087402E-08
  0.53050000E-01 -0.29451251E-08
  0.53100000E-01  0.27142894E-08
  0.53150000E-01 -0.56670785E-09
  0.53200000E-01  0.35854822E-08
  0.53250000E-01 -0.33881448E-08
  0.53300000E-01  0.34611619E-08
  0.53350000E-01  0.99471033E-09
  0.53400000E-01  0.56523085E-09
  0.53450000E-01 -0.19724759E-08
  0.53500000E-01 -0.66496968E-09
  0.53550000E-01  0.48410690E-08
  0.53600000E-01  0.47268569E-08
  0.53650000E-01  0.18886143E-08
  0.53700000E-01  0.16347116E-08
  0.53750000E-01  0.45525074E-09
  0.53800000E-01 -0.10137665E-08
  0.53850000E-01 -0.20823681E-08
  0.53900000E-01 -0.75799227E-11
  0.53950000E-01 -0.16023573E-08
  0.54000000E-01 -0.90702116E-09
  0.54050000E-01 -0.16386217E-08
  0.54100000E-01 -0.25823213E-08
  0.54150000E-01  0.31142831E-08
  0.54200000E-01 -0.34808069E-09
  0.54250000E-01 -0.28017487E-08
  0.54300000E-01 -0.42869072E-08
  0.54350000E-01  0.45384365E-08
  0.54400000E-01 -0.23365927E-08
  0.54450000E-01  0.13964862E-08
  0.54500000E-01 -0.14375168E-08
  0.54550000E-01 -0.19458860E-08
  0.54600000E-01 -0.17198610E-08
  0.54650000E-01 -0.38351357E-09
  0.54700000E-01  0.42776650E-08
  0.54750000E-01  0.90763152E-09
  0.54800000E-01 -0.15314856E-08
  0.54850000E-01 -0.42910408E-08
  0.54900000E-01  0.14345497E-08
  0.54950000E-01 -0.44139401E-08
  0.55000000E-01 -0.47177478E-08
  0.55050000E-01  0.32078230E-08
  0.55100000E-01 -0.10416618E-08
  0.55150000E-01 -0.23341796E-08
  0.55200000E-01 -0.22915626E-08
  0.55250000E-01 -0.48812196E-08
  0.55300000E-01 -0.20115277E-08
  0.55350000E-01 -0.57475090E-09
  0.55400000E-01  0.46313876E-08
  0.55450000E-01 -0.37659616E-08
  0.55500000E-01  0.10442775E-08
  0.55550000E-01  0.38834727E-08
  0.55600000E-01  0.28170812E-08
  0.55650000E-01 -0.31536159E-08
  0.55700000E-01  0.10864753E-08
  0.55750000E-01  0.41498649E-08
  0.55800000E-01  0.26669997E-08
  0.55850000E-01 -0.41979776E-08
  0.55900000E-01 -0.32160436E-08
  0.55950000E-01  0.36802739E-08
  0.56000000E-01  0.12173927E-08
  0.56050000E-01  0.49459600E-08
  0.56100000E-01 -0.44821221E-08
  0.56150000E-01 -0.39337920E-08
  0.56200000E-01 -0.49631905E-08
  0.56250000E-01 -0.46043530E-08
  0.56300000E-01 -0.15823516E-08
  0.56350000E-01  0.42403173E-08
  0.56400000E-01  0.34296334E-09
  0.56450000E-01  0.41600740E-08
  0.56500000E-01  0.40412289E-08
  0.56550000E-01  0.35079813E-08
  0.56600000E-01 -0.11138105E-08
  0.56650000E-01  0.42273176E-08
  0.56700000E-01 -0.73112249E-09
  0.56750000E-01 -0.36002684E-08
  0.56800000E-01  0.25797546E-08
  0.56850000E-01  0.35853618E-08
  0.56900000E-01  0.19198620E-08
  0.56950000E-01 -0.13158494E-08
  0.57000000E-01 -0.44634834E-08
  0.57050000E-01 -0.42542402E-08
  0.57100000E-01 -0.29841959E-10
  0.57150000E-01  0.28049266E-08
  0.57200000E-01  0.35211682E-09
  0.57250000E-01  0.15982533E-08
  0.57300000E-01 -0.82087934E-09
  0.57350000E-01 -0.16815507E-08
  0.57400000E-01  0.37628341E-08
  0.57450000E-01  0.46186924E-08
  0.57500000E-01 -0.22739917E-08
  0.57550000E-01 -0.44129894E-08
  0.57600000E-01 -0.35912457E-08
  0.57650000E-01 -0.37242880E-08
  0.57700000E-01  0.42330217E-08
  0.57750000E-01 -0.29827769E-08
  0.57800000E-01  0.36808681E-08
  0.57850000E-01  0.43672568E-08
  0.57900000E-01 -0.36116979E-08
  0.57950000E-01 -0.26149830E-08
  0.58000000E-01 -0.15337598E-08
  0.58050000E-01  0.48098254E-08
  0.58100000E-01 -0.15758374E-08
  0.58150000E-01  0.38181406E-08
  0.58200000E-01 -0.34685665E-08
  0.58250000E-01  0.16500849E-08
  0.58300000E-01  0.39200920E-08
  0.58350000E-01  0.41631919E-08
  0.58400000E-01  0.22122836E-08
  0.58450000E-01 -0.48248030E-08
  0.58500000E-01  0.21870422E-08
  0.58550000E-01 -0.43186372E-08
  0.58600000E-01  0.19869471E-08
  0.58650000E-01 -0.22069472E-08
  0.58700000E-01 -0.22776997E-08
  0.58750000E-01  0.20284665E-08
  0.58800000E-01  0.23641330E-08
  0.58850000E-01 -0.34469414E-08
  0.58900000E-01 -0.25382358E-08
  0.58950000E-01  0.56635559E-09
  0.59000000E-01  0.48396021E-08
  0.59050000E-01  0.29856086E-09
  0.59100000E-01  0.18828791E-08
  0.59150000E-01  0.36400175E-08
  0.59200000E-01 -0.30308278E-08
  0.59250000E-01 -0.40789698E-08
  0.59300000E-01 -0.26885723E-08
  0.59350000E-01  0.16007382E-08
  0.59400000E-01 -0.11372796E-08
  0.59450000E-01  0.29401827E-08
  0.59500000E-01  0.26664424E-08
  0.59550000E-01  0.40413427E-08
  0.59600000E-01  0.28736109E-08
  0.59650000E-01  0.30619198E-08
  0.59700000E-01  0.15228146E-08
  0.59750000E-01  0.37233710E-08
  0.59800000E-01 -0.16904715E-08
  0.59850000E-01 -0.39918721E-10
  0.59900000E-01 -0.32867876E-08
  0.59950000E-01 -0.15377522E-08
  0.60000000E-01  0.98068714E-10
  0.60050000E-01 -0.39694480E-08
  0.60100000E-01 -0.50912052E-09
  0.60150000E-01 -0.24746358E-08
  0.60200000E-01 -0.17173153E-08
  0.60250000E-01 -0.10042453E-08
  0.60300000E-01  0.54497361E-09
  0.60350000E-01  0.13007379E-08
  0.60400000E-01  0.41331077E-08
  0.60450000E-01  0.12828153E-08
  0.60500000E-01 -0.44678333E-08
  0.60550000E-01 -0.38202690E-08
  0.60600000E-01 -0.21657392E-08
  0.60650000E-01  0.45901257E-08
  0.60700000E-01  0.43083090E-08
  0.60750000E-01 -0.31486337E-08
  0.60800000E-01 -0.20120874E-08
  0.60850000E-01  0.34215355E-08
  0.60900000E-01  0.10765254E-08
  0.60950000E-01  0.20352113E-08
  0.61000000E-01 -0.47861583E-08
  0.61050000E-01  0.76347232E-09
  0.61100000E-01 -0.37857866E-08
  0.61150000E-01  0.40886211E-08
  0.61200000E-01 -0.43474708E-08
  0.61250000E-01 -0.38166033E-08
  0.61300000E-01  0.22711861E-08
  0.61350000E-01 -0.20673573E-10
  0.61400000E-01 -0.24218124E-08
  0.61450000E-01  0.31627923E-08
  0.61500000E-01  0.73404372E-09
  0.61550000E-01 -0.42858699E-08
  0.61600000E-01  0.19327158E-08
  0.61650000E-01 -0.87445587E-09
  0.61700000E-01  0.21677119E-08
  0.61750000E-01 -0.47739249E-08
  0.61800000E-01  0.27294791E-08
  0.61850000E-01 -0.28962813E-08
  0.61900000E-01 -0.18370163E-08
  0.61950000E-01  0.44332331E-08
  0.62000000E-01 -0.33002262E-08
  0.62050000E-01  0.40675819E-09
  0.62100000E-01  0.47805852E-08
  0.62150000E-01 -0.20965338E-10
  0.62200000E-01  0.34349078E-08
  0.62250000E-01 -0.70551455E-09
  0.62300000E-01  0.28317344E-08
  0.62350000E-01  0.28780156E-08
  0.62400000E-01  0.36391521E-08
  0.62450000E-01 -0.42231631E-08
  0.62500000E-01  0.35769016E-08
  0.62550000E-01 -0.34759432E-09
  0.62600000E-01  0.32956743E-08
  0.62650000E-01  0.10444760E-08
  0.62700000E-01 -0.16427636E-10
  0.62750000E-01 -0.45872606E-08
  0.62800000E-01 -0.42612644E-08
  0.62850000E-01 -0.17177314E-09
  0.62900000E-01 -0.36727764E-08
  0.62950000E-01 -0.29489368E-09
  0.63000000E-01 -0.36906384E-08
  0.63050000E-01 -0.29256427E-08
  0.63100000E-01 -0.68102896E-09
  0.63150000E-01  0.13097525E-09
  0.63200000E-01  0.18409574E-08
  0.63250000E-01 -0.26472121E-09
  0.63300000E-01  0.24942195E-08
  0.63350000E-01  0.41534752E-08
  0.63400000E-01  0.33850920E-08
  0.63450000E-01 -0.47272482E-08
  0.63500000E-01  0.14654857E-08
  0.63550000E-01  0.65461457E-09
  0.63600000E-01 -0.25434998E-08
  0.63650000E-01 -0.39985012E-08
  0.63700000E-01 -0.23236874E-08
  0.63750000E-01 -0.39121800E-08
  0.63800000E-01  0.27940029E-08
  0.63850000E-01  0.89637518E-09
  0.63900000E-01 -0.29927696E-08
  0.63950000E-01 -0.47633793E-08
  0.64000000E-01 -0.14856353E-08
  0.64050000E-01  0.41940808E-09
  0.64100000E-01 -0.42113544E-08
  0.64150000E-01  0.11566073E-08
  0.64200000E-01  0.12072241E-08
  0.64250000E-01 -0.41562541E-08
  0.64300000E-01 -0.20179760E-08
  0.64350000E-01 -0.35488361E-08
  0.64400000E-01  0.13847327E-08
  0.64450000E-01  0.64022064E-09
  0.64500000E-01  0.16302705E-08
  0.64550000E-01 -0.35436082E-08
  0.64600000E-01 -0.32198961E-08
  0.64650000E-01 -0.14325094E-08
  0.64700000E-01 -0.19326615E-08
  0.64750000E-01  0.16755635E-08
  0.64800000E-01 -0.14140338E-09
  0.64850000E-01 -0.50120145E-09
  0.64900000E-01 -0.10799605E-08
  0.64950000E-01  0.20655507E-08
  0.65000000E-01 -0.29724914E-08
  0.65050000E-01  0.90335310E-09
  0.65100000E-01 -0.12812912E-09
  0.65150000E-01 -0.15753984E-08
  0.65200000E-01  0.31537002E-08
  0.65250000E-01  0.92186332E-10
  0.65300000E-01 -0.18271109E-08
  0.65350000E-01 -0.77108145E-09
  0.65400000E-01  0.27802950E-08
  0.65450000E-01  0.38367599E-08
  0.65500000E-01 -0.33185500E-08
  0.65550000E-01  0.35168356E-08
  0.65600000E-01  0.19302642E-08
  0.65650000E-01 -0.28601034E-08
  0.65700000E-01  0.12291569E-08
  0.65750000E-01 -0.47764016E-08
  0.65800000E-01 -0.22358567E-09
  0.65850000E-01  0.40123725E-08
  0.65900000E-01 -0.23564947E-08
  0.65950000E-01  0.32487965E-08
  0.66000000E-01 -0.26838008E-08
  0.66050000E-01 -0.29567659E-09
  0.66100000E-01  0.21299690E-08
  0.66150000E-01  0.31739473E-11
  0.66200000E-01 -0.45311091E-08
  0.66250000E-01  0.11332667E-08
  0.66300000E-01  0.27433431E-08
  0.66350000E-01  0.22466427E-08
  0.66400000E-01  0.27650583E-08
  0.66450000E-01 -0.71426630E-09
  0.66500000E-01 -0.48151865E-08
  0.66550000E-01 -0.66976011E-09
  0.66600000E-01  0.40668964E-09
  0.66650000E-01  0.31814075E-08
  0.66700000E-01  0.55172563E-09
  0.66750000E-01 -0.37618510E-08
  0.66800000E-01 -0.25906266E-08
  0.66850000E-01 -0.18006322E-08
  0.66900000E-01  0.85388839E-09
  0.66950000E-01 -0.26749586E-08
  0.67000000E-01 -0.28795275E-08
  0.67050000E-01 -0.77542543E-09
  0.67100000E-01  0.27248436E-08
  0.67150000E-01 -0.33304244E-09
  0.67200000E-01  0.22795296E-08
  0.67250000E-01 -0.40319674E-08
  0.67300000E-01  0.36988711E-08
  0.67350000E-01  0.24539560E-08
  0.67400000E-01  0.24151313E-08
  0.67450000E-01  0.10501760E-08
  0.67500000E-01  0.39162546E-08
  0.67550000E-01  0.13978982E-08
  0.67600000E-01 -0.44536524E-08
  0.67650000E-01 -0.15999985E-08
  0.67700000E-01 -0.21439478E-08
  0.67750000E-01  0.48346531E-08
  0.67800000E-01 -0.49283552E-08
  0.67850000E-01  0.36891818E-09
  0.67900000E-01  0.54800749E-09
  0.67950000E-01  0.47908401E-08
  0.68000000E-01 -0.20297858E-08
  0.68050000E-01 -0.39859580E-08
  0.68100000E-01 -0.25078548E-08
  0.68150000E-01 -0.11541387E-08
  0.68200000E-01 -0.14646670E-08
  0.68250000E-01 -0.88805228E-09
  0.68300000E-01  0.38625973E-08
  0.68350000E-01 -0.10158321E-08
  0.68400000E-01  0.20773995E-08
  0.68450000E-01  0.21568370E-08
  0.68500000E-01 -0.23725605E-08
  0.68550000E-01  0.48459232E-08
  0.68600000E-01  0.41236377E-08
  0.68650000E-01  0.26718640E-08
  0.68700000E-01  0.44543338E-08
  0.68750000E-01 -0.37656313E-08
  0.68800000E-01  0.12808692E-08
  0.68850000E-01  0.45780861E-08
  0.68900000E-01  0.35437411E-08
  0.68950000E-01 -0.11030453E-08
  0.69000000E-01  0.46971810E-08
  0.69050000E-01  0.41750634E-08
  0.69100000E-01 -0.31781067E-08
  0.69150000E-01  0.37485045E-08
  0.69200000E-01 -0.23599833E-09
  0.69250000E-01  0.26139915E-08
  0.69300000E-01 -0.49400666E-08
  0.69350000E-01  0.32399237E-08
  0.69400000E-01  0.18253052E-08
  0.69450000E-01  0.48386472E-08
  0.69500000E-01  0.27704215E-08
  0.69550000E-01 -0.32020821E-08
  0.69600000E-01 -0.23400724E-08
  0.69650000E-01  0.31374490E-08
  0.69700000E-01  0.35097742E-08
  0.69750000E-01 -0.14687598E-09
  0.69800000E-01  0.36827487E-08
  0.69850000E-01  0.98276734E-10
  0.69900000E-01  0.33113748E-08
  0.69950000E-01  0.21408719E-08
  0.70000000E-01 -0.32832396E-08
  0.70050000E-01  0.55642545E-09
  0.70100000E-01 -0.11483368E-08
  0.70150000E-01  0.81881881E-09
  0.70200000E-01  0.18034953E-08
  0.70250000E-01 -0.53610116E-09
  0.70300000E-01  0.20653152E-08
  0.70350000E-01 -0.30863927E-08
  0.70400000E-01 -0.42194425E-08
  0.70450000E-01 -0.69174707E-09
  0.70500000E-01  0.29571950E-09
  0.70550000E-01 -0.17388600E-08
  0.70600000E-01 -0.15159494E-08
  0.70650000E-01  0.34824550E-08
  0.70700000E-01  0.37386227E-08
  0.70750000E-01 -0.25656378E-08
  0.70800000E-01 -0.93417674E-09
  0.70850000E-01  0.30248898E-08
  0.70900000E-01 -0.42032050E-08
  0.70950000E-01 -0.44265375E-08
  0.71000000E-01 -0.37272787E-08
  0.71050000E-01 -0.35950015E-08
  0.71100000E-01 -0.34302814E-08
  0.71150000E-01  0.36048651E-09
  0.71200000E-01 -0.13174525E-08
  0.71250000E-01  0.41692841E-08
  0.71300000E-01 -0.47500963E-08
  0.71350000E-01  0.20047009E-08
  0.71400000E-01  0.28983480E-08
  0.71450000E-01 -0.42245266E-08
  0.71500000E-01 -0.21412244E-08
  0.71550000E-01  0.65910280E-09
  0.71600000E-01  0.49098969E-08
  0.71650000E-01  0.14162350E-08
  0.71700000E-01 -0.44646443E-08
  0.71750000E-01 -0.17589435E-08
  0.71800000E-01 -0.27841446E-08
  0.71850000E-01  0.28802961E-08
  0.71900000E-01  0.39482063E-08
  0.71950000E-01  0.21086234E-08
  0.72000000E-01  0.47147411E-08
  0.72050000E-01  0.39051551E-08
  0.72100000E-01  0.70534229E-09
  0.72150000E-01 -0.19924125E-08
  0.72200000E-01 -0.37569764E-08
  0.72250000E-01  0.12485564E-08
  0.72300000E-01  0.39086342E-09
  0.72350000E-01  0.34466046E-08
  0.72400000E-01 -0.17181367E-09
  0.72450000E-01  0.32564330E-08
  0.72500000E-01 -0.15667245E-08
  0.72550000E-01  0.11219549E-08
  0.72600000E-01 -0.18216354E-08
  0.72650000E-01  0.31563503E-08
  0.72700000E-01  0.43524307E-08
  0.72750000E-01 -0.29423366E-08
  0.72800000E-01  0.50802588E-09
  0.72850000E-01 -0.38345014E-08
  0.72900000E-01 -0.49195834E-08
  0.72950000E-01 -0.46743967E-08
  0.73000000E-01  0.33766991E-08
  0.73050000E-01 -0.43279041E-08
  0.73100000E-01  0.13373017E-08
  0.73150000E-01 -0.19051105E-09
  0.73200000E-01 -0.42939447E-08
  0.73250000E-01 -0.21169099E-08
  0.73300000E-01 -0.34725155E-08
  0.73350000E-01 -0.43626298E-08
  0.73400000E-01  0.16063154E-09
  0.73450000E-01 -0.31177758E-08
  0.73500000E-01  0.11168641E-08
  0.73550000E-01  0.48944563E-08
  0.73600000E-01  0.98371387E-09
  0.73650000E-01  0.16904688E-08
  0.73700000E-01  0.13513768E-08
  0.73750000E-01 -0.38642319E-08
  0.73800000E-01 -0.48042484E-08
  0.73850000E-01 -0.36743554E-08
  0.73900000E-01 -0.21787822E-08
  0.73950000E-01 -0.49428344E-09
  0.74000000E-01 -0.31256159E-08
  0.74050000E-01  0.42892838E-08
  0.74100000E-01  0.21683419E-08
  0.74150000E-01  0.44318557E-08
  0.74200000E-01 -0.27769417E-09
  0.74250000E-01 -0.31603570E-08
  0.74300000E-01 -0.38544104E-08
  0.74350000E-01 -0.29447235E-08
  0.74400000E-01  0.17488581E-08
  0.74450000E-01 -0.27465086E-08
  0.74500000E-01 -0.14110228E-08
  0.74550000E-01  0.38300669E-08
  0.74600000E-01  0.16089123E-08
  0.74650000E-01 -0.23872179E-08
  0.74700000E-01  0.53770840E-09
  0.74750000E-01  0.30098093E-08
  0.74800000E-01 -0.27165577E-08
  0.74850000E-01 -0.18497813E-08
  0.74900000E-01  0.99372923E-09
  0.74950000E-01  0.11396796E-08
  0.75000000E-01 -0.21640956E-09
  0.75050000E-01  0.23495102E-08
  0.75100000E-01 -0.38830370E-09
  0.75150000E-01 -0.43619275E-10
  0.75200000E-01 -0.27408074E-08
  0.75250000E-01  0.30597466E-08
  0.75300000E-01 -0.34873611E-08
  0.75350000E-01  0.36237735E-08
  0.75400000E-01 -0.29623625E-08
  0.75450000E-01 -0.58564544E-09
  0.75500000E-01 -0.23619491E-08
  0.75550000E-01  0.47996205E-08
  0.75600000E-01  0.11555356E-08
  0.75650000E-01 -0.29836953E-09
  0.75700000E-01  0.29783565E-08
  0.75750000E-01 -0.29324307E-08
  0.75800000E-01 -0.13574868E-09
  0.75850000E-01  0.83074808E-09
  0.75900000E-01 -0.27761966E-09
  0.75950000E-01 -0.47422692E-08
  0.76000000E-01  0.35728824E-08
  0.76050000E-01 -0.14733773E-08
  0.76100000E-01  0.92696190E-09
  0.76150000E-01  0.25543123E-08
  0.76200000E-01 -0.46638966E-09
  0.76250000E-01  0.11290193E-08
  0.76300000E-01 -0.30756336E-08
  0.76350000E-01  0.49852860E-08
  0.76400000E-01 -0.41626376E-08
  0.76450000E-01  0.18144172E-08
  0.76500000E-01 -0.11310223E-08
  0.76550000E-01 -0.25912583E-09
  0.76600000E-01 -0.28280456E-08
  0.76650000E-01 -0.41370896E-08
  0.76700000E-01  0.41212749E-08
  0.76750000E-01 -0.25579126E-08
  0.76800000E-01 -0.36599390E-08
  0.76850000E-01  0.29485881E-09
  0.76900000E-01  0.40330112E-09
  0.76950000E-01  0.19900471E-08
  0.77000000E-01  0.42163235E-08
  0.77050000E-01  0.37259758E-09
  0.77100000E-01 -0.15784600E-08
  0.77150000E-01  0.19548136E-08
  0.77200000E-01 -0.22909433E-08
  0.77250000E-01  0.46188241E-08
  0.77300000E-01  0.38907325E-08
  0.77350000E-01 -0.24050447E-08
  0.77400000E-01 -0.19284657E-08
  0.77450000E-01 -0.19425923E-08
  0.77500000E-01  0.15527266E-08
  0.77550000E-01 -0.48741162E-09
  0.77600000E-01  0.38492906E-08
  0.77650000E-01  0.23880446E-08
  0.77700000E-01 -0.92441738E-09
  0.77750000E-01 -0.25431632E-08
  0.77800000E-01  0.11955887E-08
  0.77850000E-01 -0.97122401E-09
  0.77900000E-01  0.45812726E-09
  0.77950000E-01 -0.18352598E-09
  0.78000000E-01  0.35148579E-08
  0.78050000E-01  0.13456762E-08
  0.78100000E-01  0.17125106E-08
  0.78150000E-01  0.42547601E-08
  0.78200000E-01 -0.18293020E-08
  0.78250000E-01 -0.32597582E-08
  0.78300000E-01 -0.26674899E-08
  0.78350000E-01 -0.15155506E-08
  0.78400000E-01 -0.43420351E-08
  0.78450000E-01  0.33158177E-08
  0.78500000E-01  0.43243754E-08
  0.78550000E-01 -0.38233113E-08
  0.78600000E-01  0.24022400E-08
  0.78650000E-01 -0.43512572E-08
  0.78700000E-01  0.13247752E-08
  0.78750000E-01  0.13642621E-08
  0.78800000E-01 -0.29380967E-08
  0.78850000E-01  0.28483266E-08
  0.78900000E-01  0.16179699E-08
  0.78950000E-01  0.19725990E-08
  0.79000000E-01 -0.45145699E-08
  0.79050000E-01 -0.21879604E-08
  0.79100000E-01  0.35897946E-08
  0.79150000E-01  0.59150755E-09
  0.79200000E-01  0.16608614E-08
  0.79250000E-01 -0.36266455E-08
  0.79300000E-01 -0.45171037E-08
  0.79350000E-01  0.34048098E-08
  0.79400000E-01 -0.84277958E-09
  0.79450000E-01 -0.14278507E-08
  0.79500000E-01  0.35272825E-08
  0.79550000E-01 -0.20785329E-08
  0.79600000E-01 -0.18982038E-08
  0.79650000E-01  0.19368482E-08
  0.79700000E-01 -0.41057788E-08
  0.79750000E-01 -0.37454566E-08
  0.79800000E-01 -0.19938418E-08
  0.79850000E-01 -0.39506555E-09
  0.79900000E-01 -0.11870143E-08
  0.79950000E-01  0.29051721E-09
  0.80000000E-01  0.14281678E-08
  0.80050000E-01  0.14157891E-08
  0.80100000E-01 -0.14624542E-08
  0.80150000E-01 -0.47554416E-08
  0.80200000E-01 -0.23174334E-08
  0.80250000E-01 -0.75672537E-09
  0.80300000E-01 -0.43526272E-08
  0.80350000E-01 -0.44142693E-09
  0.80400000E-01  0.15139514E-08
  0.80450000E-01  0.37742430E-08
  0.80500000E-01 -0.20714241E-08
  0.80550000E-01 -0.36576003E-09
  0.80600000E-01 -0.43923110E-09
  0.80650000E-01  0.29081392E-08
  0.80700000E-01  0.13090801E-08
  0.80750000E-01 -0.17169946E-08
  0.80800000E-01 -0.20242417E-08
  0.80850000E-01 -0.21146065E-08
  0.80900000E-01  0.43869460E-08
  0.80950000E-01  0.69578588E-09
  0.81000000E-01 -0.21364877E-08
  0.81050000E-01 -0.10919988E-08
  0.81100000E-01  0.55100381E-09
  0.81150000E-01  0.88282704E-09
  0.81200000E-01 -0.71064800E-09
  0.81250000E-01  0.44439501E-08
  0.81300000E-01 -0.64130068E-09
  0.81350000E-01 -0.68743825E-10
  0.81400000E-01 -0.35252245E-08
  0.81450000E-01 -0.39019728E-08
  0.81500000E-01 -0.36278825E-08
  0.81550000E-01  0.36684489E-08
  0.81600000E-01 -0.29622422E-08
  0.81650000E-01 -0.20450652E-10
  0.81700000E-01  0.30002165E-08
  0.81750000E-01  0.25334615E-08
  0.81800000E-01 -0.75542599E-09
  0.81850000E-01  0.13350219E-08
  0.81900000E-01  0.23251569E-08
  0.81950000E-01  0.20489597E-08
  0.82000000E-01  0.20896453E-08
  0.82050000E-01 -0.36013855E-08
  0.82100000E-01 -0.14903441E-08
  0.82150000E-01  0.31353056E-08
  0.82200000E-01 -0.38186133E-09
  0.82250000E-01  0.24526888E-08
  0.82300000E-01  0.37110406E-08
  0.82350000E-01 -0.28076179E-08
  0.82400000E-01 -0.43152995E-08
  0.82450000E-01  0.40811688E-08
  0.82500000E-01  0.39647925E-08
  0.82550000E-01  0.45904952E-08
  0.82600000E-01  0.21437484E-08
  0.82650000E-01 -0.19770077E-08
  0.82700000E-01 -0.27052148E-08
  0.82750000E-01 -0.47390087E-08
  0.82800000E-01 -0.32172143E-09
  0.82850000E-01 -0.21614486E-08
  0.82900000E-01 -0.44396611E-08
  0.82950000E-01 -0.29574043E-08
  0.83000000E-01 -0.45066975E-08
  0.83050000E-01 -0.28709981E-08
  0.83100000E-01 -0.21158466E-08
  0.83150000E-01  0.41782910E-08
  0.83200000E-01  0.16092598E-09
  0.83250000E-01  0.32083112E-08
  0.83300000E-01 -0.17990020E-08
  0.83350000E-01 -0.40932683E-08
  0.83400000E-01  0.57454824E-09
  0.83450000E-01 -0.36648576E-08
  0.83500000E-01  0.48797935E-08
  0.83550000E-01  0.22949791E-08
  0.83600000E-01 -0.21845776E-08
  0.83650000E-01 -0.32267436E-08
  0.83700000E-01 -0.19475156E-08
  0.83750000E-01  0.57325900E-09
  0.83800000E-01 -0.35604593E-08
  0.83850000E-01  0.81666946E-09
  0.83900000E-01 -0.34532577E-09
  0.83950000E-01 -0.27160214E-08
  0.84000000E-01 -0.27122927E-08
  0.84050000E-01 -0.14210150E-08
  0.84100000E-01  0.11704940E-08
  0.84150000E-01 -0.41733758E-08
  0.84200000E-01  0.28026652E-08
  0.84250000E-01  0.10582829E-08
  0.84300000E-01  0.74086785E-09
  0.84350000E-01  0.74359894E-09
  0.84400000E-01 -0.36276251E-09
  0.84450000E-01 -0.32620913E-08
  0.84500000E-01  0.37925661E-09
  0.84550000E-01  0.42713088E-08
  0.84600000E-01 -0.71847737E-09
  0.84650000E-01 -0.88704616E-09
  0.84700000E-01 -0.13472244E-08
  0.84750000E-01  0.46001410E-08
  0.84800000E-01  0.11539578E-09
  0.84850000E-01 -0.41925938E-08
  0.84900000E-01  0.41750920E-08
  0.84950000E-01  0.19587761E-08
  0.85000000E-01 -0.48395614E-08
  0.85050000E-01  0.43783724E-09
  0.85100000E-01 -0.40988068E-08
  0.85150000E-01  0.40549219E-09
  0.85200000E-01  0.11625558E-08
  0.85250000E-01  0.11368871E-09
  0.85300000E-01 -0.99934489E-09
  0.85350000E-01  0.13003522E-08
  0.85400000E-01  0.40088177E-08
  0.85450000E-01  0.74248612E-09
  0.85500000E-01  0.24929136E-08
  0.85550000E-01  0.32762843E-08
  0.85600000E-01 -0.33089006E-08
  0.85650000E-01  0.24573892E-08
  0.85700000E-01  0.21094257E-08
  0.85750000E-01  0.44169080E-08
  0.85800000E-01 -0.59040070E-09
  0.85850000E-01  0.89298248E-09
  0.85900000E-01  0.48804814E-08
  0.85950000E-01  0.39848578E-08
  0.86000000E-01  0.33960932E-08
  0.86050000E-01  0.13054252E-09
  0.86100000E-01 -0.48285491E-08
  0.86150000E-01 -0.77792406E-10
  0.86200000E-01  0.85748971E-09
  0.86250000E-01 -0.28942250E-08
  0.86300000E-01 -0.26155560E-08
  0.86350000E-01  0.18646133E-08
  0.86400000E-01  0.22648907E-08
  0.86450000E-01  0.35806346E-08
  0.86500000E-01  0.23983836E-08
  0.86550000E-01 -0.19874892E-08
  0.86600000E-01  0.15777373E-08
  0.86650000E-01 -0.16839308E-08
  0.86700000E-01 -0.19569588E-08
  0.86750000E-01  0.15339404E-08
  0.86800000E-01 -0.49139025E-08
  0.86850000E-01  0.44865280E-08
  0.86900000E-01 -0.27463180E-08
  0.86950000E-01  0.24511611E-08
  0.87000000E-01  0.38705909E-08
  0.87050000E-01  0.29568851E-08
  0.87100000E-01 -0.48506895E-08
  0.87150000E-01 -0.13871828E-08
  0.87200000E-01  0.46135443E-08
  0.87250000E-01 -0.53787410E-09
  0.87300000E-01 -0.45600682E-09
  0.87350000E-01 -0.18910033E-08
  0.87400000E-01 -0.28889766E-08
  0.87450000E-01  0.80679536E-09
  0.87500000E-01 -0.15334100E-09
  0.87550000E-01 -0.33732250E-08
  0.87600000E-01 -0.49075131E-08
  0.87650000E-01  0.26975381E-08
  0.87700000E-01  0.11357158E-08
  0.87750000E-01  0.15734762E-08
  0.87800000E-01 -0.33351792E-08
  0.87850000E-01 -0.21090564E-08
  0.87900000E-01  0.29105008E-09
  0.87950000E-01  0.11456239E-08
  0.88000000E-01 -0.17462000E-08
  0.88050000E-01 -0.41736547E-08
  0.88100000E-01 -0.23086724E-08
  0.88150000E-01 -0.31161407E-08
  0.88200000E-01 -0.53956062E-09
  0.88250000E-01 -0.11582974E-08
  0.88300000E-01 -0.63884765E-09
  0.88350000E-01  0.28747773E-08
  0.88400000E-01  0.24212104E-08
  0.88450000E-01  0.46843475E-08
  0.88500000E-01  0.43414742E-08
  0.88550000E-01 -0.29511036E-08
  0.88600000E-01  0.34967655E-08
  0.88650000E-01 -0.27743416E-08
  0.88700000E-01  0.25759453E-08
  0.88750000E-01 -0.48927242E-08
  0.88800000E-01 -0.47460038E-08
  0.88850000E-01 -0.44852117E-08
  0.88900000E-01  0.17043293E-09
  0.88950000E-01  0.21348953E-09
  0.89000000E-01  0.19748044E-08
  0.89050000E-01 -0.35671149E-08
  0.89100000E-01 -0.34990941E-08
  0.89150000E-01 -0.18157184E-08
  0.89200000E-01  0.32527477E-08
  0.89250000E-01  0.37650615E-08
  0.89300000E-01  0.21130478E-08
  0.89350000E-01 -0.18287820E-08
  0.89400000E-01  0.31201643E-08
  0.89450000E-01  0.11855853E-08
  0.89500000E-01  0.34208286E-08
  0.89550000E-01 -0.45224477E-08
  0.89600000E-01 -0.31541617E-08
  0.89650000E-01 -0.12278184E-08
  0.89700000E-01  0.48728162E-08
  0.89750000E-01  0.77144802E-09
  0.89800000E-01 -0.44485373E-08
  0.89850000E-01 -0.26970232E-08
  0.89900000E-01 -0.39543748E-09
  0.89950000E-01  0.16533673E-09
  0.90000000E-01 -0.17645958E-08
  0.90050000E-01  0.34883928E-08
  0.90100000E-01  0.26512355E-08
  0.90150000E-01  0.70213974E-09
  0.90200000E-01  0.50295532E-09
  0.90250000E-01  0.28439134E-08
  0.90300000E-01 -0.41303724E-09
  0.90350000E-01  0.75475872E-09
  0.90400000E-01 -0.29258966E-08
  0.90450000E-01 -0.39600295E-08
  0.90500000E-01 -0.25036980E-08
  0.90550000E-01  0.48297280E-08
  0.90600000E-01  0.19956690E-08
  0.90650000E-01  0.26404011E-08
  0.90700000E-01  0.42038602E-08
  0.90750000E-01 -0.67659974E-09
  0.90800000E-01  0.10626203E-08
  0.90850000E-01 -0.74479222E-09
  0.90900000E-01 -0.45568699E-08
  0.90950000E-01  0.28923231E-08
  0.91000000E-01  0.88160217E-09
  0.91050000E-01  0.45146048E-09
  0.91100000E-01 -0.34492612E-08
  0.91150000E-01  0.16813684E-08
  0.91200000E-01  0.63760877E-10
  0.91250000E-01 -0.25176975E-08
  0.91300000E-01  0.39628667E-08
  0.91350000E-01  0.48614568E-08
  0.91400000E-01  0.26559538E-08
  0.91450000E-01  0.38628072E-08
  0.91500000E-01 -0.32911579E-08
  0.91550000E-01  0.35393995E-08
  0.91600000E-01 -0.37630162E-08
  0.91650000E-01 -0.29667535E-08
  0.91700000E-01 -0.43095985E-08
  0.91750000E-01  0.37398297E-08
  0.91800000E-01 -0.92671990E-09
  0.91850000E-01  0.19934195E-08
  0.91900000E-01 -0.21702150E-08
  0.91950000E-01  0.60351670E-09
  0.92000000E-01 -0.34314473E-08
  0.92050000E-01  0.20253885E-08
  0.92100000E-01  0.19337422E-08
  0.92150000E-01 -0.35701276E-08
  0.92200000E-01  0.18047333E-09
  0.92250000E-01  0.20517695E-08
  0.92300000E-01  0.41737515E-08
  0.92350000E-01 -0.22144914E-09
  0.92400000E-01  0.28539473E-08
  0.92450000E-01 -0.92786252E-10
  0.92500000E-01 -0.35764635E-08
  0.92550000E-01  0.35503340E-08
  0.92600000E-01  0.30309856E-08
  0.92650000E-01 -0.31606491E-08
  0.92700000E-01 -0.42422596E-08
  0.92750000E-01  0.16625988E-08
  0.92800000E-01 -0.38796653E-08
  0.92850000E-01 -0.29107058E-08
  0.92900000E-01  0.87215900E-10
  0.92950000E-01 -0.31866333E-08
  0.93000000E-01  0.67248583E-09
  0.93050000E-01 -0.34314550E-08
  0.93100000E-01  0.19168788E-08
  0.93150000E-01 -0.50295562E-09
  0.93200000E-01  0.41079718E-08
  0.93250000E-01  0.17301381E-08
  0.93300000E-01  0.22992766E-08
  0.93350000E-01 -0.21724334E-08
  0.93400000E-01 -0.41503810E-08
  0.93450000E-01 -0.35663570E-08
  0.93500000E-01 -0.11986393E-08
  0.93550000E-01 -0.20671192E-08
  0.93600000E-01  0.34419084E-08
  0.93650000E-01 -0.28191534E-08
  0.93700000E-01 -0.52702785E-09
  0.93750000E-01  0.27452105E-08
  0.93800000E-01  0.61177254E-09
  0.93850000E-01 -0.14476150E-09
  0.93900000E-01 -0.38592833E-08
  0.93950000E-01 -0.42021835E-08
  0.94000000E-01  0.43464124E-08
  0.94050000E-01  0.45631528E-10
  0.94100000E-01  0.12458509E-08
  0.94150000E-01  0.40035051E-08
  0.94200000E-01 -0.32216258E-08
  0.94250000E-01  0.25895190E-08
  0.94300000E-01  0.11946309E-08
  0.94350000E-01 -0.90080202E-10
  0.94400000E-01 -0.25630297E-08
  0.94450000E-01  0.20003688E-08
  0.94500000E-01 -0.45713706E-08
  0.94550000E-01  0.41161138E-08
  0.94600000E-01 -0.25465231E-08
  0.94650000E-01 -0.23498663E-08
  0.94700000E-01  0.31452578E-08
  0.94750000E-01  0.43965209E-08
  0.94800000E-01  0.10301024E-08
  0.94850000E-01 -0.71859151E-09
  0.94900000E-01  0.47794956E-08
  0.94950000E-01  0.33423591E-08
  0.95000000E-01 -0.19295648E-08
  0.95050000E-01 -0.21615538E-08
  0.95100000E-01 -0.49875638E-08
  0.95150000E-01  0.14285493E-08
  0.95200000E-01 -0.49658259E-08
  0.95250000E-01 -0.48508381E-08
  0.95300000E-01 -0.28046787E-09
  0.95350000E-01  0.38567495E-08
  0.95400000E-01 -0.12727824E-08
  0.95450000E-01  0.16846240E-09
  0.95500000E-01 -0.17431468E-08
  0.95550000E-01 -0.37256004E-08
  0.95600000E-01 -0.42553882E-08
  0.95650000E-01 -0.41945736E-08
  0.95700000E-01  0.25606620E-08
  0.95750000E-01 -0.33118060E-08
  0.95800000E-01 -0.13980144E-08
  0.95850000E-01 -0.31711179E-08
  0.95900000E-01 -0.47041686E-08
  0.95950000E-01 -0.26823717E-08
  0.96000000E-01  0.10715109E-08
  0.96050000E-01 -0.44728168E-08
  0.96100000E-01 -0.28900954E-08
  0.96150000E-01  0.20345014E-08
  0.96200000E-01 -0.98155439E-10
  0.96250000E-01  0.41386819E-08
  0.96300000E-01 -0.14138570E-08
  0.96350000E-01 -0.28471138E-08
  0.96400000E-01 -0.35907881E-08
  0.96450000E-01  0.11294514E-08
  0.96500000E-01 -0.20598561E-08
  0.96550000E-01 -0.33309937E-09
  0.96600000E-01  0.24394995E-08
  0.96650000E-01 -0.72150290E-09
  0.96700000E-01  0.40765059E-08
  0.96750000E-01 -0.22007465E-09
  0.96800000E-01 -0.20158297E-08
  0.96850000E-01 -0.34106588E-08
  0.96900000E-01  0.33367717E-08
  0.96950000E-01 -0.40880536E-08
  0.97000000E-01  0.22388756E-08
  0.97050000E-01  0.15341783E-08
  0.97100000E-01 -0.38165510E-09
  0.97150000E-01  0.44321591E-08
  0.97200000E-01  0.27295762E-08
  0.97250000E-01  0.41357458E-08
  0.97300000E-01 -0.25940806E-09
  0.97350000E-01 -0.40606260E-09
  0.97400000E-01 -0.54040074E-09
  0.97450000E-01  0.39598358E-08
  0.97500000E-01  0.36681682E-08
  0.97550000E-01 -0.46446552E-08
  0.97600000E-01 -0.23231056E-08
  0.97650000E-01 -0.81668437E-09
  0.97700000E-01 -0.14322746E-08
  0.97750000E-01  0.26447225E-08
  0.97800000E-01 -0.37046359E-08
  0.97850000E-01 -0.20786574E-08
  0.97900000E-01  0.46837014E-08
  0.97950000E-01 -0.42167810E-08
  0.98000000E-01  0.49916440E-08
  0.98050000E-01  0.79906523E-09
  0.98100000E-01 -0.28634106E-08
  0.98150000E-01  0.44313484E-08
  0.98200000E-01  0.51227152E-09
  0.98250000E-01 -0.10002670E-08
  0.98300000E-01  0.31877756E-09
  0.98350000E-01  0.24935246E-09
  0.98400000E-01  0.36300427E-08
  0.98450000E-01 -0.77030778E-09
  0.98500000E-01  0.13384622E-08
  0.98550000E-01  0.80575705E-09
  0.98600000E-01  0.26279980E-08
  0.98650000E-01 -0.45296524E-08
  0.98700000E-01  0.46413124E-08
  0.98750000E-01  0.44748724E-09
  0.98800000E-01 -0.17372394E-08
  0.98850000E-01 -0.33223417E-08
  0.98900000E-01  0.12795830E-08
  0.98950000E-01  0.35287267E-08
  0.99000000E-01 -0.34042451E-08
  0.99050000E-01  0.45597434E-08
  0.99100000E-01 -0.37308574E-09
  0.99150000E-01  0.44551289E-08
  0.99200000E-01 -0.30605723E-08
  0.99250000E-01  0.37011474E-08
  0.99300000E-01  0.30736673E-08
  0.99350000E-01 -0.89901716E-09
  0.99400000E-01 -0.28674306E-08
  0.99450000E-01  0.13142639E-08
  0.99500000E-01 -0.27295943E-08
  0.99550000E-01  0.41214365E-08
  0.99600000E-01  0.70316792E-09
  0.99650000E-01  0.48220336E-09
  0.99700000E-01 -0.41587374E-08
  0.99750000E-01 -0.25205304E-08
  0.99800000E-01 -0.25920597E-08
  0.99850000E-01 -0.12106812E-08
  0.99900000E-01  0.15006602E-08
  0.99950000E-01  0.13530225E-08
  0.10000000       0.0000000    
