  0.50000000E-04  0.35536516E-08
  0.10000000E-03  0.65385580E-09
  0.15000000E-03 -0.36744535E-09
  0.20000000E-03  0.24025089E-08
  0.25000000E-03  0.43972689E-08
  0.30000000E-03 -0.16868588E-08
  0.35000000E-03 -0.10165602E-09
  0.40000000E-03  0.65826952E-09
  0.45000000E-03 -0.31754668E-08
  0.50000000E-03  0.49215591E-08
  0.55000000E-03 -0.28722277E-08
  0.60000000E-03  0.14189899E-09
  0.65000000E-03 -0.34195730E-08
  0.70000000E-03  0.22005206E-08
  0.75000000E-03  0.13480490E-08
  0.80000000E-03 -0.33460955E-08
  0.85000000E-03  0.47807652E-08
  0.90000000E-03 -0.45448229E-08
  0.95000000E-03  0.42739099E-08
  0.10000000E-02 -0.70186526E-09
  0.10500000E-02  0.47571623E-08
  0.11000000E-02  0.26928127E-09
  0.11500000E-02 -0.42314351E-08
  0.12000000E-02 -0.37112390E-08
  0.12500000E-02 -0.29806830E-08
  0.13000000E-02  0.15620893E-08
  0.13500000E-02 -0.17606702E-08
  0.14000000E-02 -0.23487750E-08
  0.14500000E-02 -0.20437801E-08
  0.15000000E-02 -0.24912775E-09
  0.15500000E-02 -0.42390707E-08
  0.16000000E-02  0.45367330E-08
  0.16500000E-02  0.21837336E-08
  0.17000000E-02 -0.12929019E-08
  0.17500000E-02  0.31344134E-08
  0.18000000E-02  0.43988270E-08
  0.18500000E-02  0.41688025E-09
  0.19000000E-02 -0.16299361E-08
  0.19500000E-02 -0.15521136E-08
  0.20000000E-02 -0.37449139E-08
  0.20500000E-02  0.28121889E-09
  0.21000000E-02  0.29854339E-08
  0.21500000E-02  0.49972963E-08
  0.22000000E-02  0.35866278E-08
  0.22500000E-02  0.32628065E-08
  0.23000000E-02  0.33351815E-08
  0.23500000E-02  0.10833275E-08
  0.24000000E-02 -0.29206021E-08
  0.24500000E-02 -0.18700323E-08
  0.25000000E-02 -0.19161671E-09
  0.25500000E-02 -0.23101997E-08
  0.26000000E-02 -0.80577731E-10
  0.26500000E-02 -0.37536340E-08
  0.27000000E-02 -0.16002858E-08
  0.27500000E-02 -0.16578194E-08
  0.28000000E-02 -0.20918578E-08
  0.28500000E-02  0.60288906E-09
  0.29000000E-02  0.19513828E-08
  0.29500000E-02 -0.28204322E-09
  0.30000000E-02 -0.48388949E-08
  0.30500000E-02 -0.48175957E-08
  0.31000000E-02 -0.43925073E-08
  0.31500000E-02 -0.16188043E-08
  0.32000000E-02 -0.48115401E-08
  0.32500000E-02 -0.35262346E-08
  0.33000000E-02  0.21024388E-08
  0.33500000E-02  0.48859787E-08
  0.34000000E-02  0.83009958E-09
  0.34500000E-02  0.37953573E-08
  0.35000000E-02 -0.15701976E-08
  0.35500000E-02  0.24510264E-09
  0.36000000E-02  0.40083283E-08
  0.36500000E-02 -0.31148937E-08
  0.37000000E-02 -0.30609071E-09
  0.37500000E-02  0.41493171E-08
  0.38000000E-02 -0.48593416E-08
  0.38500000E-02  0.20030868E-08
  0.39000000E-02  0.19512892E-08
  0.39500000E-02  0.52018166E-10
  0.40000000E-02 -0.10388818E-08
  0.40500000E-02 -0.27543087E-08
  0.41000000E-02 -0.91395229E-09
  0.41500000E-02 -0.10201219E-08
  0.42000000E-02  0.15695888E-08
  0.42500000E-02  0.13496071E-08
  0.43000000E-02  0.32891005E-08
  0.43500000E-02 -0.10981795E-08
  0.44000000E-02  0.46850502E-08
  0.44500000E-02 -0.29100272E-08
  0.45000000E-02 -0.19252381E-08
  0.45500000E-02  0.11954278E-08
  0.46000000E-02  0.56001365E-09
  0.46500000E-02 -0.35852015E-08
  0.47000000E-02  0.29297763E-08
  0.47500000E-02  0.34638590E-08
  0.48000000E-02 -0.42222998E-08
  0.48500000E-02 -0.18077856E-08
  0.49000000E-02 -0.10932416E-08
  0.49500000E-02  0.30773199E-08
  0.50000000E-02  0.48433471E-08
  0.50500000E-02  0.31782389E-10
  0.51000000E-02  0.24638307E-08
  0.51500000E-02  0.13085562E-08
  0.52000000E-02  0.38454407E-08
  0.52500000E-02  0.15955275E-08
  0.53000000E-02  0.44866353E-08
  0.53500000E-02 -0.30928032E-08
  0.54000000E-02  0.21329290E-08
  0.54500000E-02 -0.35094890E-08
  0.55000000E-02 -0.25975154E-08
  0.55500000E-02  0.33696496E-08
  0.56000000E-02  0.36071861E-08
  0.56500000E-02 -0.28120027E-08
  0.57000000E-02  0.40038246E-08
  0.57500000E-02 -0.17484635E-09
  0.58000000E-02  0.48620743E-08
  0.58500000E-02 -0.33859015E-10
  0.59000000E-02 -0.16888916E-09
  0.59500000E-02 -0.24827617E-08
  0.60000000E-02 -0.48389540E-08
  0.60500000E-02 -0.77844083E-09
  0.61000000E-02 -0.13807178E-08
  0.61500000E-02 -0.10460299E-08
  0.62000000E-02 -0.11611980E-08
  0.62500000E-02  0.80884099E-10
  0.63000000E-02 -0.14671230E-08
  0.63500000E-02 -0.26542646E-08
  0.64000000E-02 -0.20919478E-08
  0.64500000E-02 -0.39897521E-08
  0.65000000E-02 -0.33056499E-08
  0.65500000E-02 -0.28544486E-09
  0.66000000E-02  0.46137196E-08
  0.66500000E-02 -0.19101992E-08
  0.67000000E-02  0.25724930E-08
  0.67500000E-02 -0.48089762E-08
  0.68000000E-02 -0.11233696E-08
  0.68500000E-02  0.21085680E-09
  0.69000000E-02 -0.33332668E-08
  0.69500000E-02 -0.42323057E-08
  0.70000000E-02  0.23190403E-08
  0.70500000E-02  0.36291647E-08
  0.71000000E-02  0.17872202E-08
  0.71500000E-02 -0.94729304E-09
  0.72000000E-02 -0.45869546E-08
  0.72500000E-02  0.40785420E-08
  0.73000000E-02 -0.52993089E-09
  0.73500000E-02  0.47781593E-08
  0.74000000E-02 -0.19099864E-08
  0.74500000E-02  0.37345588E-09
  0.75000000E-02  0.14955640E-09
  0.75500000E-02 -0.40480582E-08
  0.76000000E-02  0.31149268E-08
  0.76500000E-02 -0.41213244E-09
  0.77000000E-02  0.96826553E-09
  0.77500000E-02  0.16838390E-08
  0.78000000E-02  0.33498102E-08
  0.78500000E-02 -0.41724680E-08
  0.79000000E-02 -0.25414978E-08
  0.79500000E-02 -0.46264939E-08
  0.80000000E-02 -0.12052634E-08
  0.80500000E-02  0.21638894E-08
  0.81000000E-02  0.45872748E-08
  0.81500000E-02 -0.22157755E-08
  0.82000000E-02  0.17522120E-08
  0.82500000E-02 -0.34311816E-08
  0.83000000E-02  0.12565911E-09
  0.83500000E-02 -0.43904752E-09
  0.84000000E-02 -0.75375140E-09
  0.84500000E-02  0.10729790E-09
  0.85000000E-02 -0.36254437E-08
  0.85500000E-02  0.36257493E-08
  0.86000000E-02  0.23567855E-09
  0.86500000E-02  0.33052325E-09
  0.87000000E-02 -0.30052982E-08
  0.87500000E-02 -0.45625925E-09
  0.88000000E-02  0.57947338E-09
  0.88500000E-02 -0.17231882E-09
  0.89000000E-02  0.44644833E-09
  0.89500000E-02 -0.29041456E-08
  0.90000000E-02 -0.42413267E-08
  0.90500000E-02 -0.23794493E-08
  0.91000000E-02 -0.82167149E-09
  0.91500000E-02  0.28873867E-08
  0.92000000E-02  0.32167524E-08
  0.92500000E-02  0.96556425E-09
  0.93000000E-02  0.37919348E-08
  0.93500000E-02 -0.19005767E-08
  0.94000000E-02  0.37946510E-08
  0.94500000E-02  0.27797157E-08
  0.95000000E-02 -0.72639078E-09
  0.95500000E-02 -0.22713935E-08
  0.96000000E-02  0.16732460E-08
  0.96500000E-02 -0.48929942E-08
  0.97000000E-02 -0.36786772E-08
  0.97500000E-02 -0.30563858E-08
  0.98000000E-02 -0.20397347E-08
  0.98500000E-02 -0.40865314E-08
  0.99000000E-02 -0.31815717E-08
  0.99500000E-02  0.10993063E-09
  0.10000000E-01  0.19990677E-08
  0.10050000E-01  0.14173168E-08
  0.10100000E-01 -0.23569065E-08
  0.10150000E-01  0.35705233E-08
  0.10200000E-01 -0.30026355E-08
  0.10250000E-01 -0.40716822E-08
  0.10300000E-01  0.47323525E-08
  0.10350000E-01 -0.60006768E-09
  0.10400000E-01  0.49824715E-09
  0.10450000E-01  0.32946098E-08
  0.10500000E-01  0.28503281E-08
  0.10550000E-01  0.26859343E-08
  0.10600000E-01  0.76610684E-09
  0.10650000E-01  0.36810207E-08
  0.10700000E-01  0.37439865E-08
  0.10750000E-01 -0.38726896E-09
  0.10800000E-01 -0.45576782E-08
  0.10850000E-01  0.20001942E-08
  0.10900000E-01 -0.14387989E-08
  0.10950000E-01 -0.21782309E-09
  0.11000000E-01 -0.40496587E-08
  0.11050000E-01  0.22259301E-08
  0.11100000E-01  0.43316615E-08
  0.11150000E-01 -0.30033222E-08
  0.11200000E-01  0.30270904E-08
  0.11250000E-01  0.11572218E-08
  0.11300000E-01  0.47028065E-09
  0.11350000E-01  0.36516184E-08
  0.11400000E-01 -0.77938855E-09
  0.11450000E-01 -0.36293891E-08
  0.11500000E-01 -0.15858012E-08
  0.11550000E-01  0.16481227E-08
  0.11600000E-01  0.43223071E-08
  0.11650000E-01 -0.17861167E-08
  0.11700000E-01 -0.10620680E-08
  0.11750000E-01 -0.20889354E-08
  0.11800000E-01 -0.44101749E-08
  0.11850000E-01 -0.23157802E-08
  0.11900000E-01  0.48974919E-08
  0.11950000E-01 -0.30797932E-08
  0.12000000E-01 -0.90136170E-09
  0.12050000E-01  0.24054104E-08
  0.12100000E-01  0.19480038E-08
  0.12150000E-01 -0.56660771E-09
  0.12200000E-01  0.15289420E-08
  0.12250000E-01 -0.25036649E-08
  0.12300000E-01 -0.39863283E-08
  0.12350000E-01 -0.49406886E-10
  0.12400000E-01 -0.38218922E-08
  0.12450000E-01 -0.28875403E-08
  0.12500000E-01 -0.35552102E-08
  0.12550000E-01  0.29467952E-08
  0.12600000E-01 -0.27516922E-08
  0.12650000E-01  0.23656833E-08
  0.12700000E-01  0.38542229E-08
  0.12750000E-01 -0.24343973E-08
  0.12800000E-01  0.34406030E-08
  0.12850000E-01  0.43365175E-08
  0.12900000E-01 -0.10151002E-08
  0.12950000E-01 -0.32157645E-08
  0.13000000E-01  0.47282934E-08
  0.13050000E-01  0.23475188E-08
  0.13100000E-01 -0.26937610E-08
  0.13150000E-01  0.39365250E-08
  0.13200000E-01 -0.97968549E-09
  0.13250000E-01 -0.40713906E-09
  0.13300000E-01  0.25685990E-08
  0.13350000E-01 -0.25765091E-09
  0.13400000E-01  0.98960400E-10
  0.13450000E-01  0.49960202E-08
  0.13500000E-01 -0.17385533E-08
  0.13550000E-01  0.22881794E-08
  0.13600000E-01 -0.53444207E-09
  0.13650000E-01  0.15661198E-08
  0.13700000E-01  0.60358047E-10
  0.13750000E-01  0.12655914E-09
  0.13800000E-01 -0.16014272E-08
  0.13850000E-01 -0.36067696E-08
  0.13900000E-01 -0.20248652E-08
  0.13950000E-01  0.35163540E-08
  0.14000000E-01 -0.32225075E-08
  0.14050000E-01  0.49481559E-08
  0.14100000E-01 -0.98425120E-09
  0.14150000E-01  0.56734085E-10
  0.14200000E-01 -0.37598507E-08
  0.14250000E-01 -0.18397084E-08
  0.14300000E-01 -0.38850564E-08
  0.14350000E-01 -0.93047857E-09
  0.14400000E-01  0.31681591E-08
  0.14450000E-01 -0.84315062E-09
  0.14500000E-01 -0.34781536E-08
  0.14550000E-01  0.14510876E-08
  0.14600000E-01 -0.44044870E-08
  0.14650000E-01  0.34538388E-09
  0.14700000E-01 -0.90503752E-09
  0.14750000E-01  0.46674454E-08
  0.14800000E-01  0.17257959E-08
  0.14850000E-01  0.28822243E-09
  0.14900000E-01 -0.43722970E-08
  0.14950000E-01  0.36434942E-08
  0.15000000E-01 -0.26267922E-08
  0.15050000E-01  0.87107122E-09
  0.15100000E-01 -0.47769645E-08
  0.15150000E-01 -0.27670924E-08
  0.15200000E-01 -0.25939421E-08
  0.15250000E-01 -0.11617690E-09
  0.15300000E-01  0.10393023E-08
  0.15350000E-01  0.36738890E-08
  0.15400000E-01  0.42994499E-09
  0.15450000E-01  0.14761508E-08
  0.15500000E-01  0.26391131E-08
  0.15550000E-01 -0.19519088E-08
  0.15600000E-01  0.46873730E-08
  0.15650000E-01  0.10513806E-08
  0.15700000E-01 -0.22182718E-08
  0.15750000E-01  0.48859066E-08
  0.15800000E-01  0.11251688E-09
  0.15850000E-01 -0.36501241E-08
  0.15900000E-01 -0.16443640E-08
  0.15950000E-01 -0.16049743E-08
  0.16000000E-01  0.36888844E-08
  0.16050000E-01 -0.54239750E-09
  0.16100000E-01 -0.23433238E-08
  0.16150000E-01 -0.28903310E-08
  0.16200000E-01 -0.52008629E-10
  0.16250000E-01 -0.12340266E-08
  0.16300000E-01 -0.38386975E-08
  0.16350000E-01 -0.56919426E-09
  0.16400000E-01  0.36515814E-08
  0.16450000E-01 -0.36493559E-08
  0.16500000E-01 -0.46671439E-08
  0.16550000E-01 -0.22566792E-08
  0.16600000E-01  0.36440885E-08
  0.16650000E-01  0.58034241E-09
  0.16700000E-01  0.45861799E-08
  0.16750000E-01 -0.44003040E-09
  0.16800000E-01 -0.40083693E-08
  0.16850000E-01  0.48144948E-08
  0.16900000E-01  0.46297324E-08
  0.16950000E-01  0.26085818E-08
  0.17000000E-01  0.24006969E-08
  0.17050000E-01 -0.29604045E-08
  0.17100000E-01  0.23855454E-08
  0.17150000E-01  0.21172994E-08
  0.17200000E-01  0.24260044E-09
  0.17250000E-01  0.27237272E-08
  0.17300000E-01  0.33942288E-08
  0.17350000E-01  0.17636025E-08
  0.17400000E-01 -0.96111864E-09
  0.17450000E-01 -0.26420355E-10
  0.17500000E-01  0.55135906E-09
  0.17550000E-01 -0.53996205E-09
  0.17600000E-01  0.22721082E-08
  0.17650000E-01 -0.39199112E-08
  0.17700000E-01  0.29533780E-08
  0.17750000E-01 -0.27786708E-08
  0.17800000E-01 -0.30176659E-08
  0.17850000E-01 -0.33537418E-09
  0.17900000E-01 -0.48117119E-08
  0.17950000E-01 -0.27546498E-08
  0.18000000E-01 -0.69238365E-09
  0.18050000E-01 -0.28801675E-08
  0.18100000E-01 -0.31783094E-08
  0.18150000E-01  0.81971288E-09
  0.18200000E-01 -0.33215594E-08
  0.18250000E-01 -0.16007575E-08
  0.18300000E-01  0.83714068E-09
  0.18350000E-01 -0.38878589E-08
  0.18400000E-01  0.25515741E-08
  0.18450000E-01 -0.32971890E-08
  0.18500000E-01 -0.48406463E-08
  0.18550000E-01  0.63304901E-09
  0.18600000E-01 -0.41686635E-08
  0.18650000E-01 -0.43747008E-08
  0.18700000E-01 -0.94962269E-09
  0.18750000E-01 -0.18607068E-08
  0.18800000E-01 -0.65556735E-09
  0.18850000E-01  0.49196666E-08
  0.18900000E-01  0.29401779E-09
  0.18950000E-01 -0.32082996E-08
  0.19000000E-01  0.98715484E-09
  0.19050000E-01 -0.45404201E-08
  0.19100000E-01 -0.30544490E-08
  0.19150000E-01 -0.17043856E-08
  0.19200000E-01  0.38036096E-08
  0.19250000E-01 -0.49535969E-08
  0.19300000E-01  0.20733559E-08
  0.19350000E-01 -0.21550530E-08
  0.19400000E-01  0.21422207E-09
  0.19450000E-01  0.28704023E-08
  0.19500000E-01 -0.14067560E-09
  0.19550000E-01 -0.19947195E-08
  0.19600000E-01 -0.50638765E-09
  0.19650000E-01 -0.14381757E-08
  0.19700000E-01  0.12176788E-08
  0.19750000E-01  0.48136216E-08
  0.19800000E-01 -0.29315144E-08
  0.19850000E-01  0.30446422E-08
  0.19900000E-01 -0.46071550E-08
  0.19950000E-01  0.49401546E-08
  0.20000000E-01 -0.67018390E-09
  0.20050000E-01 -0.19454646E-08
  0.20100000E-01 -0.24695039E-08
  0.20150000E-01  0.30243182E-08
  0.20200000E-01  0.11335236E-08
  0.20250000E-01 -0.31947295E-08
  0.20300000E-01 -0.21091586E-08
  0.20350000E-01 -0.39211848E-08
  0.20400000E-01  0.45719004E-08
  0.20450000E-01  0.27843058E-09
  0.20500000E-01  0.18682015E-08
  0.20550000E-01 -0.14243811E-09
  0.20600000E-01  0.41336548E-08
  0.20650000E-01  0.19063133E-08
  0.20700000E-01  0.43246645E-08
  0.20750000E-01  0.53927720E-09
  0.20800000E-01 -0.62132776E-10
  0.20850000E-01 -0.44721403E-08
  0.20900000E-01  0.21902680E-09
  0.20950000E-01 -0.23165220E-08
  0.21000000E-01  0.43767542E-08
  0.21050000E-01 -0.49656510E-09
  0.21100000E-01  0.39481574E-08
  0.21150000E-01  0.37074584E-08
  0.21200000E-01  0.39678603E-08
  0.21250000E-01  0.45549780E-08
  0.21300000E-01  0.23974001E-08
  0.21350000E-01  0.20021057E-08
  0.21400000E-01  0.41579711E-08
  0.21450000E-01  0.20070493E-08
  0.21500000E-01 -0.47519183E-08
  0.21550000E-01 -0.65004230E-09
  0.21600000E-01  0.30143994E-08
  0.21650000E-01  0.28407484E-08
  0.21700000E-01  0.18297076E-09
  0.21750000E-01 -0.54220796E-09
  0.21800000E-01 -0.37751675E-09
  0.21850000E-01  0.10866308E-08
  0.21900000E-01 -0.10010865E-08
  0.21950000E-01  0.44885188E-08
  0.22000000E-01 -0.16079211E-08
  0.22050000E-01 -0.14623994E-08
  0.22100000E-01  0.24416053E-08
  0.22150000E-01 -0.86215734E-10
  0.22200000E-01 -0.10897654E-08
  0.22250000E-01 -0.13924608E-08
  0.22300000E-01  0.39471364E-08
  0.22350000E-01 -0.37932038E-09
  0.22400000E-01 -0.37006612E-08
  0.22450000E-01  0.44311988E-08
  0.22500000E-01  0.41769105E-08
  0.22550000E-01 -0.47331127E-08
  0.22600000E-01 -0.19915971E-08
  0.22650000E-01  0.86804390E-09
  0.22700000E-01 -0.21069780E-08
  0.22750000E-01  0.30439693E-08
  0.22800000E-01  0.11879057E-08
  0.22850000E-01  0.80791533E-09
  0.22900000E-01 -0.33207984E-08
  0.22950000E-01 -0.43214208E-08
  0.23000000E-01 -0.19173914E-08
  0.23050000E-01  0.26650393E-08
  0.23100000E-01  0.58393061E-09
  0.23150000E-01 -0.25378442E-08
  0.23200000E-01  0.68169832E-11
  0.23250000E-01  0.25173050E-08
  0.23300000E-01  0.37761152E-09
  0.23350000E-01 -0.77521771E-09
  0.23400000E-01 -0.17507225E-08
  0.23450000E-01 -0.48949988E-08
  0.23500000E-01 -0.11454928E-08
  0.23550000E-01  0.21432739E-08
  0.23600000E-01  0.30993980E-08
  0.23650000E-01  0.23048162E-09
  0.23700000E-01  0.26237154E-08
  0.23750000E-01  0.29619932E-09
  0.23800000E-01  0.22461665E-08
  0.23850000E-01 -0.35837297E-08
  0.23900000E-01  0.39119577E-08
  0.23950000E-01 -0.31696823E-08
  0.24000000E-01  0.39461792E-09
  0.24050000E-01  0.11882299E-08
  0.24100000E-01 -0.26290536E-09
  0.24150000E-01 -0.40713851E-08
  0.24200000E-01  0.26944858E-08
  0.24250000E-01  0.40891320E-08
  0.24300000E-01  0.37074685E-08
  0.24350000E-01  0.36106741E-08
  0.24400000E-01 -0.17975754E-08
  0.24450000E-01  0.39478797E-08
  0.24500000E-01  0.37688982E-08
  0.24550000E-01  0.29730409E-08
  0.24600000E-01  0.36343932E-10
  0.24650000E-01  0.18510306E-08
  0.24700000E-01 -0.18051526E-08
  0.24750000E-01 -0.80649018E-09
  0.24800000E-01  0.21363318E-09
  0.24850000E-01  0.47831517E-08
  0.24900000E-01 -0.10005221E-08
  0.24950000E-01  0.94118893E-09
  0.25000000E-01  0.45416725E-08
  0.25050000E-01 -0.14371884E-08
  0.25100000E-01 -0.32827710E-08
  0.25150000E-01  0.13377857E-08
  0.25200000E-01  0.39703250E-09
  0.25250000E-01 -0.62157512E-10
  0.25300000E-01 -0.68132699E-09
  0.25350000E-01 -0.64230502E-09
  0.25400000E-01 -0.13513282E-08
  0.25450000E-01 -0.42076109E-08
  0.25500000E-01 -0.12277177E-08
  0.25550000E-01 -0.50282866E-09
  0.25600000E-01 -0.28892510E-08
  0.25650000E-01  0.25127870E-08
  0.25700000E-01 -0.43417579E-08
  0.25750000E-01  0.32723969E-08
  0.25800000E-01  0.25027275E-09
  0.25850000E-01 -0.46814591E-09
  0.25900000E-01 -0.68671882E-09
  0.25950000E-01  0.36126196E-09
  0.26000000E-01  0.94537735E-10
  0.26050000E-01 -0.15557984E-08
  0.26100000E-01  0.47292751E-08
  0.26150000E-01  0.49709064E-08
  0.26200000E-01 -0.44787496E-08
  0.26250000E-01 -0.38328584E-08
  0.26300000E-01 -0.46552656E-08
  0.26350000E-01 -0.12349713E-08
  0.26400000E-01 -0.29749669E-08
  0.26450000E-01 -0.27460903E-08
  0.26500000E-01 -0.86645544E-09
  0.26550000E-01  0.28006971E-09
  0.26600000E-01  0.12055188E-08
  0.26650000E-01  0.23892844E-08
  0.26700000E-01  0.49251330E-08
  0.26750000E-01  0.94959438E-09
  0.26800000E-01  0.44278735E-08
  0.26850000E-01  0.44593412E-08
  0.26900000E-01 -0.16927153E-08
  0.26950000E-01  0.18400973E-08
  0.27000000E-01 -0.19982669E-08
  0.27050000E-01 -0.10599762E-09
  0.27100000E-01 -0.46328592E-08
  0.27150000E-01 -0.33799884E-08
  0.27200000E-01 -0.46686329E-08
  0.27250000E-01  0.32695019E-08
  0.27300000E-01  0.44921118E-08
  0.27350000E-01 -0.41714936E-09
  0.27400000E-01 -0.16909146E-08
  0.27450000E-01 -0.30790040E-08
  0.27500000E-01 -0.10590062E-08
  0.27550000E-01 -0.54967999E-09
  0.27600000E-01 -0.10960233E-08
  0.27650000E-01 -0.40668335E-08
  0.27700000E-01 -0.39236142E-08
  0.27750000E-01  0.19806921E-08
  0.27800000E-01  0.33146495E-08
  0.27850000E-01  0.10617918E-08
  0.27900000E-01 -0.43660715E-08
  0.27950000E-01  0.35268974E-08
  0.28000000E-01  0.13679272E-08
  0.28050000E-01  0.24491894E-08
  0.28100000E-01 -0.20448324E-08
  0.28150000E-01 -0.28251363E-08
  0.28200000E-01  0.29881012E-08
  0.28250000E-01 -0.40359868E-08
  0.28300000E-01  0.40712267E-08
  0.28350000E-01 -0.45907658E-08
  0.28400000E-01 -0.26439492E-08
  0.28450000E-01  0.20704275E-08
  0.28500000E-01  0.19777387E-08
  0.28550000E-01 -0.18386200E-08
  0.28600000E-01 -0.42580033E-08
  0.28650000E-01 -0.45656341E-08
  0.28700000E-01  0.16008407E-08
  0.28750000E-01 -0.39940473E-08
  0.28800000E-01  0.15629625E-08
  0.28850000E-01  0.18366104E-08
  0.28900000E-01  0.48698956E-08
  0.28950000E-01  0.19711411E-08
  0.29000000E-01 -0.31488299E-09
  0.29050000E-01 -0.96044570E-09
  0.29100000E-01 -0.96802711E-10
  0.29150000E-01  0.24539548E-08
  0.29200000E-01  0.47637659E-08
  0.29250000E-01 -0.41525662E-10
  0.29300000E-01 -0.12591523E-08
  0.29350000E-01 -0.34815341E-08
  0.29400000E-01  0.47688347E-08
  0.29450000E-01 -0.14269322E-09
  0.29500000E-01  0.39917457E-08
  0.29550000E-01  0.36822754E-08
  0.29600000E-01 -0.14158675E-08
  0.29650000E-01  0.24154150E-08
  0.29700000E-01  0.44539535E-08
  0.29750000E-01  0.22507370E-09
  0.29800000E-01 -0.73900759E-09
  0.29850000E-01  0.37777299E-08
  0.29900000E-01  0.79628408E-09
  0.29950000E-01  0.23739177E-08
  0.30000000E-01  0.83403230E-09
  0.30050000E-01  0.19542974E-08
  0.30100000E-01  0.33798617E-08
  0.30150000E-01  0.99883080E-10
  0.30200000E-01  0.55002093E-09
  0.30250000E-01 -0.26110099E-08
  0.30300000E-01 -0.81951737E-09
  0.30350000E-01 -0.48956223E-08
  0.30400000E-01 -0.19563624E-08
  0.30450000E-01  0.45767528E-08
  0.30500000E-01  0.52044213E-09
  0.30550000E-01 -0.17601371E-09
  0.30600000E-01 -0.17234340E-08
  0.30650000E-01  0.41873932E-09
  0.30700000E-01 -0.40232062E-09
  0.30750000E-01  0.41826057E-08
  0.30800000E-01  0.42303604E-08
  0.30850000E-01  0.25983602E-08
  0.30900000E-01 -0.34125553E-08
  0.30950000E-01  0.47881615E-08
  0.31000000E-01  0.14680254E-08
  0.31050000E-01 -0.82013607E-09
  0.31100000E-01  0.41698611E-08
  0.31150000E-01 -0.42031169E-08
  0.31200000E-01 -0.43914931E-08
  0.31250000E-01 -0.15662220E-08
  0.31300000E-01  0.47371835E-08
  0.31350000E-01 -0.45777516E-08
  0.31400000E-01  0.36031318E-08
  0.31450000E-01  0.20036155E-08
  0.31500000E-01 -0.43882996E-09
  0.31550000E-01  0.27771461E-08
  0.31600000E-01  0.40369844E-08
  0.31650000E-01 -0.41568191E-08
  0.31700000E-01 -0.29530451E-08
  0.31750000E-01 -0.12482327E-08
  0.31800000E-01  0.42302114E-08
  0.31850000E-01 -0.67960680E-09
  0.31900000E-01 -0.20017415E-09
  0.31950000E-01 -0.40402466E-08
  0.32000000E-01 -0.47586755E-08
  0.32050000E-01 -0.11304510E-08
  0.32100000E-01 -0.20739952E-08
  0.32150000E-01  0.47182161E-08
  0.32200000E-01 -0.37832544E-08
  0.32250000E-01 -0.41726914E-08
  0.32300000E-01  0.32201660E-08
  0.32350000E-01  0.20977545E-08
  0.32400000E-01 -0.49761336E-08
  0.32450000E-01  0.11898082E-08
  0.32500000E-01  0.19396508E-08
  0.32550000E-01 -0.39802271E-08
  0.32600000E-01  0.26981777E-08
  0.32650000E-01 -0.22627065E-08
  0.32700000E-01  0.29682636E-09
  0.32750000E-01 -0.23272181E-08
  0.32800000E-01 -0.75513303E-09
  0.32850000E-01  0.35479665E-08
  0.32900000E-01  0.17247176E-08
  0.32950000E-01 -0.32656498E-08
  0.33000000E-01  0.33526158E-08
  0.33050000E-01 -0.45245652E-08
  0.33100000E-01  0.30631179E-08
  0.33150000E-01 -0.74185342E-09
  0.33200000E-01  0.78694820E-09
  0.33250000E-01 -0.41382091E-08
  0.33300000E-01  0.23379642E-08
  0.33350000E-01 -0.21702650E-08
  0.33400000E-01  0.15074110E-08
  0.33450000E-01 -0.28202896E-08
  0.33500000E-01  0.48577619E-08
  0.33550000E-01  0.32069802E-09
  0.33600000E-01 -0.43703009E-08
  0.33650000E-01  0.39245331E-08
  0.33700000E-01 -0.26526010E-08
  0.33750000E-01  0.43620849E-08
  0.33800000E-01  0.40652692E-09
  0.33850000E-01  0.16940725E-08
  0.33900000E-01  0.38342434E-08
  0.33950000E-01  0.34235162E-08
  0.34000000E-01  0.48515946E-08
  0.34050000E-01 -0.33580363E-10
  0.34100000E-01  0.86860418E-09
  0.34150000E-01 -0.12003103E-08
  0.34200000E-01 -0.25506440E-08
  0.34250000E-01 -0.20174146E-08
  0.34300000E-01 -0.47278407E-08
  0.34350000E-01 -0.34605838E-08
  0.34400000E-01  0.19564331E-09
  0.34450000E-01 -0.41653547E-08
  0.34500000E-01 -0.17290869E-08
  0.34550000E-01  0.86472034E-09
  0.34600000E-01 -0.15321115E-08
  0.34650000E-01  0.46214569E-08
  0.34700000E-01 -0.11423567E-08
  0.34750000E-01  0.25260025E-08
  0.34800000E-01  0.23642480E-09
  0.34850000E-01 -0.88463068E-09
  0.34900000E-01 -0.19982597E-08
  0.34950000E-01  0.38838917E-08
  0.35000000E-01 -0.38319378E-08
  0.35050000E-01  0.27633667E-08
  0.35100000E-01  0.35249084E-08
  0.35150000E-01 -0.37684795E-08
  0.35200000E-01  0.37598222E-08
  0.35250000E-01 -0.10915244E-08
  0.35300000E-01  0.40197015E-08
  0.35350000E-01 -0.32694381E-08
  0.35400000E-01  0.19843805E-08
  0.35450000E-01  0.29925799E-08
  0.35500000E-01  0.15571791E-08
  0.35550000E-01  0.22721207E-08
  0.35600000E-01  0.48274875E-08
  0.35650000E-01 -0.20065087E-08
  0.35700000E-01 -0.26495716E-08
  0.35750000E-01 -0.38881035E-08
  0.35800000E-01 -0.12394404E-08
  0.35850000E-01 -0.15843403E-08
  0.35900000E-01 -0.26746114E-08
  0.35950000E-01  0.41496617E-08
  0.36000000E-01  0.38213688E-08
  0.36050000E-01  0.42255807E-08
  0.36100000E-01  0.11174452E-08
  0.36150000E-01  0.45013255E-08
  0.36200000E-01 -0.47852947E-08
  0.36250000E-01  0.38114923E-08
  0.36300000E-01  0.39104956E-08
  0.36350000E-01 -0.62665641E-09
  0.36400000E-01  0.23936218E-08
  0.36450000E-01  0.49220723E-08
  0.36500000E-01 -0.76656610E-09
  0.36550000E-01 -0.30622545E-08
  0.36600000E-01  0.75177908E-09
  0.36650000E-01 -0.43457085E-08
  0.36700000E-01 -0.86874336E-09
  0.36750000E-01 -0.67676157E-09
  0.36800000E-01  0.14055264E-08
  0.36850000E-01 -0.32497910E-08
  0.36900000E-01  0.34449238E-08
  0.36950000E-01 -0.20998663E-08
  0.37000000E-01  0.76339364E-09
  0.37050000E-01 -0.44369958E-08
  0.37100000E-01  0.37869990E-09
  0.37150000E-01 -0.28852265E-08
  0.37200000E-01 -0.48127897E-08
  0.37250000E-01  0.37020713E-08
  0.37300000E-01 -0.43487007E-08
  0.37350000E-01  0.36633515E-08
  0.37400000E-01  0.11819369E-08
  0.37450000E-01 -0.23319605E-08
  0.37500000E-01  0.18755341E-08
  0.37550000E-01 -0.77499807E-09
  0.37600000E-01  0.41838521E-08
  0.37650000E-01 -0.10952055E-10
  0.37700000E-01  0.25017190E-08
  0.37750000E-01  0.31445086E-08
  0.37800000E-01  0.72787464E-09
  0.37850000E-01 -0.33907895E-08
  0.37900000E-01  0.34858751E-08
  0.37950000E-01 -0.16324806E-08
  0.38000000E-01 -0.30012697E-09
  0.38050000E-01  0.10903192E-08
  0.38100000E-01 -0.99837869E-09
  0.38150000E-01 -0.69400191E-09
  0.38200000E-01  0.47170419E-08
  0.38250000E-01  0.92689872E-09
  0.38300000E-01 -0.45047085E-08
  0.38350000E-01  0.44939369E-08
  0.38400000E-01 -0.86369962E-09
  0.38450000E-01  0.32342821E-08
  0.38500000E-01 -0.42281438E-08
  0.38550000E-01 -0.26307131E-08
  0.38600000E-01  0.20521581E-08
  0.38650000E-01  0.15981901E-08
  0.38700000E-01 -0.44173673E-08
  0.38750000E-01  0.16305059E-08
  0.38800000E-01  0.12353170E-08
  0.38850000E-01 -0.24464726E-10
  0.38900000E-01 -0.34700425E-08
  0.38950000E-01 -0.46158820E-08
  0.39000000E-01 -0.42242174E-08
  0.39050000E-01  0.49641371E-09
  0.39100000E-01  0.40580887E-08
  0.39150000E-01  0.20581126E-09
  0.39200000E-01  0.46996665E-08
  0.39250000E-01  0.26938069E-08
  0.39300000E-01  0.30891138E-08
  0.39350000E-01 -0.23872015E-08
  0.39400000E-01 -0.26519006E-08
  0.39450000E-01  0.23299062E-08
  0.39500000E-01  0.32673049E-08
  0.39550000E-01 -0.42933989E-08
  0.39600000E-01 -0.22575650E-08
  0.39650000E-01  0.39955193E-08
  0.39700000E-01  0.35648954E-08
  0.39750000E-01  0.15298665E-09
  0.39800000E-01 -0.14091766E-08
  0.39850000E-01  0.72304308E-09
  0.39900000E-01 -0.18581152E-08
  0.39950000E-01 -0.40294975E-09
  0.40000000E-01  0.33738476E-08
  0.40050000E-01  0.16657197E-08
  0.40100000E-01 -0.13772276E-08
  0.40150000E-01 -0.64156413E-09
  0.40200000E-01  0.34532171E-08
  0.40250000E-01 -0.49201879E-08
  0.40300000E-01  0.40122926E-08
  0.40350000E-01 -0.34421434E-08
  0.40400000E-01 -0.47100522E-08
  0.40450000E-01 -0.17004201E-08
  0.40500000E-01  0.32614338E-08
  0.40550000E-01 -0.37660372E-08
  0.40600000E-01 -0.11949715E-08
  0.40650000E-01 -0.39520000E-08
  0.40700000E-01  0.29211044E-09
  0.40750000E-01  0.46634078E-09
  0.40800000E-01  0.45629793E-08
  0.40850000E-01  0.14648205E-08
  0.40900000E-01  0.18624729E-08
  0.40950000E-01 -0.48686620E-08
  0.41000000E-01  0.72521269E-09
  0.41050000E-01  0.69763064E-09
  0.41100000E-01  0.31377500E-08
  0.41150000E-01 -0.30813448E-08
  0.41200000E-01  0.45979756E-08
  0.41250000E-01 -0.36405204E-08
  0.41300000E-01 -0.30924550E-08
  0.41350000E-01 -0.23636642E-08
  0.41400000E-01 -0.20765081E-08
  0.41450000E-01 -0.49119574E-08
  0.41500000E-01 -0.48307006E-08
  0.41550000E-01  0.91568887E-09
  0.41600000E-01 -0.21780524E-08
  0.41650000E-01 -0.17297161E-08
  0.41700000E-01 -0.49237670E-08
  0.41750000E-01 -0.32826824E-08
  0.41800000E-01  0.12172318E-08
  0.41850000E-01 -0.18730780E-08
  0.41900000E-01  0.67570865E-09
  0.41950000E-01 -0.17832279E-08
  0.42000000E-01  0.29799598E-08
  0.42050000E-01 -0.24504575E-08
  0.42100000E-01  0.26011372E-08
  0.42150000E-01 -0.27823296E-08
  0.42200000E-01  0.40942359E-08
  0.42250000E-01  0.37906605E-08
  0.42300000E-01 -0.21997741E-08
  0.42350000E-01  0.60977042E-09
  0.42400000E-01  0.30888456E-08
  0.42450000E-01  0.10591626E-08
  0.42500000E-01 -0.15459746E-08
  0.42550000E-01 -0.21697354E-08
  0.42600000E-01 -0.60461521E-09
  0.42650000E-01 -0.56263030E-09
  0.42700000E-01  0.19376564E-08
  0.42750000E-01 -0.49494271E-08
  0.42800000E-01  0.30236799E-08
  0.42850000E-01 -0.46372950E-08
  0.42900000E-01  0.83905101E-09
  0.42950000E-01 -0.13825193E-08
  0.43000000E-01 -0.49063534E-09
  0.43050000E-01  0.36924267E-08
  0.43100000E-01  0.64417124E-09
  0.43150000E-01 -0.21063507E-08
  0.43200000E-01 -0.19718623E-08
  0.43250000E-01 -0.31257272E-09
  0.43300000E-01 -0.13672438E-08
  0.43350000E-01  0.48719525E-09
  0.43400000E-01 -0.32019986E-08
  0.43450000E-01 -0.30678456E-08
  0.43500000E-01 -0.21948659E-08
  0.43550000E-01  0.26728725E-08
  0.43600000E-01  0.11091352E-08
  0.43650000E-01  0.21335137E-08
  0.43700000E-01 -0.13404021E-08
  0.43750000E-01  0.52799344E-09
  0.43800000E-01  0.10004497E-08
  0.43850000E-01  0.17733055E-08
  0.43900000E-01  0.25173914E-08
  0.43950000E-01 -0.39817727E-08
  0.44000000E-01  0.14380360E-08
  0.44050000E-01 -0.15955341E-08
  0.44100000E-01 -0.36484176E-08
  0.44150000E-01  0.18113077E-09
  0.44200000E-01  0.43754041E-08
  0.44250000E-01 -0.30449718E-09
  0.44300000E-01 -0.46830648E-08
  0.44350000E-01  0.46177280E-08
  0.44400000E-01 -0.19364649E-08
  0.44450000E-01  0.36267585E-08
  0.44500000E-01 -0.32847629E-08
  0.44550000E-01  0.38540876E-08
  0.44600000E-01 -0.36550157E-08
  0.44650000E-01  0.16833317E-08
  0.44700000E-01 -0.37154844E-08
  0.44750000E-01 -0.24704057E-08
  0.44800000E-01  0.45362353E-09
  0.44850000E-01  0.38501209E-08
  0.44900000E-01 -0.94940215E-09
  0.44950000E-01  0.18971074E-08
  0.45000000E-01 -0.73535711E-09
  0.45050000E-01 -0.12116495E-08
  0.45100000E-01 -0.23772281E-08
  0.45150000E-01  0.17412388E-08
  0.45200000E-01 -0.22086301E-08
  0.45250000E-01 -0.32893072E-08
  0.45300000E-01 -0.42206296E-08
  0.45350000E-01  0.20890844E-08
  0.45400000E-01 -0.26161163E-08
  0.45450000E-01 -0.24698630E-08
  0.45500000E-01  0.88951230E-09
  0.45550000E-01  0.77509224E-09
  0.45600000E-01 -0.97534657E-09
  0.45650000E-01  0.17891723E-08
  0.45700000E-01  0.41341436E-08
  0.45750000E-01 -0.46423440E-08
  0.45800000E-01  0.44623858E-08
  0.45850000E-01  0.17913228E-08
  0.45900000E-01 -0.19631070E-08
  0.45950000E-01 -0.33510901E-08
  0.46000000E-01 -0.22787136E-08
  0.46050000E-01  0.97928226E-09
  0.46100000E-01  0.12957078E-08
  0.46150000E-01  0.28343850E-08
  0.46200000E-01  0.24736559E-08
  0.46250000E-01 -0.43938613E-08
  0.46300000E-01  0.58300972E-09
  0.46350000E-01  0.76115727E-09
  0.46400000E-01 -0.46208893E-08
  0.46450000E-01  0.33799231E-09
  0.46500000E-01  0.40248811E-09
  0.46550000E-01  0.38072652E-08
  0.46600000E-01 -0.34744710E-09
  0.46650000E-01 -0.11368063E-08
  0.46700000E-01  0.18872261E-08
  0.46750000E-01 -0.30961563E-08
  0.46800000E-01  0.43529129E-08
  0.46850000E-01  0.57521999E-09
  0.46900000E-01 -0.10607621E-08
  0.46950000E-01 -0.41991287E-08
  0.47000000E-01 -0.10794646E-08
  0.47050000E-01  0.22388017E-08
  0.47100000E-01  0.71010172E-09
  0.47150000E-01  0.89016259E-09
  0.47200000E-01  0.39004469E-08
  0.47250000E-01 -0.10724238E-08
  0.47300000E-01 -0.11749220E-08
  0.47350000E-01  0.42268705E-08
  0.47400000E-01  0.27806586E-08
  0.47450000E-01  0.23153067E-09
  0.47500000E-01  0.33949041E-08
  0.47550000E-01 -0.47171924E-08
  0.47600000E-01 -0.53489715E-09
  0.47650000E-01 -0.17460513E-08
  0.47700000E-01  0.11044002E-08
  0.47750000E-01  0.12631238E-08
  0.47800000E-01 -0.34131354E-08
  0.47850000E-01 -0.12716708E-08
  0.47900000E-01  0.38332921E-08
  0.47950000E-01 -0.17281708E-08
  0.48000000E-01 -0.40064830E-08
  0.48050000E-01 -0.33814819E-08
  0.48100000E-01 -0.57696015E-09
  0.48150000E-01 -0.90471447E-09
  0.48200000E-01 -0.10463652E-08
  0.48250000E-01  0.31809807E-08
  0.48300000E-01 -0.19910580E-08
  0.48350000E-01  0.43951422E-08
  0.48400000E-01  0.48608083E-08
  0.48450000E-01  0.45270652E-08
  0.48500000E-01  0.12748653E-08
  0.48550000E-01 -0.40516435E-08
  0.48600000E-01  0.17444605E-08
  0.48650000E-01  0.14618808E-08
  0.48700000E-01 -0.30947030E-10
  0.48750000E-01 -0.34281474E-08
  0.48800000E-01  0.29962784E-08
  0.48850000E-01 -0.19445530E-08
  0.48900000E-01 -0.18270233E-08
  0.48950000E-01 -0.33621149E-08
  0.49000000E-01 -0.32420403E-08
  0.49050000E-01  0.26047200E-08
  0.49100000E-01 -0.25667138E-08
  0.49150000E-01 -0.29880881E-09
  0.49200000E-01  0.48282915E-08
  0.49250000E-01 -0.48110431E-08
  0.49300000E-01 -0.47081400E-08
  0.49350000E-01  0.48112744E-08
  0.49400000E-01  0.63410401E-10
  0.49450000E-01 -0.38950092E-08
  0.49500000E-01  0.28750145E-08
  0.49550000E-01  0.34487432E-08
  0.49600000E-01 -0.18192995E-08
  0.49650000E-01 -0.46127122E-08
  0.49700000E-01  0.79662681E-09
  0.49750000E-01 -0.38420587E-08
  0.49800000E-01  0.46215367E-08
  0.49850000E-01  0.40858448E-08
  0.49900000E-01  0.34979784E-08
  0.49950000E-01 -0.48834324E-09
  0.50000000E-01  0.48204225E-08
  0.50050000E-01  0.10758996E-08
  0.50100000E-01 -0.48497247E-08
  0.50150000E-01 -0.14825699E-08
  0.50200000E-01  0.21780503E-08
  0.50250000E-01  0.60856938E-09
  0.50300000E-01 -0.13992226E-08
  0.50350000E-01  0.13238358E-08
  0.50400000E-01 -0.13847306E-08
  0.50450000E-01  0.19475591E-08
  0.50500000E-01  0.30599952E-09
  0.50550000E-01  0.12343323E-08
  0.50600000E-01  0.41591686E-08
  0.50650000E-01 -0.28544395E-08
  0.50700000E-01 -0.38111829E-08
  0.50750000E-01  0.12419999E-09
  0.50800000E-01 -0.65714508E-09
  0.50850000E-01  0.18382776E-08
  0.50900000E-01 -0.27096699E-08
  0.50950000E-01  0.31372833E-08
  0.51000000E-01  0.43101585E-08
  0.51050000E-01 -0.27348855E-08
  0.51100000E-01 -0.25681794E-09
  0.51150000E-01 -0.11342591E-08
  0.51200000E-01  0.16921872E-08
  0.51250000E-01 -0.46836083E-08
  0.51300000E-01  0.18564296E-08
  0.51350000E-01  0.38216412E-08
  0.51400000E-01 -0.40958399E-08
  0.51450000E-01 -0.35456046E-08
  0.51500000E-01 -0.30505873E-08
  0.51550000E-01  0.92298627E-09
  0.51600000E-01  0.42352915E-09
  0.51650000E-01 -0.33882618E-08
  0.51700000E-01  0.46438873E-09
  0.51750000E-01 -0.44478062E-08
  0.51800000E-01 -0.36550251E-08
  0.51850000E-01 -0.82250923E-09
  0.51900000E-01  0.31186366E-08
  0.51950000E-01 -0.14064431E-08
  0.52000000E-01 -0.30198258E-08
  0.52050000E-01  0.25321603E-09
  0.52100000E-01 -0.41589332E-08
  0.52150000E-01  0.19477475E-08
  0.52200000E-01 -0.19370317E-10
  0.52250000E-01  0.39464277E-08
  0.52300000E-01 -0.37605254E-08
  0.52350000E-01  0.13837963E-08
  0.52400000E-01  0.45426434E-08
  0.52450000E-01 -0.20192960E-08
  0.52500000E-01 -0.40554149E-08
  0.52550000E-01  0.21514177E-08
  0.52600000E-01  0.49793977E-08
  0.52650000E-01  0.47755069E-08
  0.52700000E-01  0.82514048E-09
  0.52750000E-01  0.23212689E-08
  0.52800000E-01 -0.14971474E-08
  0.52850000E-01  0.23113680E-08
  0.52900000E-01 -0.10176077E-08
  0.52950000E-01 -0.35203761E-08
  0.53000000E-01  0.16557044E-08
  0.53050000E-01 -0.30982941E-09
  0.53100000E-01  0.26478589E-08
  0.53150000E-01  0.32209665E-08
  0.53200000E-01  0.24961323E-08
  0.53250000E-01  0.25430900E-08
  0.53300000E-01  0.39542705E-08
  0.53350000E-01  0.25326610E-10
  0.53400000E-01 -0.34761211E-08
  0.53450000E-01 -0.36556153E-08
  0.53500000E-01 -0.19382778E-08
  0.53550000E-01  0.28428096E-08
  0.53600000E-01  0.11411929E-08
  0.53650000E-01 -0.16683492E-08
  0.53700000E-01  0.65936446E-09
  0.53750000E-01 -0.43151100E-08
  0.53800000E-01 -0.39058371E-08
  0.53850000E-01 -0.47156861E-08
  0.53900000E-01  0.29160142E-09
  0.53950000E-01  0.23006892E-08
  0.54000000E-01 -0.26710610E-08
  0.54050000E-01  0.26904869E-08
  0.54100000E-01 -0.37528366E-08
  0.54150000E-01 -0.79867184E-09
  0.54200000E-01 -0.47810948E-08
  0.54250000E-01  0.29308379E-09
  0.54300000E-01  0.23254699E-08
  0.54350000E-01 -0.46243288E-08
  0.54400000E-01 -0.47395848E-08
  0.54450000E-01 -0.92410684E-09
  0.54500000E-01 -0.59045106E-09
  0.54550000E-01  0.34693307E-08
  0.54600000E-01 -0.16640118E-08
  0.54650000E-01  0.32525796E-08
  0.54700000E-01 -0.87949932E-09
  0.54750000E-01  0.58900714E-09
  0.54800000E-01 -0.37725112E-08
  0.54850000E-01  0.77336192E-09
  0.54900000E-01  0.43899024E-08
  0.54950000E-01  0.14157522E-08
  0.55000000E-01  0.18417913E-08
  0.55050000E-01 -0.49243594E-08
  0.55100000E-01 -0.26701914E-08
  0.55150000E-01  0.31835300E-08
  0.55200000E-01  0.34936070E-10
  0.55250000E-01 -0.20874652E-08
  0.55300000E-01  0.32589436E-10
  0.55350000E-01  0.39839345E-08
  0.55400000E-01  0.39964372E-08
  0.55450000E-01  0.15926737E-08
  0.55500000E-01  0.30366892E-08
  0.55550000E-01 -0.38449237E-08
  0.55600000E-01 -0.17348370E-08
  0.55650000E-01  0.45403075E-08
  0.55700000E-01 -0.38088351E-08
  0.55750000E-01  0.16265815E-08
  0.55800000E-01  0.10311002E-08
  0.55850000E-01  0.32944071E-08
  0.55900000E-01  0.37277877E-08
  0.55950000E-01 -0.31409185E-08
  0.56000000E-01 -0.16198790E-08
  0.56050000E-01  0.13017547E-08
  0.56100000E-01  0.11418527E-08
  0.56150000E-01  0.47834289E-08
  0.56200000E-01 -0.20243019E-08
  0.56250000E-01  0.16634351E-08
  0.56300000E-01 -0.22036284E-09
  0.56350000E-01  0.24432158E-08
  0.56400000E-01 -0.41924148E-08
  0.56450000E-01  0.14073253E-08
  0.56500000E-01 -0.26266360E-08
  0.56550000E-01  0.30193627E-09
  0.56600000E-01 -0.31749834E-08
  0.56650000E-01  0.11581087E-08
  0.56700000E-01 -0.14267290E-08
  0.56750000E-01  0.29418713E-08
  0.56800000E-01  0.17238438E-08
  0.56850000E-01 -0.44771303E-08
  0.56900000E-01 -0.20987022E-08
  0.56950000E-01  0.48977983E-08
  0.57000000E-01  0.19385999E-08
  0.57050000E-01 -0.37591355E-08
  0.57100000E-01  0.34447289E-08
  0.57150000E-01 -0.28343654E-08
  0.57200000E-01  0.30093867E-08
  0.57250000E-01 -0.24737653E-08
  0.57300000E-01  0.93781948E-10
  0.57350000E-01 -0.20279902E-08
  0.57400000E-01 -0.12135044E-08
  0.57450000E-01 -0.49707035E-08
  0.57500000E-01  0.13247848E-09
  0.57550000E-01 -0.48591414E-08
  0.57600000E-01 -0.59156209E-09
  0.57650000E-01 -0.14773309E-08
  0.57700000E-01  0.17377013E-08
  0.57750000E-01  0.29206342E-08
  0.57800000E-01  0.15414941E-08
  0.57850000E-01 -0.13924399E-08
  0.57900000E-01 -0.22439376E-08
  0.57950000E-01  0.44244140E-08
  0.58000000E-01  0.33532512E-08
  0.58050000E-01 -0.38529189E-08
  0.58100000E-01 -0.48570801E-08
  0.58150000E-01 -0.11220151E-08
  0.58200000E-01 -0.36053015E-08
  0.58250000E-01 -0.23486811E-08
  0.58300000E-01  0.26271820E-09
  0.58350000E-01 -0.82813472E-09
  0.58400000E-01 -0.46703499E-08
  0.58450000E-01  0.29947752E-08
  0.58500000E-01 -0.25258775E-08
  0.58550000E-01  0.35626817E-08
  0.58600000E-01 -0.45351152E-08
  0.58650000E-01  0.11556101E-08
  0.58700000E-01 -0.10853744E-08
  0.58750000E-01  0.26159763E-08
  0.58800000E-01 -0.28594896E-08
  0.58850000E-01  0.31472909E-08
  0.58900000E-01  0.43810433E-08
  0.58950000E-01  0.65278471E-09
  0.59000000E-01  0.26966727E-08
  0.59050000E-01  0.38177872E-08
  0.59100000E-01  0.43291199E-08
  0.59150000E-01 -0.34127723E-08
  0.59200000E-01 -0.40245384E-09
  0.59250000E-01  0.32003433E-08
  0.59300000E-01  0.13246638E-08
  0.59350000E-01 -0.24594837E-08
  0.59400000E-01  0.44756275E-08
  0.59450000E-01  0.35789716E-08
  0.59500000E-01 -0.37935580E-08
  0.59550000E-01 -0.32874788E-08
  0.59600000E-01  0.26743352E-09
  0.59650000E-01  0.32142657E-08
  0.59700000E-01 -0.39785682E-08
  0.59750000E-01  0.93374848E-09
  0.59800000E-01  0.12637502E-08
  0.59850000E-01  0.26709521E-08
  0.59900000E-01  0.34872669E-08
  0.59950000E-01 -0.13538662E-08
  0.60000000E-01 -0.11967957E-08
  0.60050000E-01 -0.91837347E-10
  0.60100000E-01 -0.11310589E-08
  0.60150000E-01  0.20972967E-09
  0.60200000E-01 -0.34012692E-08
  0.60250000E-01 -0.40795724E-08
  0.60300000E-01  0.24126226E-08
  0.60350000E-01  0.34475148E-09
  0.60400000E-01 -0.42741519E-08
  0.60450000E-01  0.10921091E-08
  0.60500000E-01 -0.91142803E-09
  0.60550000E-01 -0.40322542E-09
  0.60600000E-01 -0.28763592E-09
  0.60650000E-01  0.72817922E-09
  0.60700000E-01  0.37684524E-08
  0.60750000E-01 -0.43365546E-08
  0.60800000E-01  0.13128144E-08
  0.60850000E-01 -0.28111695E-08
  0.60900000E-01 -0.21199906E-08
  0.60950000E-01  0.19568825E-08
  0.61000000E-01  0.41646183E-09
  0.61050000E-01  0.25966632E-08
  0.61100000E-01 -0.48486029E-08
  0.61150000E-01  0.12869978E-08
  0.61200000E-01 -0.40042084E-08
  0.61250000E-01  0.32256365E-09
  0.61300000E-01 -0.41014755E-08
  0.61350000E-01  0.13522363E-08
  0.61400000E-01  0.23540872E-08
  0.61450000E-01 -0.12661979E-08
  0.61500000E-01 -0.29129225E-08
  0.61550000E-01 -0.13350520E-08
  0.61600000E-01  0.23221827E-08
  0.61650000E-01  0.10302979E-08
  0.61700000E-01  0.38473928E-08
  0.61750000E-01  0.30281812E-08
  0.61800000E-01  0.32848930E-08
  0.61850000E-01 -0.45689940E-09
  0.61900000E-01  0.79195499E-10
  0.61950000E-01 -0.18335330E-08
  0.62000000E-01 -0.43890393E-08
  0.62050000E-01 -0.91195136E-09
  0.62100000E-01 -0.20545465E-08
  0.62150000E-01 -0.14888290E-08
  0.62200000E-01 -0.25749117E-09
  0.62250000E-01  0.17323434E-09
  0.62300000E-01 -0.48926789E-08
  0.62350000E-01  0.75336993E-09
  0.62400000E-01 -0.23941427E-08
  0.62450000E-01  0.14321786E-08
  0.62500000E-01 -0.37311292E-08
  0.62550000E-01  0.35972196E-08
  0.62600000E-01  0.27371067E-08
  0.62650000E-01 -0.13221332E-08
  0.62700000E-01 -0.49982981E-08
  0.62750000E-01 -0.12022406E-09
  0.62800000E-01  0.29474181E-08
  0.62850000E-01  0.64721704E-10
  0.62900000E-01 -0.42947290E-08
  0.62950000E-01  0.42330205E-08
  0.63000000E-01  0.17148191E-08
  0.63050000E-01  0.22552830E-08
  0.63100000E-01  0.14046037E-08
  0.63150000E-01 -0.25541890E-08
  0.63200000E-01  0.32420224E-08
  0.63250000E-01 -0.22145879E-08
  0.63300000E-01  0.30955070E-08
  0.63350000E-01 -0.28985941E-08
  0.63400000E-01 -0.18392801E-09
  0.63450000E-01  0.28457689E-08
  0.63500000E-01 -0.14589852E-08
  0.63550000E-01 -0.33209828E-08
  0.63600000E-01  0.48517847E-08
  0.63650000E-01 -0.26310721E-08
  0.63700000E-01  0.28507167E-08
  0.63750000E-01  0.42717785E-08
  0.63800000E-01 -0.38928431E-08
  0.63850000E-01 -0.49539925E-08
  0.63900000E-01  0.30462587E-08
  0.63950000E-01 -0.31986320E-08
  0.64000000E-01 -0.24063236E-08
  0.64050000E-01  0.76588869E-09
  0.64100000E-01  0.28004485E-08
  0.64150000E-01  0.24134529E-08
  0.64200000E-01 -0.80225080E-09
  0.64250000E-01  0.18962443E-09
  0.64300000E-01 -0.19189933E-08
  0.64350000E-01 -0.40741563E-10
  0.64400000E-01 -0.14261192E-08
  0.64450000E-01  0.48642349E-08
  0.64500000E-01  0.41251838E-09
  0.64550000E-01  0.59455633E-09
  0.64600000E-01 -0.36215866E-08
  0.64650000E-01 -0.10272893E-08
  0.64700000E-01  0.11077797E-08
  0.64750000E-01 -0.13120204E-09
  0.64800000E-01 -0.45133642E-08
  0.64850000E-01 -0.70593357E-10
  0.64900000E-01 -0.10805216E-08
  0.64950000E-01 -0.43278456E-09
  0.65000000E-01 -0.47587033E-08
  0.65050000E-01 -0.54422289E-09
  0.65100000E-01  0.82352340E-09
  0.65150000E-01  0.32527256E-08
  0.65200000E-01  0.34553629E-08
  0.65250000E-01 -0.10025197E-08
  0.65300000E-01 -0.19122747E-08
  0.65350000E-01 -0.72645336E-09
  0.65400000E-01 -0.16742456E-08
  0.65450000E-01  0.37115687E-08
  0.65500000E-01  0.42289084E-08
  0.65550000E-01  0.45826274E-08
  0.65600000E-01  0.35798526E-08
  0.65650000E-01 -0.38836778E-08
  0.65700000E-01 -0.51775575E-11
  0.65750000E-01  0.61348617E-09
  0.65800000E-01  0.14343148E-08
  0.65850000E-01  0.26961970E-08
  0.65900000E-01  0.36906344E-08
  0.65950000E-01 -0.23686963E-08
  0.66000000E-01 -0.46119706E-08
  0.66050000E-01  0.12565684E-08
  0.66100000E-01 -0.49705051E-08
  0.66150000E-01  0.17083603E-08
  0.66200000E-01 -0.48269666E-08
  0.66250000E-01  0.22485733E-09
  0.66300000E-01  0.45809352E-08
  0.66350000E-01  0.52896142E-10
  0.66400000E-01  0.26613390E-08
  0.66450000E-01  0.15557700E-08
  0.66500000E-01 -0.18664011E-08
  0.66550000E-01  0.33829492E-08
  0.66600000E-01 -0.18970418E-08
  0.66650000E-01  0.29347587E-08
  0.66700000E-01 -0.20411536E-08
  0.66750000E-01  0.17284793E-08
  0.66800000E-01 -0.73980987E-10
  0.66850000E-01 -0.30059761E-08
  0.66900000E-01 -0.15652332E-08
  0.66950000E-01  0.21326023E-08
  0.67000000E-01  0.38702500E-08
  0.67050000E-01 -0.20281649E-08
  0.67100000E-01 -0.39784131E-08
  0.67150000E-01 -0.45469733E-08
  0.67200000E-01  0.46811628E-08
  0.67250000E-01  0.36466706E-08
  0.67300000E-01 -0.41749128E-08
  0.67350000E-01  0.22775292E-09
  0.67400000E-01  0.33584821E-08
  0.67450000E-01  0.38689935E-08
  0.67500000E-01 -0.56073070E-10
  0.67550000E-01  0.30490613E-08
  0.67600000E-01 -0.69931298E-09
  0.67650000E-01  0.36584622E-08
  0.67700000E-01 -0.38505041E-08
  0.67750000E-01  0.27710199E-09
  0.67800000E-01  0.14685571E-08
  0.67850000E-01  0.57265937E-09
  0.67900000E-01 -0.29124527E-08
  0.67950000E-01  0.26232022E-08
  0.68000000E-01  0.10166293E-08
  0.68050000E-01  0.31049812E-08
  0.68100000E-01  0.26646674E-08
  0.68150000E-01 -0.14408785E-08
  0.68200000E-01 -0.19005954E-08
  0.68250000E-01 -0.40192005E-08
  0.68300000E-01  0.31370670E-08
  0.68350000E-01  0.27773362E-08
  0.68400000E-01 -0.32763714E-08
  0.68450000E-01  0.16139644E-08
  0.68500000E-01  0.42782193E-08
  0.68550000E-01 -0.28445959E-09
  0.68600000E-01  0.24537742E-09
  0.68650000E-01  0.53168833E-09
  0.68700000E-01 -0.51655680E-09
  0.68750000E-01  0.49528569E-08
  0.68800000E-01  0.14241701E-08
  0.68850000E-01  0.70477009E-09
  0.68900000E-01 -0.48514473E-08
  0.68950000E-01 -0.17025721E-08
  0.69000000E-01  0.49927914E-08
  0.69050000E-01  0.39797968E-08
  0.69100000E-01 -0.43166608E-09
  0.69150000E-01 -0.29946752E-08
  0.69200000E-01  0.15310544E-08
  0.69250000E-01  0.18925041E-08
  0.69300000E-01 -0.11774600E-08
  0.69350000E-01 -0.39816475E-08
  0.69400000E-01 -0.54890066E-09
  0.69450000E-01  0.36236858E-08
  0.69500000E-01 -0.33107989E-08
  0.69550000E-01 -0.68658590E-10
  0.69600000E-01  0.44342649E-08
  0.69650000E-01 -0.73376000E-09
  0.69700000E-01 -0.37085712E-09
  0.69750000E-01 -0.32040414E-08
  0.69800000E-01 -0.47889934E-08
  0.69850000E-01  0.17460513E-08
  0.69900000E-01  0.29913008E-08
  0.69950000E-01 -0.10165039E-08
  0.70000000E-01 -0.45645675E-08
  0.70050000E-01  0.55345595E-09
  0.70100000E-01 -0.56782365E-09
  0.70150000E-01  0.42838991E-08
  0.70200000E-01 -0.47009528E-09
  0.70250000E-01  0.50016344E-09
  0.70300000E-01 -0.38885155E-08
  0.70350000E-01  0.36870414E-08
  0.70400000E-01  0.17852038E-08
  0.70450000E-01 -0.23997682E-08
  0.70500000E-01  0.25744712E-08
  0.70550000E-01 -0.22967696E-08
  0.70600000E-01  0.24110669E-08
  0.70650000E-01  0.40548825E-08
  0.70700000E-01 -0.95264375E-09
  0.70750000E-01 -0.22418892E-08
  0.70800000E-01 -0.30247401E-08
  0.70850000E-01 -0.15438041E-08
  0.70900000E-01  0.41967511E-08
  0.70950000E-01  0.38870996E-08
  0.71000000E-01 -0.18496206E-08
  0.71050000E-01  0.46834958E-08
  0.71100000E-01  0.21529329E-08
  0.71150000E-01 -0.29811527E-08
  0.71200000E-01 -0.11609340E-08
  0.71250000E-01  0.41730702E-09
  0.71300000E-01  0.42079329E-09
  0.71350000E-01 -0.49204216E-08
  0.71400000E-01 -0.33808208E-08
  0.71450000E-01  0.36526275E-08
  0.71500000E-01 -0.43710677E-08
  0.71550000E-01 -0.17365295E-08
  0.71600000E-01 -0.21945095E-08
  0.71650000E-01 -0.38479745E-09
  0.71700000E-01 -0.15803573E-08
  0.71750000E-01  0.30253625E-08
  0.71800000E-01  0.16099977E-08
  0.71850000E-01  0.41466290E-08
  0.71900000E-01 -0.17856616E-08
  0.71950000E-01 -0.23618197E-08
  0.72000000E-01 -0.49426140E-08
  0.72050000E-01 -0.55865228E-09
  0.72100000E-01 -0.21579504E-08
  0.72150000E-01  0.39999568E-08
  0.72200000E-01 -0.46055429E-08
  0.72250000E-01 -0.69474578E-10
  0.72300000E-01 -0.38231628E-08
  0.72350000E-01 -0.24075913E-08
  0.72400000E-01 -0.13798004E-08
  0.72450000E-01 -0.33716808E-08
  0.72500000E-01 -0.28004676E-09
  0.72550000E-01  0.38555384E-09
  0.72600000E-01  0.36788845E-08
  0.72650000E-01  0.20055497E-08
  0.72700000E-01 -0.83006889E-09
  0.72750000E-01  0.41208142E-08
  0.72800000E-01 -0.23219079E-09
  0.72850000E-01  0.85894704E-09
  0.72900000E-01  0.10001880E-08
  0.72950000E-01 -0.42596643E-08
  0.73000000E-01 -0.45319577E-08
  0.73050000E-01  0.10053456E-09
  0.73100000E-01  0.17824119E-08
  0.73150000E-01 -0.29562098E-08
  0.73200000E-01  0.29708892E-08
  0.73250000E-01  0.22866535E-08
  0.73300000E-01 -0.47818271E-08
  0.73350000E-01 -0.95158905E-09
  0.73400000E-01  0.10242635E-08
  0.73450000E-01 -0.46503233E-08
  0.73500000E-01 -0.22371361E-08
  0.73550000E-01  0.65665483E-09
  0.73600000E-01 -0.21478587E-08
  0.73650000E-01 -0.23093963E-08
  0.73700000E-01  0.32617706E-08
  0.73750000E-01 -0.36063688E-08
  0.73800000E-01 -0.18790337E-08
  0.73850000E-01  0.95606983E-09
  0.73900000E-01  0.47323626E-08
  0.73950000E-01 -0.15738389E-08
  0.74000000E-01 -0.41819959E-08
  0.74050000E-01 -0.27951030E-08
  0.74100000E-01  0.40821207E-08
  0.74150000E-01  0.26282340E-08
  0.74200000E-01  0.19544876E-08
  0.74250000E-01 -0.35752153E-08
  0.74300000E-01 -0.20287636E-08
  0.74350000E-01 -0.16070914E-08
  0.74400000E-01  0.26201522E-08
  0.74450000E-01 -0.48767301E-08
  0.74500000E-01 -0.63823074E-09
  0.74550000E-01 -0.31101008E-08
  0.74600000E-01  0.22867090E-08
  0.74650000E-01 -0.36350209E-08
  0.74700000E-01  0.24679875E-08
  0.74750000E-01 -0.47608662E-08
  0.74800000E-01 -0.14774007E-08
  0.74850000E-01 -0.10061270E-08
  0.74900000E-01 -0.36403908E-08
  0.74950000E-01  0.10298300E-08
  0.75000000E-01  0.16120422E-08
  0.75050000E-01 -0.15681684E-09
  0.75100000E-01 -0.13998014E-08
  0.75150000E-01  0.40801525E-09
  0.75200000E-01 -0.16763678E-08
  0.75250000E-01  0.28986955E-08
  0.75300000E-01 -0.48371074E-08
  0.75350000E-01 -0.32573926E-08
  0.75400000E-01  0.27659845E-08
  0.75450000E-01  0.17132086E-08
  0.75500000E-01  0.16800499E-08
  0.75550000E-01 -0.16960612E-08
  0.75600000E-01 -0.25179756E-08
  0.75650000E-01 -0.32458600E-08
  0.75700000E-01 -0.47272625E-08
  0.75750000E-01 -0.46434098E-08
  0.75800000E-01  0.21898091E-09
  0.75850000E-01 -0.26850832E-08
  0.75900000E-01  0.33741117E-08
  0.75950000E-01  0.20830351E-08
  0.76000000E-01 -0.20148772E-08
  0.76050000E-01  0.35788202E-08
  0.76100000E-01  0.36958551E-08
  0.76150000E-01  0.61095655E-09
  0.76200000E-01 -0.40344016E-08
  0.76250000E-01  0.66535532E-09
  0.76300000E-01 -0.22771865E-09
  0.76350000E-01 -0.29199955E-08
  0.76400000E-01  0.23306370E-08
  0.76450000E-01  0.10051227E-08
  0.76500000E-01  0.29824948E-08
  0.76550000E-01  0.11278319E-08
  0.76600000E-01 -0.18941244E-08
  0.76650000E-01  0.34666705E-08
  0.76700000E-01 -0.32612206E-08
  0.76750000E-01  0.35638869E-09
  0.76800000E-01  0.34899312E-08
  0.76850000E-01  0.19378304E-08
  0.76900000E-01  0.10904008E-08
  0.76950000E-01  0.43929464E-08
  0.77000000E-01 -0.11667815E-08
  0.77050000E-01  0.30934811E-09
  0.77100000E-01  0.41689187E-08
  0.77150000E-01  0.45405626E-08
  0.77200000E-01 -0.23858345E-08
  0.77250000E-01 -0.31276396E-08
  0.77300000E-01  0.22496426E-08
  0.77350000E-01 -0.46969099E-08
  0.77400000E-01  0.39248979E-08
  0.77450000E-01  0.19701326E-08
  0.77500000E-01  0.25932807E-08
  0.77550000E-01 -0.43669069E-08
  0.77600000E-01 -0.34258473E-08
  0.77650000E-01  0.18930739E-08
  0.77700000E-01  0.39991939E-08
  0.77750000E-01  0.53878725E-09
  0.77800000E-01 -0.45981961E-08
  0.77850000E-01 -0.10348380E-08
  0.77900000E-01  0.27088463E-09
  0.77950000E-01 -0.21937752E-08
  0.78000000E-01 -0.39524165E-08
  0.78050000E-01  0.86175144E-09
  0.78100000E-01 -0.32695764E-08
  0.78150000E-01 -0.10321683E-08
  0.78200000E-01  0.71355104E-09
  0.78250000E-01 -0.15930635E-08
  0.78300000E-01  0.28182352E-08
  0.78350000E-01  0.22643012E-08
  0.78400000E-01 -0.47199857E-08
  0.78450000E-01 -0.32495183E-08
  0.78500000E-01  0.43380177E-08
  0.78550000E-01  0.46108288E-08
  0.78600000E-01 -0.28001936E-08
  0.78650000E-01 -0.14144689E-08
  0.78700000E-01  0.12179089E-08
  0.78750000E-01 -0.45212362E-08
  0.78800000E-01 -0.45960290E-08
  0.78850000E-01 -0.86483836E-09
  0.78900000E-01  0.10907549E-08
  0.78950000E-01 -0.39172895E-08
  0.79000000E-01 -0.18527678E-08
  0.79050000E-01 -0.34094065E-09
  0.79100000E-01  0.25506586E-08
  0.79150000E-01  0.44315839E-08
  0.79200000E-01 -0.37178211E-08
  0.79250000E-01  0.24823856E-08
  0.79300000E-01  0.41031730E-08
  0.79350000E-01 -0.49360345E-08
  0.79400000E-01 -0.41996718E-08
  0.79450000E-01 -0.10401699E-08
  0.79500000E-01  0.23228347E-09
  0.79550000E-01 -0.22762209E-09
  0.79600000E-01  0.23687929E-08
  0.79650000E-01  0.23194766E-08
  0.79700000E-01  0.82536876E-09
  0.79750000E-01  0.82259953E-09
  0.79800000E-01  0.29790819E-08
  0.79850000E-01  0.14796633E-08
  0.79900000E-01 -0.45461129E-08
  0.79950000E-01 -0.82766414E-09
  0.80000000E-01 -0.46429886E-08
  0.80050000E-01  0.44512033E-08
  0.80100000E-01  0.25573987E-08
  0.80150000E-01 -0.31813221E-08
  0.80200000E-01 -0.28767836E-08
  0.80250000E-01 -0.43332280E-08
  0.80300000E-01  0.35571110E-08
  0.80350000E-01 -0.49689412E-08
  0.80400000E-01  0.85710764E-09
  0.80450000E-01 -0.22105098E-09
  0.80500000E-01  0.18378615E-09
  0.80550000E-01 -0.26722799E-08
  0.80600000E-01  0.91124177E-09
  0.80650000E-01  0.11361217E-08
  0.80700000E-01  0.21584672E-08
  0.80750000E-01  0.20433009E-09
  0.80800000E-01  0.41442192E-08
  0.80850000E-01  0.32948655E-08
  0.80900000E-01  0.10511297E-08
  0.80950000E-01 -0.54525435E-09
  0.81000000E-01  0.49259663E-09
  0.81050000E-01  0.47231698E-08
  0.81100000E-01 -0.34435093E-09
  0.81150000E-01 -0.41473696E-08
  0.81200000E-01 -0.45344959E-08
  0.81250000E-01 -0.20736471E-08
  0.81300000E-01  0.12946153E-08
  0.81350000E-01  0.12348914E-08
  0.81400000E-01 -0.38519072E-08
  0.81450000E-01  0.26772302E-08
  0.81500000E-01 -0.44121123E-08
  0.81550000E-01 -0.14336866E-08
  0.81600000E-01 -0.69567561E-11
  0.81650000E-01  0.36694539E-08
  0.81700000E-01 -0.21617457E-08
  0.81750000E-01 -0.46971732E-08
  0.81800000E-01 -0.83072007E-09
  0.81850000E-01  0.82017779E-10
  0.81900000E-01 -0.34475717E-08
  0.81950000E-01 -0.39662242E-09
  0.82000000E-01 -0.45198798E-09
  0.82050000E-01  0.37508816E-08
  0.82100000E-01 -0.20030349E-09
  0.82150000E-01  0.14572811E-08
  0.82200000E-01 -0.24039853E-08
  0.82250000E-01  0.21482563E-08
  0.82300000E-01  0.11855555E-08
  0.82350000E-01 -0.39218783E-08
  0.82400000E-01 -0.17020386E-08
  0.82450000E-01 -0.23827949E-08
  0.82500000E-01  0.88320076E-09
  0.82550000E-01  0.35927260E-08
  0.82600000E-01  0.28277594E-08
  0.82650000E-01  0.46846771E-08
  0.82700000E-01  0.78421295E-09
  0.82750000E-01 -0.43739626E-08
  0.82800000E-01 -0.18340036E-08
  0.82850000E-01  0.14502883E-08
  0.82900000E-01  0.16851044E-08
  0.82950000E-01  0.27289748E-08
  0.83000000E-01  0.50257027E-09
  0.83050000E-01  0.46854430E-08
  0.83100000E-01  0.24221361E-08
  0.83150000E-01  0.37984133E-08
  0.83200000E-01  0.37907714E-08
  0.83250000E-01 -0.41118232E-08
  0.83300000E-01 -0.14794320E-09
  0.83350000E-01  0.22752398E-08
  0.83400000E-01 -0.21857968E-08
  0.83450000E-01  0.23666447E-08
  0.83500000E-01 -0.40264939E-08
  0.83550000E-01  0.45851111E-08
  0.83600000E-01  0.33974147E-08
  0.83650000E-01 -0.34853543E-08
  0.83700000E-01 -0.24353072E-08
  0.83750000E-01  0.46990949E-08
  0.83800000E-01  0.51113784E-09
  0.83850000E-01  0.45094073E-09
  0.83900000E-01  0.26116073E-09
  0.83950000E-01  0.45296597E-08
  0.84000000E-01 -0.23629278E-09
  0.84050000E-01 -0.41460975E-08
  0.84100000E-01 -0.20858732E-08
  0.84150000E-01 -0.33813328E-08
  0.84200000E-01  0.80914855E-09
  0.84250000E-01  0.21111012E-09
  0.84300000E-01 -0.56795776E-09
  0.84350000E-01  0.74440479E-09
  0.84400000E-01  0.41169345E-08
  0.84450000E-01  0.38884103E-09
  0.84500000E-01  0.45136404E-08
  0.84550000E-01 -0.87197334E-09
  0.84600000E-01  0.39922416E-09
  0.84650000E-01  0.27038193E-08
  0.84700000E-01  0.45367610E-08
  0.84750000E-01 -0.38661646E-08
  0.84800000E-01  0.16476667E-08
  0.84850000E-01 -0.27047539E-08
  0.84900000E-01 -0.21755382E-08
  0.84950000E-01  0.49410802E-08
  0.85000000E-01  0.13037175E-08
  0.85050000E-01 -0.15956700E-08
  0.85100000E-01  0.24770641E-08
  0.85150000E-01 -0.16261736E-08
  0.85200000E-01 -0.34539251E-08
  0.85250000E-01 -0.22858709E-08
  0.85300000E-01  0.46048713E-08
  0.85350000E-01 -0.46937546E-08
  0.85400000E-01  0.42990434E-08
  0.85450000E-01 -0.37285247E-08
  0.85500000E-01 -0.41644867E-08
  0.85550000E-01  0.35291976E-08
  0.85600000E-01 -0.46805227E-08
  0.85650000E-01  0.31004888E-08
  0.85700000E-01 -0.47277247E-08
  0.85750000E-01 -0.65678179E-09
  0.85800000E-01 -0.23968214E-08
  0.85850000E-01  0.13197297E-08
  0.85900000E-01  0.36372221E-08
  0.85950000E-01  0.30913454E-08
  0.86000000E-01 -0.25903253E-08
  0.86050000E-01 -0.39448231E-09
  0.86100000E-01  0.32423168E-08
  0.86150000E-01 -0.24391210E-08
  0.86200000E-01 -0.16680974E-08
  0.86250000E-01  0.12542343E-08
  0.86300000E-01 -0.27979016E-09
  0.86350000E-01 -0.90915650E-09
  0.86400000E-01  0.36227959E-08
  0.86450000E-01  0.13665259E-09
  0.86500000E-01  0.37396151E-08
  0.86550000E-01  0.83187640E-09
  0.86600000E-01 -0.28408842E-08
  0.86650000E-01 -0.27258809E-08
  0.86700000E-01  0.14093673E-08
  0.86750000E-01 -0.57120860E-09
  0.86800000E-01  0.44712120E-08
  0.86850000E-01 -0.18640599E-08
  0.86900000E-01 -0.25559664E-08
  0.86950000E-01  0.38648325E-08
  0.87000000E-01 -0.33627836E-08
  0.87050000E-01  0.43421400E-08
  0.87100000E-01 -0.62007964E-09
  0.87150000E-01 -0.24626940E-09
  0.87200000E-01  0.99629998E-09
  0.87250000E-01  0.18882394E-08
  0.87300000E-01  0.15022248E-08
  0.87350000E-01 -0.49012295E-08
  0.87400000E-01  0.10624474E-08
  0.87450000E-01  0.18108028E-08
  0.87500000E-01 -0.82544416E-09
  0.87550000E-01  0.37786043E-08
  0.87600000E-01 -0.21418074E-08
  0.87650000E-01 -0.41004360E-09
  0.87700000E-01 -0.34091014E-08
  0.87750000E-01  0.42930514E-08
  0.87800000E-01 -0.38956434E-09
  0.87850000E-01 -0.32355589E-08
  0.87900000E-01 -0.44483947E-08
  0.87950000E-01 -0.58358431E-09
  0.88000000E-01  0.24152708E-08
  0.88050000E-01 -0.27828589E-08
  0.88100000E-01  0.14146680E-08
  0.88150000E-01  0.35835326E-08
  0.88200000E-01  0.48960072E-08
  0.88250000E-01  0.28041422E-09
  0.88300000E-01 -0.28857520E-08
  0.88350000E-01 -0.48610877E-08
  0.88400000E-01  0.40033424E-08
  0.88450000E-01 -0.18326730E-08
  0.88500000E-01  0.11515671E-08
  0.88550000E-01  0.39926708E-09
  0.88600000E-01 -0.21146059E-08
  0.88650000E-01 -0.48311094E-08
  0.88700000E-01 -0.23359045E-08
  0.88750000E-01 -0.11881053E-09
  0.88800000E-01 -0.44437240E-08
  0.88850000E-01  0.14278829E-08
  0.88900000E-01 -0.85673958E-09
  0.88950000E-01 -0.39150430E-08
  0.89000000E-01  0.76541185E-09
  0.89050000E-01  0.41693807E-08
  0.89100000E-01 -0.27207358E-08
  0.89150000E-01  0.43056363E-08
  0.89200000E-01 -0.46419739E-08
  0.89250000E-01 -0.10901281E-08
  0.89300000E-01 -0.54241836E-09
  0.89350000E-01 -0.14295706E-08
  0.89400000E-01 -0.43955984E-08
  0.89450000E-01 -0.27629557E-08
  0.89500000E-01 -0.14732784E-08
  0.89550000E-01 -0.45462403E-08
  0.89600000E-01 -0.34011048E-08
  0.89650000E-01 -0.34350647E-08
  0.89700000E-01 -0.48537254E-09
  0.89750000E-01  0.40750217E-08
  0.89800000E-01  0.75806856E-09
  0.89850000E-01  0.44729531E-09
  0.89900000E-01  0.73392212E-09
  0.89950000E-01 -0.13017687E-08
  0.90000000E-01 -0.21803954E-08
  0.90050000E-01 -0.44112161E-08
  0.90100000E-01 -0.20423669E-08
  0.90150000E-01  0.29660797E-08
  0.90200000E-01 -0.48263402E-08
  0.90250000E-01 -0.26133269E-08
  0.90300000E-01 -0.38955075E-08
  0.90350000E-01 -0.48750573E-08
  0.90400000E-01 -0.23146689E-09
  0.90450000E-01 -0.24364382E-09
  0.90500000E-01  0.13350302E-08
  0.90550000E-01  0.46368957E-08
  0.90600000E-01 -0.36175400E-09
  0.90650000E-01 -0.45977208E-08
  0.90700000E-01  0.50884724E-09
  0.90750000E-01 -0.28351443E-08
  0.90800000E-01 -0.89638740E-09
  0.90850000E-01  0.37105995E-08
  0.90900000E-01  0.36850834E-08
  0.90950000E-01 -0.52216887E-09
  0.91000000E-01  0.42039376E-08
  0.91050000E-01  0.12576652E-08
  0.91100000E-01 -0.35515979E-08
  0.91150000E-01 -0.43300018E-08
  0.91200000E-01 -0.39495409E-09
  0.91250000E-01 -0.12794575E-08
  0.91300000E-01  0.48085862E-08
  0.91350000E-01 -0.11616236E-08
  0.91400000E-01  0.18094486E-08
  0.91450000E-01  0.22286451E-08
  0.91500000E-01  0.16156369E-08
  0.91550000E-01  0.17865372E-08
  0.91600000E-01 -0.60306162E-09
  0.91650000E-01 -0.11579204E-08
  0.91700000E-01  0.16752350E-08
  0.91750000E-01  0.81759691E-11
  0.91800000E-01  0.26183081E-08
  0.91850000E-01  0.34207278E-08
  0.91900000E-01 -0.52255273E-09
  0.91950000E-01  0.42159027E-08
  0.92000000E-01  0.44500232E-10
  0.92050000E-01 -0.29282928E-09
  0.92100000E-01 -0.32584096E-08
  0.92150000E-01  0.16808629E-08
  0.92200000E-01  0.19452512E-09
  0.92250000E-01 -0.17006183E-08
  0.92300000E-01  0.89448512E-09
  0.92350000E-01 -0.17308629E-08
  0.92400000E-01  0.39975911E-08
  0.92450000E-01 -0.30084938E-08
  0.92500000E-01  0.10479301E-08
  0.92550000E-01 -0.66681504E-09
  0.92600000E-01  0.42452097E-08
  0.92650000E-01 -0.88442087E-09
  0.92700000E-01 -0.94204575E-09
  0.92750000E-01  0.49525005E-08
  0.92800000E-01  0.46904010E-08
  0.92850000E-01 -0.46029531E-08
  0.92900000E-01 -0.24361610E-10
  0.92950000E-01  0.42111218E-08
  0.93000000E-01 -0.35405484E-08
  0.93050000E-01 -0.19859374E-09
  0.93100000E-01 -0.49581021E-09
  0.93150000E-01  0.49900180E-08
  0.93200000E-01 -0.45998901E-09
  0.93250000E-01 -0.25521159E-09
  0.93300000E-01  0.34064472E-09
  0.93350000E-01  0.13071257E-08
  0.93400000E-01  0.28332102E-08
  0.93450000E-01 -0.23379236E-08
  0.93500000E-01  0.23123360E-08
  0.93550000E-01 -0.23390242E-08
  0.93600000E-01  0.24150175E-08
  0.93650000E-01 -0.28528513E-08
  0.93700000E-01  0.32825267E-08
  0.93750000E-01 -0.31688048E-08
  0.93800000E-01 -0.27713180E-08
  0.93850000E-01 -0.45153941E-08
  0.93900000E-01 -0.74748486E-09
  0.93950000E-01 -0.57961643E-10
  0.94000000E-01  0.14331877E-09
  0.94050000E-01  0.30803275E-08
  0.94100000E-01  0.19689709E-08
  0.94150000E-01  0.38987106E-08
  0.94200000E-01 -0.48831045E-08
  0.94250000E-01 -0.48365020E-08
  0.94300000E-01  0.42114997E-08
  0.94350000E-01  0.29379994E-08
  0.94400000E-01 -0.36667916E-08
  0.94450000E-01 -0.30954465E-08
  0.94500000E-01  0.10455525E-08
  0.94550000E-01  0.48972088E-08
  0.94600000E-01  0.36127388E-09
  0.94650000E-01  0.38488513E-08
  0.94700000E-01 -0.37089427E-08
  0.94750000E-01  0.40586931E-08
  0.94800000E-01 -0.22635069E-08
  0.94850000E-01  0.95668077E-09
  0.94900000E-01  0.48628110E-08
  0.94950000E-01 -0.13771066E-08
  0.95000000E-01  0.20614052E-08
  0.95050000E-01  0.63219011E-09
  0.95100000E-01  0.10870034E-08
  0.95150000E-01  0.24736470E-08
  0.95200000E-01 -0.11008793E-08
  0.95250000E-01  0.48116022E-08
  0.95300000E-01 -0.10377806E-08
  0.95350000E-01 -0.43434811E-08
  0.95400000E-01  0.13062060E-08
  0.95450000E-01  0.14618927E-08
  0.95500000E-01  0.32225364E-08
  0.95550000E-01  0.45627594E-08
  0.95600000E-01 -0.33434333E-08
  0.95650000E-01  0.24489731E-08
  0.95700000E-01  0.15510917E-08
  0.95750000E-01  0.76986194E-09
  0.95800000E-01 -0.10595775E-08
  0.95850000E-01 -0.40834381E-08
  0.95900000E-01 -0.26563270E-08
  0.95950000E-01  0.39095509E-08
  0.96000000E-01 -0.32600057E-08
  0.96050000E-01  0.38963491E-08
  0.96100000E-01 -0.38182314E-08
  0.96150000E-01 -0.13432267E-08
  0.96200000E-01  0.18849015E-09
  0.96250000E-01  0.47754878E-08
  0.96300000E-01  0.21260458E-08
  0.96350000E-01  0.36335301E-08
  0.96400000E-01 -0.18724570E-08
  0.96450000E-01 -0.19887447E-08
  0.96500000E-01 -0.99426955E-09
  0.96550000E-01 -0.14648169E-09
  0.96600000E-01 -0.30390094E-08
  0.96650000E-01  0.94369948E-09
  0.96700000E-01 -0.35935184E-08
  0.96750000E-01 -0.46617871E-08
  0.96800000E-01 -0.29501274E-08
  0.96850000E-01 -0.46906220E-08
  0.96900000E-01  0.46757352E-08
  0.96950000E-01 -0.91503948E-09
  0.97000000E-01  0.17179602E-08
  0.97050000E-01  0.20107573E-08
  0.97100000E-01  0.72014034E-09
  0.97150000E-01  0.76887608E-09
  0.97200000E-01 -0.15158916E-08
  0.97250000E-01  0.36351025E-09
  0.97300000E-01  0.37140399E-08
  0.97350000E-01 -0.12246072E-08
  0.97400000E-01 -0.46265662E-09
  0.97450000E-01 -0.42172978E-08
  0.97500000E-01  0.25625765E-08
  0.97550000E-01  0.35963696E-08
  0.97600000E-01 -0.52095652E-09
  0.97650000E-01  0.25992602E-08
  0.97700000E-01 -0.37090287E-08
  0.97750000E-01 -0.29188479E-08
  0.97800000E-01 -0.23707813E-08
  0.97850000E-01 -0.27931449E-08
  0.97900000E-01  0.15697598E-09
  0.97950000E-01 -0.71371049E-09
  0.98000000E-01  0.32029659E-08
  0.98050000E-01  0.30906904E-08
  0.98100000E-01 -0.10546592E-08
  0.98150000E-01  0.26209575E-08
  0.98200000E-01 -0.95864773E-09
  0.98250000E-01 -0.48058907E-08
  0.98300000E-01 -0.18184325E-08
  0.98350000E-01  0.26238322E-08
  0.98400000E-01  0.36507541E-08
  0.98450000E-01 -0.24079385E-08
  0.98500000E-01 -0.42663123E-08
  0.98550000E-01 -0.46294958E-08
  0.98600000E-01 -0.18023413E-08
  0.98650000E-01  0.35505044E-08
  0.98700000E-01 -0.24630645E-08
  0.98750000E-01  0.34169078E-09
  0.98800000E-01  0.45514297E-08
  0.98850000E-01  0.38625050E-08
  0.98900000E-01  0.43352288E-08
  0.98950000E-01 -0.44636938E-08
  0.99000000E-01 -0.11453429E-08
  0.99050000E-01  0.20746464E-08
  0.99100000E-01 -0.21132559E-09
  0.99150000E-01  0.44381207E-08
  0.99200000E-01  0.33564562E-08
  0.99250000E-01 -0.14909413E-08
  0.99300000E-01 -0.28769419E-08
  0.99350000E-01 -0.43508556E-08
  0.99400000E-01  0.45716494E-08
  0.99450000E-01 -0.23766631E-08
  0.99500000E-01  0.42916733E-08
  0.99550000E-01 -0.31494926E-08
  0.99600000E-01 -0.42792780E-08
  0.99650000E-01 -0.30882648E-08
  0.99700000E-01 -0.10997859E-08
  0.99750000E-01  0.15354693E-08
  0.99800000E-01 -0.34569083E-08
  0.99850000E-01 -0.13172939E-08
  0.99900000E-01 -0.35641372E-09
  0.99950000E-01 -0.46839563E-08
  0.10000000       0.0000000    
